174.226953 85.825850 4.205927 4.877393 -104700.720936
172.234132 90.234115 3.672791 1.348146 -104698.765069
166.418578 93.264556 2.395494 2.667436 -104779.416122
171.712467 86.873894 7.937993 2.291105 -104724.538217
172.421836 90.948214 3.347569 4.025459 -104565.269329
178.136599 91.253488 3.730784 5.985579 -104735.973938
176.329951 98.360784 1.868187 3.588756 -104771.392672
171.656235 87.822254 4.007669 3.379063 -104631.321691
170.111546 90.353697 7.417264 4.725183 -104769.557725
171.428080 93.776310 8.237790 1.996875 -104678.844402
176.644803 94.112665 2.783956 3.404190 -104699.399303
170.940835 86.876223 6.087874 1.268380 -104763.351679
170.734106 86.509388 4.030496 5.315114 -104700.704883
172.010777 92.559317 5.109763 2.667385 -104576.981954
175.515877 89.213785 3.621468 6.538574 -104682.140152
168.810845 88.489751 1.704236 3.789747 -104717.369654
175.399825 97.023495 1.029910 2.031354 -104777.974840
175.929001 89.095827 6.325824 1.065412 -104769.021633
175.041605 94.040279 6.353305 1.483117 -104726.000872
172.668036 97.718616 3.340770 4.437876 -104744.154068
170.668354 89.205262 2.283926 3.121416 -104672.325902
168.839398 94.741533 1.108413 5.412103 -104726.046234
174.654528 89.971228 2.378050 3.167261 -104645.296742
172.782325 92.872036 3.646270 4.786860 -104584.291435
176.271174 96.074342 4.800195 4.913283 -104778.863637
175.869051 92.793274 11.140349 1.833723 -104706.713728
173.553837 85.047868 2.288923 4.254799 -104710.691156
173.346651 93.332976 4.230934 3.576792 -104580.849150
170.169812 85.843777 2.433168 1.580273 -104775.965984
176.275726 90.657285 6.354278 5.103445 -104752.087549
164.887747 84.912483 1.247075 7.531361 -104767.271994
171.555528 95.166961 1.228827 5.577707 -104701.933479
175.468283 87.293087 8.811082 2.543788 -104772.590927
171.606457 92.023831 2.127040 1.979676 -104704.719129
167.374876 93.337741 3.307512 2.734486 -104767.135685
171.139332 84.599786 4.642682 3.097866 -104779.812830
167.946352 95.739042 2.787425 4.905952 -104754.266090
176.108306 95.939220 1.298226 9.520067 -104725.966281
171.652360 97.269684 4.239403 1.825557 -104778.378463
173.910510 94.325703 1.944253 2.771257 -104707.158357
174.765465 94.216205 5.480836 4.924891 -104689.838732
172.146435 87.598721 4.120887 2.104745 -104688.686082
173.673700 84.493671 4.227409 3.953382 -104751.655586
169.540698 91.315885 3.105314 2.617020 -104688.522073
168.866592 85.220087 3.640477 4.810147 -104765.403610
170.504432 97.863734 2.586632 2.521814 -104776.350852
170.750522 95.296170 2.297406 7.243714 -104698.561651
174.679978 94.816169 5.357562 3.847131 -104665.772365
178.151113 96.733991 1.964849 2.948888 -104775.696993
172.354199 94.815143 1.130873 9.282989 -104707.098476
172.605947 93.735977 4.391055 3.178027 -104605.144904
168.162547 86.699864 1.628153 2.951048 -104762.906500
172.565474 85.420955 2.445849 8.293062 -104739.071201
169.908109 94.469117 4.791081 4.069209 -104699.609678
174.189566 86.257508 1.380200 1.591812 -104771.635608
178.920076 92.573425 2.028253 1.198491 -104779.706905
167.453926 90.649491 1.266602 3.486249 -104748.619863
171.054922 93.894013 5.680609 4.149085 -104650.891279
177.496782 95.823349 1.104308 2.244556 -104775.825190
174.399290 88.180403 3.541337 7.577266 -104747.671748
