27.793500 119.392101 10.466824 8.639425 -100427.601365
81.676498 95.532860 10.466824 8.639425 -100427.601365
72.096343 115.812778 10.466824 8.639425 -100427.601365
142.139481 10.368823 4.156243 6.537452 -104557.446289
70.336637 191.092636 2.699353 3.381227 -104947.475853
113.168597 189.360075 3.688120 2.647904 -105070.607326
191.330055 108.662688 7.103718 3.460833 -104761.393486
177.804889 112.198138 7.103718 3.460833 -104761.393486
15.383885 184.776046 5.790906 5.187975 -104727.561712
9.243421 193.700583 5.790906 5.187975 -104727.561712
109.600631 133.639721 1.018896 4.772227 -105077.979263
46.097390 78.138309 1.921811 2.220101 -105085.326856
81.643352 146.634773 2.876628 1.674025 -105079.184644
133.933876 34.756782 1.108862 4.916282 -105081.442366
170.299028 27.244131 3.366451 1.666879 -105081.056324
51.176211 30.109968 4.205055 2.869283 -105020.278482
99.978080 130.489239 1.608109 3.219679 -105082.251320
100.037728 110.508891 1.734716 2.503769 -105085.307166
56.740309 168.200520 3.633300 1.478760 -105070.118159
165.482137 5.542628 1.515896 7.845570 -105070.688503
169.693781 94.462167 2.444289 1.009157 -105084.885325
125.412558 110.289561 4.510811 1.229196 -105079.811456
