158.603362 173.038853 3.928016 4.772929 -115458.564820
180.371750 177.244014 4.449127 5.270691 -115330.719044
170.909838 177.498546 9.558432 6.062353 -114517.602732
162.642320 183.924837 1.871376 5.592123 -115320.137453
165.687490 173.651191 2.379392 5.255439 -115180.598535
160.238154 180.050420 1.113793 5.391489 -115412.456085
167.669796 173.016291 5.211979 4.804616 -114985.744310
169.434438 186.586308 5.074707 5.685148 -115177.682804
166.601038 187.789475 5.976174 8.065990 -115403.810797
178.036514 183.112122 6.590012 2.642378 -115464.019068
170.757387 172.982648 2.369283 3.601112 -115349.543125
165.989989 173.760547 4.662754 9.807258 -114846.411476
168.330780 186.029946 4.025129 1.619129 -115496.633074
167.046046 170.193041 2.333399 3.970471 -115413.781171
162.066013 177.471670 9.562489 4.365876 -115130.955208
158.430637 178.761641 1.156008 3.807943 -115497.343984
163.921587 182.996711 5.807605 7.518282 -114943.048557
166.810322 182.648627 6.002540 2.387803 -115299.350851
172.009356 185.734802 10.589172 3.640387 -115462.755793
164.704240 186.006126 6.865919 4.311366 -115391.977427
171.125960 163.256076 1.936844 8.467193 -115449.895904
168.538529 192.492674 1.677009 7.448442 -115470.143440
170.954896 179.919429 5.891710 2.378174 -115250.265931
177.916439 181.767686 7.251834 1.294159 -115530.095942
167.835583 180.192357 7.919877 2.885245 -115011.865720
163.816089 188.993774 2.328284 4.610380 -115510.439455
175.366656 188.018615 1.522947 7.311915 -115356.823864
174.938450 177.874267 10.441934 1.353872 -115480.974304
176.498409 172.268690 6.557209 4.567000 -115362.290412
167.772299 178.509947 3.305212 3.120303 -115216.266751
166.028098 180.395173 6.890457 5.647465 -114604.404794
176.866338 168.186122 1.989919 4.835704 -115487.843095
165.545676 178.933261 4.521351 4.107215 -114969.635073
172.794929 169.470940 3.532553 3.449700 -115445.709750
169.370642 169.792338 5.277492 5.538391 -115215.665798
180.421755 177.941275 6.605947 4.994984 -115422.265188
172.429869 178.837313 4.418512 7.168201 -114603.424418
176.805159 184.352907 5.525334 6.772014 -115153.848353
158.937455 174.220442 4.575792 5.913014 -115346.747302
162.341235 173.258057 8.887795 4.740244 -115376.576511
179.564417 179.427739 4.668584 7.030871 -115148.805756
171.421120 165.094325 3.520099 6.644256 -115488.449470
178.473438 176.489059 3.780390 5.505775 -115206.034592
162.162488 188.818160 1.115995 7.228779 -115452.287949
171.411951 185.874919 6.618572 7.190127 -115121.007313
161.867450 184.692510 2.100938 3.830019 -115452.606798
163.602131 176.148564 3.856896 7.866869 -114822.621552
161.512063 178.872630 7.183208 5.505522 -115047.295501
173.825719 185.430851 5.802371 6.956280 -115080.175676
162.973503 174.516961 3.233887 2.803274 -115396.947284
171.129132 185.205089 7.005715 4.763035 -115124.116363
169.723977 184.455244 6.429914 8.311474 -114950.988789
158.842066 179.516289 2.835727 5.825939 -115290.891369
167.370627 176.314668 11.176191 2.776637 -114990.442961
172.143706 175.229448 4.750180 8.353982 -114645.125951
163.649164 173.425350 2.434765 5.897723 -115187.501956
171.357633 184.101779 8.978345 6.636750 -115094.880420
179.458349 180.066673 5.581045 8.225985 -115212.799834
163.925148 177.353105 5.198208 5.725021 -114796.243340
165.046661 165.543589 3.858323 7.063463 -115513.939485
174.453595 176.364504 1.793299 4.891591 -115273.518688
176.959601 188.882024 3.280250 5.419910 -115456.919342
164.085511 173.590037 3.619256 3.084471 -115346.868414
155.829861 178.751813 4.232431 8.058081 -115444.165505
167.024492 174.181968 4.101284 7.704803 -114733.030564
163.116318 180.158453 6.319790 2.492123 -115326.929721
167.340472 184.922288 1.311432 2.202677 -115513.547665
181.391508 182.589981 5.360907 6.015943 -115445.863338
161.662672 174.270068 1.969389 9.470562 -115111.300783
161.108550 175.678050 10.168750 4.600177 -115420.818819
174.832930 175.114978 6.629742 1.841096 -115446.417505
175.425884 183.554803 7.821355 2.776179 -115393.573155
173.417886 166.870625 3.227531 3.651361 -115514.482964
169.499894 183.181491 9.566370 6.988551 -115058.669110
161.871919 177.611209 3.857182 9.634629 -114919.564736
158.778730 178.523425 6.129160 5.820610 -115332.738057
172.482147 179.387568 11.790446 7.266708 -115413.218658
167.495933 190.486812 1.509439 5.831474 -115485.726143
165.394150 179.122779 8.374060 8.919439 -115234.075878
167.492241 170.931577 8.059556 8.257989 -115520.598826
173.133560 179.310375 3.163212 8.192319 -114747.429737
167.279719 181.612157 11.164733 7.246566 -115351.959969
169.319158 182.875940 2.496675 8.353460 -114898.054709
174.571536 178.731178 2.557829 7.484322 -114930.044754
169.259889 173.727228 2.268517 4.203951 -115262.924328
171.337569 172.798968 5.621396 7.043552 -114811.609700
170.461202 189.519141 3.310542 4.317274 -115500.725996
183.504733 185.177688 2.973829 5.247791 -115514.227236
168.006536 175.331737 1.446221 7.268762 -115139.383249
177.462913 189.222554 2.979304 8.402589 -115348.193154
177.194653 171.083030 3.717863 4.895984 -115387.312603
167.625730 170.081355 5.836309 7.309207 -115148.772422
173.177850 172.059428 7.588661 4.795775 -115180.211308
172.531918 185.561907 8.228642 7.412784 -115390.295318
174.311351 184.897862 4.031306 4.403718 -115258.241629
155.115547 181.267767 3.703576 9.363903 -115456.532876
172.289658 177.359723 2.411801 4.627520 -115149.350928
159.304534 177.523521 4.033673 7.803796 -115133.430648
175.188600 179.500875 1.821179 8.405960 -115051.467976
173.082926 181.910975 6.159611 6.310877 -114710.958388
160.990209 176.311151 6.014995 1.389784 -115521.623650
170.516680 176.887209 5.739041 6.313077 -114501.194860
162.979154 176.412446 5.655909 5.787219 -114887.043885
180.441227 174.524930 1.428309 4.704870 -115473.399147
173.344138 185.758273 2.313245 7.503499 -115140.890871
160.969680 174.194935 7.602013 5.107956 -115345.643477
175.377307 176.134943 1.135929 4.771436 -115393.396650
184.599071 181.367930 3.677662 9.282022 -115448.591502
165.504212 176.228230 4.018870 6.785127 -114742.348636
174.137561 186.328749 3.137666 6.895339 -115161.554421
161.110077 184.060400 2.954012 3.672869 -115435.793213
176.163907 165.796950 2.617507 5.213291 -115526.511794
180.182406 175.084365 5.502644 5.331151 -115405.418490
171.324618 188.719056 2.389576 6.344379 -115345.249340
163.157709 183.233841 6.442451 4.271674 -115198.891933
155.549508 175.503637 2.472541 5.112534 -115499.278235
175.555791 175.986409 2.210173 1.601753 -115518.559530
168.316711 173.682623 2.788123 2.764140 -115380.232981
162.205273 185.035326 2.552804 9.426575 -115121.478042
159.093559 181.321761 5.298662 7.016157 -115277.253477
171.109544 167.986436 4.142583 6.527119 -115305.963273
163.468245 177.982587 6.037234 5.535011 -114807.620128
168.866016 186.788700 7.780240 2.975171 -115448.782692
157.791054 182.812537 3.225709 3.804698 -115488.772804
160.854026 175.808384 7.258407 1.272142 -115533.904526
163.076615 179.629745 2.018653 5.313858 -115216.140038
151.477663 179.331064 1.082932 6.643494 -115527.352735
158.180194 174.997251 2.407757 5.796980 -115377.587263
156.151493 176.582816 4.373939 8.221336 -115452.445074
168.890857 182.873890 5.728973 9.785303 -114881.653914
170.783685 180.258488 4.570049 3.414904 -115088.870320
173.721788 171.022371 8.581091 1.660054 -115527.358433
166.408194 167.772168 4.744115 5.933146 -115417.819475
185.668313 177.512377 2.975118 7.894385 -115467.204208
173.017625 162.927741 1.038829 6.116650 -115529.951063
163.906078 187.591822 4.881689 7.760123 -115350.410096
154.603911 175.919519 1.557132 5.125825 -115518.802692
172.758048 175.186666 4.411795 6.238160 -114781.686006
176.578858 178.565887 8.145398 2.929078 -115290.558098
172.627523 189.099511 2.841613 6.213186 -115369.069625
167.268517 173.792530 6.370661 6.911364 -114722.432155
167.932447 175.016484 4.409854 3.398881 -115135.320310
159.979979 173.613019 6.205239 3.914086 -115459.562134
172.955221 180.461674 2.184284 6.096774 -115063.148531
159.869002 180.586481 2.160718 5.325021 -115328.215478
162.615381 186.627027 3.887241 2.805205 -115528.204023
156.734970 177.925653 1.482798 7.260884 -115387.102525
178.106067 171.355107 2.765314 6.520158 -115318.483670
171.585072 171.305419 4.807612 3.344918 -115350.033834
167.976845 185.274457 6.644067 7.346161 -115048.165928
153.897330 182.874617 2.719079 8.603339 -115460.109924
178.176253 168.429471 1.208425 3.948273 -115534.075178
171.084882 177.317017 2.841325 6.895117 -114820.984068
178.553402 180.437522 3.962637 6.005803 -115143.754774
171.108649 181.729876 5.400047 1.274453 -115477.153630
170.854500 176.893623 8.934441 2.815446 -115061.274323
154.502005 179.579927 3.210426 6.653571 -115483.944594
161.719258 180.564851 1.663514 1.770506 -115527.554783
165.277753 170.278055 2.656206 4.808498 -115355.391714
165.039904 184.156392 7.532204 3.995849 -115204.723291
178.244989 176.902455 5.688748 3.254901 -115368.925618
154.850652 180.447915 2.078204 8.590153 -115378.628292
164.301912 190.756496 1.343783 6.607525 -115488.540241
169.061020 191.674058 2.191853 7.189946 -115448.041092
174.387476 176.922703 10.575442 4.381177 -114995.041946
164.972025 174.572514 8.064527 2.809190 -115180.842601
158.886232 170.850425 4.903609 7.709479 -115527.036991
163.767260 169.659478 4.385211 8.697757 -115226.345245
162.548247 179.528978 2.743539 4.540937 -115217.722773
160.076819 176.600984 2.720077 3.516485 -115414.363034
173.712456 176.827059 1.523164 9.094279 -115069.835510
175.062640 174.200596 5.460302 7.077177 -114900.484880
179.211071 175.933691 4.893959 7.035937 -115175.525647
179.069042 173.261078 1.881782 5.042893 -115423.245238
155.750576 182.058598 1.347223 4.454809 -115518.883195
174.064071 183.866465 6.278089 3.250163 -115296.306334
167.625097 173.195331 3.548414 7.969335 -114819.160532
157.542947 172.752270 2.457484 7.204894 -115381.015410
157.250826 178.062832 4.785698 4.948989 -115441.800959
169.796225 176.362643 4.287527 6.162030 -114662.231096
161.099751 179.230913 2.391453 4.495631 -115309.640281
156.929929 179.652952 1.007068 7.543327 -115418.814529
178.601112 174.235310 7.860376 4.796488 -115479.802765
174.917443 185.834893 6.514183 4.677376 -115323.229068
165.924230 178.797699 6.446517 2.316772 -115236.481103
166.694293 188.844435 2.007283 6.454950 -115383.125204
177.885012 182.663153 1.789746 8.238625 -115189.599714
165.707756 171.033803 5.906486 3.485291 -115358.508519
159.719476 184.011273 4.367315 3.345685 -115481.193489
161.674375 188.893480 3.517578 6.081013 -115509.040315
157.962074 184.595406 4.754718 4.975850 -115526.378241
170.453991 175.402805 4.331816 5.378900 -114804.625866
167.310177 186.563276 5.320848 3.831901 -115363.800349
172.130147 171.828208 6.463610 3.752673 -115259.273532
160.987605 170.826988 5.616891 4.433806 -115515.383167
180.146051 182.218314 1.889937 7.773097 -115267.666024
155.225921 173.783313 1.954798 5.438749 -115511.818368
174.833023 187.211532 6.944767 7.141063 -115505.012054
153.403199 172.051248 1.071661 6.706395 -115527.410892
182.950207 178.956393 2.522101 4.147661 -115490.776600
162.217607 182.355382 1.161854 3.075127 -115494.696685
169.103742 178.678087 6.123635 3.050830 -115027.763905
167.849732 170.273157 6.304468 2.033926 -115510.284615
159.429514 175.800622 7.032849 2.693628 -115494.002092
172.737042 169.526446 3.128564 2.290641 -115510.995532
178.010897 178.653636 6.046344 4.705107 -115187.058621
172.940657 176.649966 6.448542 2.579574 -115258.810530
162.441859 173.803808 5.889391 7.362857 -115072.454470
166.226322 183.667584 8.288229 4.467277 -115033.969328
176.586310 184.760462 5.519545 2.967315 -115440.819113
167.456707 190.063871 2.391707 7.825007 -115345.036192
171.907842 175.915510 1.446694 7.711381 -115121.335965
169.956045 186.700259 7.063623 3.983927 -115369.231305
173.637354 181.246108 6.011956 5.161816 -114821.289717
175.701181 184.721085 2.778636 5.472379 -115249.800688
175.318792 174.461962 1.275981 5.368774 -115358.739710
176.334589 175.649918 5.041032 6.289021 -114965.200687
173.436527 169.291741 6.290845 4.074925 -115453.855875
159.526884 183.347702 2.308799 8.012433 -115240.037622
173.695542 174.820716 5.469678 2.587926 -115344.085632
158.718982 170.625544 2.360028 4.767381 -115504.422788
167.532229 167.702081 1.229094 5.772604 -115449.120794
161.687832 180.418135 7.075670 6.839907 -115080.269331
172.256669 186.958831 1.462029 2.495239 -115529.166447
164.787267 166.208613 3.285716 7.813646 -115405.464374
166.065674 183.990809 4.715066 6.075418 -114944.905885
164.298805 191.503525 2.804886 8.626418 -115432.580102
164.013198 183.367094 1.250672 2.731612 -115500.494173
170.318206 171.209000 4.031581 2.852150 -115415.241045
169.364790 171.884680 4.200476 2.767676 -115389.503671
169.672376 183.486483 5.178324 4.998259 -114916.398610
164.323950 176.437982 8.428788 3.364247 -115021.495053
171.507136 180.320782 9.375599 4.889079 -114612.438618
171.966199 170.265984 7.636358 6.858718 -115358.977948
166.345997 184.427807 4.952071 6.541759 -114937.345637
171.514342 178.961133 5.986598 7.960485 -114501.772109
169.042820 180.534360 6.850190 4.994929 -114583.728160
160.703135 187.240595 2.908286 6.321191 -115419.201529
173.821226 183.298951 2.588279 3.819045 -115326.324024
169.093986 189.999759 1.322351 6.561060 -115443.829916
168.804750 177.939885 4.791111 7.429824 -114492.805879
164.514326 175.718857 8.205897 4.669571 -114854.139740
165.467866 184.874570 6.761702 1.398490 -115520.477455
156.558582 177.322408 4.095269 4.459157 -115489.911862
177.468305 186.419888 4.443344 3.967663 -115445.848287
177.670166 173.515521 4.347278 6.628038 -115164.043526
183.070932 178.889544 3.590386 3.604820 -115514.669255
169.535754 166.439207 4.246712 5.798656 -115466.436961
175.626624 178.469992 1.830456 6.026167 -115194.675747
182.453776 182.116161 2.089177 5.302867 -115447.838269
164.924744 181.046694 3.994060 5.300386 -114928.345438
183.681325 185.557838 1.012118 8.166008 -115454.818914
173.109692 173.186442 1.543280 6.940777 -115211.353616
164.810203 172.914491 1.156189 8.194455 -115257.376541
176.252991 174.144422 5.232926 3.691794 -115311.134817
173.209083 170.862827 7.309294 2.978733 -115438.528755
169.662035 172.530000 11.814756 1.758089 -115476.083450
167.081895 189.641326 1.188158 9.788849 -115331.348263
165.003278 174.340380 5.191244 8.621889 -114813.148903
166.342563 186.317447 4.010172 5.950181 -115187.851772
164.920979 177.415813 4.286733 5.987433 -114775.196366
161.828773 183.391743 3.459947 3.005044 -115436.841255
160.913772 183.872167 5.120275 7.388637 -115232.045339
177.273473 169.791491 1.326424 3.409348 -115525.554337
158.807399 170.949579 3.425169 5.617847 -115470.647113
175.987535 174.088744 1.690383 3.912138 -115422.766077
174.963764 174.540788 4.847956 5.043525 -115055.853018
173.370199 172.097042 1.825955 3.449070 -115441.893804
172.719718 177.502311 3.794200 5.163389 -114901.284843
163.349000 167.341132 2.688549 5.332192 -115484.818412
160.416019 181.300699 6.433308 5.425810 -115233.407040
161.567929 177.313373 10.491366 3.331090 -115307.808676
175.831209 181.564835 4.494154 6.097230 -114950.401285
168.131641 183.880746 5.589527 7.861463 -114799.065540
185.398568 175.676567 1.621970 8.643659 -115419.160536
158.605553 173.377250 3.877470 4.581166 -115456.830886
158.229185 185.824922 2.884158 7.088279 -115408.389092
164.417568 173.814001 9.343017 5.778823 -115127.441128
169.468000 179.021561 6.151864 6.887160 -114417.185919
173.135717 170.753700 1.838329 3.998971 -115431.159896
160.931188 189.302454 1.918454 5.191862 -115528.201650
162.533876 183.126742 4.858404 5.252236 -115144.171146
163.434284 181.800114 9.590975 5.769585 -115136.148455
171.324330 180.875680 3.643098 4.871135 -114946.938848
168.039309 177.756875 6.709839 4.545580 -114627.839059
175.417622 177.651483 7.794533 2.639227 -115287.695176
171.953454 173.171074 6.155321 4.123263 -115092.456985
169.802701 165.584965 3.038377 4.600535 -115519.454748
173.984274 184.731803 3.872648 8.831720 -114934.240528
164.404377 183.509988 6.491946 4.344911 -115129.461948
173.516585 183.076022 7.531565 7.451033 -114964.894154
178.177741 181.085876 8.386887 2.314374 -115463.280263
159.262518 183.619469 4.147347 8.012177 -115270.948492
163.019244 173.750892 2.813379 5.800271 -115168.320483
159.397396 175.667615 6.259270 6.010391 -115330.234875
168.925450 184.296557 4.923671 4.629837 -115053.858165
162.538881 174.277872 11.734033 3.268742 -115425.254967
164.108172 175.385869 4.082745 7.420726 -114817.374535
164.869109 171.150150 1.678987 4.738785 -115395.974027
174.445401 180.153883 1.975220 9.236623 -114975.877483
172.946724 172.601706 6.023669 2.925829 -115347.845315
172.983150 185.674396 4.735384 4.343722 -115262.783710
171.904647 182.132490 10.956513 3.715257 -114993.007530
162.394157 175.249197 4.958687 4.411349 -115148.464946
176.854919 182.341465 2.234868 7.970462 -115096.972405
184.415347 181.005650 2.932731 9.051062 -115368.150197
177.751817 177.756924 4.387971 2.998514 -115377.800354
173.368759 180.386457 2.251064 5.821631 -115083.999069
162.742957 172.763222 3.509761 6.825199 -115104.081398
157.207544 178.134896 5.323411 3.249619 -115516.431222
164.852602 174.834008 5.984988 4.864577 -114903.907241
169.606228 172.833854 5.155290 6.491782 -114809.053275
171.916443 164.919692 3.597710 6.758497 -115505.004566
174.699204 177.795432 8.612686 2.432532 -115293.994061
186.886285 177.926136 2.611418 9.429796 -115449.738572
168.357996 175.688726 2.166752 2.442182 -115418.156727
173.957604 177.373608 1.081555 4.128303 -115410.395673
160.927465 177.144073 5.564868 4.162413 -115217.619030
180.975607 184.157026 1.712716 6.737176 -115385.609543
165.206079 171.570261 7.654903 7.195791 -115286.640476
171.533700 185.921665 1.367050 4.234714 -115435.448460
168.827674 176.685151 8.633129 6.758157 -114519.477695
161.674491 176.344955 5.217622 4.092565 -115191.423667
163.035540 180.919188 6.564030 3.663045 -115142.031791
159.172999 173.403682 6.023121 5.156016 -115476.630071
170.103745 189.874761 1.588833 9.946907 -115271.795167
165.775132 180.806478 1.550455 6.765801 -115155.652899
175.970292 173.333290 3.439860 2.380329 -115479.671500
173.178663 190.431787 3.243164 5.516813 -115489.223426
166.849372 170.137549 4.026108 6.998696 -115103.230587
167.060684 180.906730 5.087069 1.777245 -115396.019091
160.860547 183.079962 6.862593 4.575967 -115358.578358
173.845372 182.426693 10.471306 4.319677 -115094.529437
162.017270 174.646747 5.895941 5.273387 -115115.580804
172.608115 184.987860 4.336122 4.212274 -115231.774821
174.112925 168.427015 2.483931 6.745546 -115323.724053
182.814750 172.858650 2.407623 7.785077 -115402.370535
176.212021 179.234867 5.171913 7.460355 -114823.237618
181.454485 182.505075 1.783309 5.406398 -115432.534989
159.745721 174.184980 2.288166 3.628353 -115465.707673
181.923455 179.028464 4.921401 4.050189 -115481.724365
175.202521 189.061021 2.955406 4.537747 -115479.065770
159.551348 181.488239 2.254763 3.739860 -115441.745827
166.392583 185.227187 5.971593 6.836304 -115040.618642
177.815017 177.900696 6.702398 3.958178 -115257.893607
171.133925 170.578516 5.711399 7.380111 -115070.094425
163.427803 165.254097 1.636821 7.081701 -115471.910298
170.748091 169.661371 3.637322 6.519365 -115161.982536
161.899888 176.790485 1.366163 7.068041 -115261.119302
181.363841 180.149339 3.735219 2.530974 -115522.180467
170.024977 177.037409 6.220408 3.969007 -114822.361579
160.704396 174.792492 2.267073 8.047016 -115155.389007
175.328725 178.298992 4.476033 7.932275 -114748.904038
171.511191 175.098311 3.554438 5.172121 -114961.871752
173.262637 184.014265 5.520695 4.717335 -115076.010015
169.922241 176.176808 3.691659 5.270552 -114858.062525
173.633162 186.350574 3.244010 5.825569 -115225.975976
165.568589 172.599898 8.640498 4.015762 -115183.789007
161.484963 169.650907 2.778807 4.678949 -115472.585367
172.432890 167.650715 5.430639 3.619855 -115525.769134
164.831877 169.291920 6.077768 3.272470 -115527.499481
177.780821 179.987774 7.103564 1.522695 -115486.197888
154.676576 176.909086 2.516674 9.589691 -115365.010830
174.115244 167.558834 3.574540 8.301139 -115309.377749
156.556189 182.925901 2.650658 5.078410 -115476.009655
165.077222 180.882909 2.182062 4.361609 -115239.159985
172.645522 177.966299 9.347337 7.803850 -114980.066199
164.054936 166.406071 1.762847 8.238589 -115378.115572
178.666859 178.409589 4.547404 6.399640 -115101.221598
161.889391 176.731544 8.259000 4.873037 -115099.486301
163.623051 173.008086 7.508620 1.098199 -115521.124719
169.398866 171.584501 1.154044 8.170700 -115254.771630
159.531185 183.737084 2.804095 9.413234 -115183.274130
162.944848 182.407567 7.914981 4.721919 -115130.099557
163.252455 167.007737 2.095001 6.107775 -115459.518967
175.537345 176.619732 8.607613 5.031185 -115003.977879
160.388354 181.823313 4.349216 2.364651 -115467.666997
167.404454 180.281709 3.372671 4.181908 -115053.498219
160.171843 168.453694 2.846725 6.953630 -115442.517821
182.030447 179.794240 4.716032 3.187257 -115515.213524
178.963739 184.989370 3.957172 3.600960 -115458.530754
164.190325 171.618074 4.784382 6.979012 -115079.186046
174.873160 175.005454 2.835868 3.606236 -115333.411229
156.043652 179.280002 4.573561 8.146056 -115469.879484
180.605352 182.123607 1.639137 8.206450 -115288.534931
167.661808 179.922109 5.731272 7.218047 -114487.589927
172.150255 171.808484 2.207018 3.260260 -115431.028398
159.816227 172.309632 3.481267 4.460290 -115442.871067
170.138403 162.462253 1.719148 6.799617 -115517.357783
175.116298 186.539217 3.857523 4.336446 -115376.099727
154.455886 178.851867 1.443949 4.391022 -115530.612811
161.861248 170.635181 2.931110 7.787063 -115230.171580
164.412870 173.688072 1.207062 5.692845 -115343.193280
