30.363680 153.875871 5.224760 2.286114 -101811.645924
31.563857 149.746814 3.206513 4.943629 -101814.697296
32.920381 155.410066 6.162619 3.877710 -101751.007206
27.072038 156.086930 4.333869 4.578343 -101903.668156
33.226616 158.251297 2.827519 7.732175 -101915.255272
34.678288 151.102469 3.281682 6.140156 -101852.565291
26.245429 147.260228 1.329297 6.127086 -101916.056436
33.066100 151.470432 7.222816 4.446505 -101838.695934
28.005557 149.735608 2.656862 3.166738 -101911.067587
30.821238 154.721022 3.548408 4.470285 -101758.449695
29.624528 148.192434 3.175878 3.439464 -101904.881383
28.278202 153.934739 4.443926 5.740891 -101836.004447
26.753778 154.959052 3.120365 3.237239 -101917.943316
29.552095 156.754578 4.917727 5.365050 -101881.859454
30.984822 151.269164 3.682969 2.257100 -101859.390347
33.411571 154.092450 1.488039 2.566559 -101909.605752
35.330708 153.499060 4.867265 2.763895 -101848.822214
30.404477 151.997279 5.425715 2.176198 -101831.557774
35.585377 151.267341 4.451856 3.312545 -101878.685513
29.888584 151.821888 6.113582 3.180824 -101770.270887
36.907298 153.460895 2.319946 4.846570 -101886.657390
