137.377722 88.516439 8.742680 8.106225 -105041.610810
129.196720 101.439297 8.742680 8.106225 -105041.610810
139.565907 57.122323 8.742680 8.106225 -105041.610810
156.332339 144.850098 5.666562 8.258285 -106814.438650
175.252798 120.231412 5.666562 8.258285 -106814.438650
166.983889 156.167187 5.666562 8.258285 -106814.438650
119.823594 144.169867 7.167707 4.538818 -107819.337999
73.251671 138.113566 6.612258 6.627201 -106638.256691
84.965886 176.766555 8.040083 4.933462 -107798.986813
53.481035 69.014932 5.542097 3.624313 -107947.340252
