51.444871 74.437819 4.041921 2.322642 -108275.039232
52.857757 64.661436 3.657812 3.417941 -108124.687486
54.226175 67.870991 4.600289 1.864482 -108103.284653
55.513429 70.072561 1.211353 2.139376 -108268.290426
51.635004 73.714584 6.697559 3.188434 -108181.633739
56.920935 65.392207 4.723124 2.866018 -108218.510712
54.495621 63.004278 1.810923 6.245501 -108192.469935
47.865521 74.052255 3.396002 3.470555 -108285.065656
50.571968 69.817179 1.132525 5.272419 -108183.912873
50.266441 69.429007 5.276426 1.742825 -108181.724976
52.710739 71.505079 2.866103 3.909678 -108065.520452
49.004337 70.310502 2.779706 8.562834 -108135.720052
56.176292 72.189125 7.211492 2.610166 -108184.411925
56.594314 66.550516 5.582811 1.781548 -108237.600637
51.036821 70.507603 7.809938 4.639595 -107963.982306
52.259861 70.623476 1.974555 1.758788 -108247.797257
50.622660 71.409672 6.258581 1.981389 -108174.516068
58.234072 66.562733 2.172158 2.046327 -108301.323938
56.169415 68.239893 1.754318 6.668919 -108128.136271
51.758185 75.184697 3.024401 2.361184 -108296.010234
55.982047 61.237691 2.808833 4.927764 -108287.095843
56.621235 69.177209 1.685069 1.964039 -108270.862200
50.442547 76.180079 5.029521 6.225606 -108312.758116
53.553270 70.672958 6.387659 2.401060 -107981.548497
54.268028 71.250478 5.542097 3.624313 -107947.340252
59.539126 66.311218 2.087038 2.786561 -108308.767108
55.312366 65.654096 1.640578 6.872049 -108151.132358
53.520854 64.150765 5.187964 1.285861 -108295.483493
51.346138 61.262911 3.330302 6.415218 -108256.872800
