101.692527 106.150938 4.601090 3.498510 -100591.318713
98.395801 106.373862 5.657376 2.630651 -100585.273151
101.685650 106.158895 4.600026 3.505110 -100591.290581
101.663377 106.147609 4.586335 3.499462 -100590.601017
101.679301 106.172974 4.589869 3.515414 -100591.621367
101.686864 106.136556 4.602720 3.517866 -100590.938451
100.983861 105.306411 4.759234 3.372363 -100559.414269
101.670352 106.135353 4.611558 3.492621 -100590.013726
99.238061 105.735777 4.251634 4.114831 -100582.665664
101.671039 106.150685 4.597634 3.492446 -100590.627568
101.677396 106.160726 4.597799 3.492137 -100591.024753
98.275099 105.108606 6.186667 3.378994 -100561.458643
101.666113 106.153486 4.578367 3.493322 -100590.950234
99.369781 105.098650 4.418240 3.032050 -100570.706544
101.679220 106.178451 4.597327 3.494359 -100591.443163
100.901000 106.540064 4.531434 2.907499 -100586.689028
101.670325 106.150909 4.600496 3.515379 -100590.672943
101.677825 106.173327 4.606252 3.498052 -100591.120318
101.669342 106.145402 4.596474 3.497181 -100590.522984
101.677228 106.156007 4.607167 3.510879 -100590.827652
101.671312 106.158544 4.597263 3.504560 -100590.855035
101.651435 106.149887 4.589702 3.515583 -100590.259310
101.672039 106.152024 4.595866 3.504273 -100590.787907
101.674738 106.161278 4.596215 3.504513 -100591.044879
101.513390 104.947654 5.361488 3.001870 -100564.734542
101.668753 106.163039 4.606881 3.491322 -100590.568663
101.691616 106.175109 4.588333 3.501816 -100592.038258
101.673117 106.155785 4.599354 3.498630 -100590.786120
101.668593 106.148370 4.596487 3.520777 -100590.689730
100.976682 105.601881 4.534896 3.157609 -100567.627606
101.676394 106.161211 4.608543 3.499622 -100590.801127
99.389022 106.636602 4.813367 4.160176 -100592.577460
101.658719 106.158225 4.605508 3.501087 -100590.222301
101.633108 104.401061 6.170934 3.119723 -100567.787692
101.165503 104.032067 6.017538 3.519822 -100571.153222
101.665135 106.137656 4.592744 3.493846 -100590.305794
101.683128 106.145783 4.593346 3.535296 -100591.299220
101.679802 106.150118 4.595188 3.499517 -100591.005214
101.676545 106.165406 4.593079 3.483465 -100591.148653
98.685540 105.836111 4.175484 3.260070 -100589.469682
101.676971 106.146240 4.598540 3.510769 -100590.826753
99.786612 106.288757 4.711392 3.310967 -100561.179537
101.687684 106.158057 4.617893 3.506683 -100590.963841
101.680456 106.158950 4.608599 3.504026 -100590.920583
101.666816 106.153716 4.595632 3.502030 -100590.635608
101.678046 106.153604 4.566812 3.525196 -100591.783826
101.669241 106.156855 4.599043 3.493995 -100590.657508
101.666873 106.145009 4.587111 3.495305 -100590.632478
99.260042 105.443288 4.401750 4.414558 -100588.990385
101.666937 106.149720 4.608820 3.502592 -100590.276971
