91.802034 189.177180 2.003405 3.032832 -101660.125864
95.653494 188.366269 1.487271 3.889773 -101705.767014
92.736204 188.773101 1.192437 8.405921 -101708.542467
92.374585 189.721363 4.932989 3.741305 -101636.690758
93.822053 193.185677 2.562296 2.363568 -101717.016696
92.532578 187.697237 6.592605 3.156997 -101685.616396
86.847682 190.092627 3.087304 2.801505 -101709.149666
90.026743 187.446744 2.052755 2.165626 -101700.591972
89.539500 190.722512 4.986970 1.862191 -101651.742995
91.427156 188.578638 3.399881 1.969221 -101656.586632
88.703406 188.204905 3.166639 3.777574 -101672.707380
89.861082 186.967160 1.351774 6.763184 -101703.535419
95.780490 191.625374 2.091472 3.248560 -101707.700051
88.565390 191.429358 4.549299 1.212921 -101717.272209
90.527425 186.524726 2.263376 4.927515 -101692.411625
93.044697 187.999770 6.277192 2.473808 -101661.428145
90.108557 185.843981 3.091367 4.769017 -101722.007334
95.681180 192.121598 2.652118 2.529164 -101720.465476
91.118885 192.796601 2.693693 4.591060 -101659.976375
89.899126 187.864462 3.965414 5.040563 -101717.359336
89.868715 188.333277 1.606804 2.933890 -101685.504376
93.864232 195.756491 2.553927 5.489795 -101711.230906
92.458977 188.600443 2.327997 3.575353 -101655.105774
86.208780 186.915257 1.445313 4.685333 -101719.131961
90.101546 190.479576 3.609518 3.346199 -101626.383427
91.389642 188.754345 1.742793 4.074170 -101664.215175
91.553364 191.482996 6.914097 2.047718 -101632.599230
89.761779 193.399924 1.821980 4.301424 -101678.768698
92.543362 187.834024 3.797915 1.653871 -101689.358407
87.861804 191.933588 4.701467 3.413498 -101695.403647
91.041694 190.214598 2.976790 5.087218 -101656.649147
92.942882 189.702289 4.866689 3.564708 -101639.357563
90.810838 191.861021 3.197617 3.324270 -101641.173811
90.644670 191.129532 2.945638 3.524614 -101635.368359
94.231488 189.274397 3.961004 2.227597 -101679.291625
90.667854 192.411046 4.179511 2.983066 -101649.242546
93.092024 191.679275 4.010717 3.313066 -101652.421090
93.269589 187.318837 4.905171 2.981471 -101680.849457
91.579726 184.458656 1.939028 4.633840 -101723.968380
91.546347 188.281153 2.316776 2.983900 -101659.578109
87.853827 191.535694 2.288717 3.644271 -101680.613919
89.512305 192.361769 2.602145 3.943009 -101660.100903
87.893094 190.521575 1.779810 3.945738 -101682.723517
91.356407 189.566721 2.184550 2.385344 -101662.946358
92.572473 191.576772 6.784331 2.626255 -101652.897124
89.543741 195.421962 2.061274 2.904097 -101717.409095
92.209342 187.554658 2.465720 1.633951 -101706.220906
92.639235 191.133670 4.601516 4.726316 -101693.562341
89.604256 195.000746 3.965539 2.908058 -101719.712700
90.979518 196.815351 1.887027 4.822794 -101708.211469
86.747029 189.249169 1.896571 3.834231 -101701.553258
89.401069 190.680233 5.087176 2.229791 -101641.831795
91.247110 185.862309 1.115915 5.185841 -101706.352004
92.371809 193.013015 2.243608 2.767049 -101692.336111
89.953119 189.161195 3.064791 4.328459 -101648.466769
89.513289 190.121232 2.481861 2.869611 -101658.153601
89.102827 188.646698 3.668091 2.557932 -101664.773186
91.748721 193.216567 2.790351 3.051360 -101679.094636
95.901860 187.914024 1.356448 4.956901 -101707.895203
88.958194 187.163185 3.943975 3.122783 -101693.294241
90.772101 191.953279 2.541124 5.107598 -101658.891281
96.747505 188.116025 2.065360 3.407178 -101723.817659
92.455996 195.482463 2.700874 3.950739 -101711.292640
90.830517 189.327093 1.790486 6.064121 -101677.287519
93.257844 188.506141 7.904426 1.437146 -101683.587877
91.176862 187.631535 3.848917 3.688711 -101654.732743
94.550369 190.645409 1.505441 2.091928 -101715.133644
88.342945 190.958330 3.764333 2.466468 -101677.257014
93.387373 185.712751 3.455277 2.524587 -101719.223441
94.919649 193.541903 1.406870 9.308333 -101716.752550
94.115346 190.442821 4.023725 3.131194 -101661.262285
93.821778 187.781280 1.764799 3.013259 -101693.746572
92.970762 191.714634 1.952831 3.864218 -101668.014614
93.290818 185.506355 2.755482 3.213754 -101713.607863
95.592701 194.402463 1.193159 5.622356 -101706.302662
94.594782 187.530335 2.590846 2.227261 -101712.381859
93.101679 190.110508 4.386044 1.498721 -101677.729322
89.478711 186.535404 4.202746 3.950411 -101717.759279
90.612249 186.433830 2.409997 4.614443 -101690.993174
92.947373 192.137555 2.818791 2.660592 -101677.977045
88.178715 194.446777 2.300394 7.134750 -101720.139836
92.250067 189.636507 3.271536 2.685363 -101633.823338
87.916320 187.622244 2.362780 3.177542 -101701.168688
91.132344 193.050881 5.611349 1.735378 -101706.165994
88.598389 186.752021 1.341185 7.735190 -101716.799546
93.485110 191.048056 2.303382 1.397185 -101717.656034
96.037885 190.985932 2.450436 2.948529 -101711.161606
91.198906 188.171954 1.929933 6.047033 -101685.502707
91.269040 193.359421 2.350487 2.610062 -101694.842503
90.964459 195.936655 1.596655 3.662610 -101714.536819
89.873665 196.304350 2.803300 5.817565 -101715.720033
88.608456 193.648524 3.822799 1.934847 -101718.006472
88.640439 192.447907 2.677685 1.564222 -101719.252434
89.472189 186.313643 3.310482 2.270127 -101716.238082
87.619774 188.497364 4.463360 2.338505 -101714.788711
95.838846 191.886946 3.054629 2.489590 -101721.741788
88.799448 189.180657 4.076971 4.894831 -101707.784700
92.945733 186.798719 2.520094 2.976148 -101687.929197
89.252208 186.575218 1.534897 3.941585 -101700.173117
94.225108 190.513166 5.543377 3.152732 -101679.775714
90.368183 189.422931 2.203730 5.068113 -101660.069044
89.543194 192.458795 2.785745 3.607617 -101660.756575
94.284689 191.952432 2.576484 2.042514 -101713.414701
86.438946 192.456467 2.152279 3.802378 -101707.270146
91.893045 196.446806 1.616248 3.875083 -101718.161832
94.100754 187.195349 3.068653 3.267689 -101691.003153
87.716393 188.694998 1.480826 5.056471 -101692.663591
97.120742 191.936544 2.276868 4.042091 -101720.531943
