178.023062 60.366454 5.178574 8.505485 -107630.000646
181.569504 59.117294 10.560230 4.101659 -107648.950081
179.431144 60.698240 5.474939 5.329242 -107520.825024
181.809244 66.648985 4.972213 6.399041 -107498.082362
179.812101 66.613920 7.533014 5.726492 -107535.880028
179.113441 61.991180 6.210661 5.064453 -107483.138059
182.045310 65.206043 5.974888 8.658145 -107567.802988
179.718505 62.787762 4.775076 5.304712 -107516.142396
185.203212 60.631782 5.995346 4.427679 -107660.548044
180.467401 63.715835 3.510230 5.720299 -107602.034774
177.105017 60.595356 4.211504 6.238309 -107679.485676
181.620638 60.312089 4.265491 4.930945 -107627.381992
182.809018 61.082230 6.227059 8.147660 -107492.053528
184.418153 64.016024 3.307675 7.798564 -107557.030001
177.982531 59.201092 4.893061 6.070360 -107657.842013
186.184113 58.809868 6.003492 6.336545 -107683.176491
182.884711 65.769253 3.156070 6.373832 -107640.054926
183.762787 59.345716 4.885036 4.713905 -107681.205802
180.598988 59.609890 5.950614 4.108228 -107669.740995
184.357264 63.180837 5.846677 4.077392 -107616.465223
180.491555 62.799384 6.357473 6.188413 -107328.188571
187.357176 63.011950 5.842398 6.227644 -107629.229640
182.047585 57.926602 5.762001 5.025827 -107671.809288
184.298634 63.858655 7.324932 5.382686 -107383.284510
179.512970 67.927960 3.448799 9.026791 -107683.439231
181.663686 61.508264 4.473957 4.922406 -107565.248276
183.955705 63.398314 5.937442 6.933733 -107369.872041
179.512521 59.260594 3.398148 7.741425 -107618.094699
178.856981 59.257377 4.140375 7.879970 -107592.467711
179.161940 65.460339 4.271162 6.766769 -107537.836635
182.634443 59.366507 7.900668 5.108107 -107501.564496
181.421770 63.316669 4.008359 6.523409 -107464.143475
178.210361 59.772841 8.404915 5.853027 -107673.045891
182.807381 64.190888 2.601849 6.541352 -107682.952343
184.193914 60.941606 8.212729 4.782321 -107470.068172
187.913718 62.495956 5.443790 7.366224 -107675.746998
