124.378037 84.861316 7.785085 7.292851 -98908.199449
146.833913 85.714612 7.785085 7.292851 -98908.199449
114.344553 96.740092 7.785085 7.292851 -98908.199449
81.931277 52.350989 4.133652 9.579541 -99640.010981
78.194778 38.875878 4.133652 9.579541 -99640.010981
109.743744 165.565967 4.200013 7.354321 -100106.577369
7.403904 71.324814 3.441987 3.428395 -100432.767151
44.800986 193.178990 4.568258 6.052368 -100343.044905
183.843414 55.228923 4.617099 2.207137 -100440.044722
91.796186 85.407284 1.350191 8.597840 -100494.061024
90.369963 89.771410 1.084804 5.370009 -100498.264522
9.620463 62.071102 1.840985 7.595360 -100484.752758
