195.385773 79.084291 3.807718 3.527373 -104892.706297
194.536721 88.215011 4.948980 5.282803 -104736.012584
195.242968 80.345220 3.058699 3.090767 -104913.740517
192.218140 88.550993 1.786263 6.469593 -104848.971057
193.013071 83.000978 3.381552 7.575327 -104787.263857
190.210845 87.079582 4.707188 6.955553 -104900.720545
192.531542 85.119337 3.149445 6.961707 -104774.844022
194.924251 84.604279 4.930666 7.433852 -104726.885281
193.948799 86.424107 4.247706 3.485769 -104881.463033
199.383770 78.127316 7.039560 6.472764 -104893.407279
197.932948 85.518751 4.695423 4.482522 -104745.654955
195.640509 87.882005 3.819264 3.833275 -104836.301984
196.710565 85.159091 6.335948 5.329741 -104690.867020
197.900430 81.189144 7.121148 5.848027 -104772.454779
193.961266 84.961654 7.554522 3.782913 -104871.596881
193.387779 85.187001 5.646675 5.022686 -104813.730787
191.309054 79.968192 3.025599 6.530182 -104913.500729
194.564334 81.263145 4.715455 5.680507 -104800.487316
197.684816 85.127814 4.565036 4.799154 -104728.194836
194.539050 85.068969 3.334495 7.119034 -104717.384974
192.544940 88.047910 1.238583 9.677659 -104832.595777
195.727441 82.947263 2.633812 3.325702 -104896.313030
196.797655 86.443312 4.791077 5.690861 -104675.640797
194.028051 78.244879 3.647886 4.899995 -104901.821827
195.784189 89.180356 4.084587 7.613225 -104643.934491
197.670202 87.106932 6.801850 4.374243 -104727.040730
199.222833 77.854485 3.579122 4.699283 -104898.227332
197.250960 86.955497 1.718252 7.127141 -104812.262490
193.084447 84.174954 5.324620 3.361770 -104909.405440
198.489068 84.423223 3.424860 8.887409 -104661.415630
199.196387 84.140969 5.390010 7.027342 -104639.010203
197.594639 89.006379 6.432106 3.673608 -104807.647352
197.922393 86.264048 9.581183 6.982573 -104922.093797
194.297676 82.528831 4.647153 5.781786 -104777.660215
190.510380 84.183502 3.861294 8.715724 -104894.043296
193.551351 85.750776 4.871216 6.824133 -104751.848753
195.162243 82.320077 5.446747 5.110491 -104766.087178
194.843964 85.084657 4.014428 3.396417 -104858.373894
196.911719 83.172085 2.964554 8.288622 -104715.715433
196.285460 84.086441 3.049985 5.986681 -104750.244977
190.826987 85.174334 3.133358 9.541649 -104817.938307
198.458350 86.996237 2.283529 4.402070 -104883.639247
198.295311 83.180966 6.192763 7.224064 -104694.105226
196.623129 82.869753 5.162415 3.854248 -104767.939200
197.363023 79.401266 6.223258 7.181749 -104895.064814
196.973213 88.507435 4.176082 3.525176 -104850.003021
197.790902 83.906337 2.276827 4.814124 -104854.379188
197.482723 82.248134 6.337685 3.469725 -104773.619428
195.828595 80.797269 1.244901 5.325317 -104935.260871
198.742137 79.217532 4.763466 4.071606 -104858.490333
194.703524 82.259805 5.247899 5.255705 -104780.010554
196.496812 80.600946 3.603322 5.658343 -104788.735281
191.663817 88.857108 5.237298 5.282690 -104861.032884
193.383696 88.746947 3.363809 6.200219 -104746.865919
193.257234 88.354205 3.800121 6.190486 -104741.547678
196.639239 82.548279 4.227149 4.966320 -104750.248741
199.328421 87.250152 5.496258 5.772671 -104658.602194
193.030444 82.390084 3.253519 6.441802 -104811.364146
188.370492 88.525651 2.632744 5.721606 -104938.663720
195.435669 88.304536 4.543299 6.240031 -104675.514567
197.442467 84.542429 2.855308 6.638782 -104736.092131
196.759283 84.233513 1.339447 4.441576 -104934.747644
195.041414 89.200211 2.464405 3.886117 -104897.191701
195.310898 87.175493 8.884366 4.131219 -104856.606780
191.524668 86.673076 2.721079 5.358726 -104868.469024
196.485989 84.907945 1.906860 4.532168 -104884.883381
194.295282 87.666881 2.185602 5.002516 -104855.431105
198.861327 87.504716 3.507860 6.078180 -104716.963588
196.238684 79.225506 3.625483 5.571265 -104827.771897
197.068478 87.923587 4.262482 4.628972 -104756.776955
196.305885 88.116445 2.961992 6.796589 -104705.554390
193.278909 85.105052 3.919209 6.338786 -104758.555869
194.152339 82.961060 2.674096 4.999117 -104840.878943
197.955552 83.442942 6.909362 5.656753 -104692.159335
198.669494 88.428325 2.070370 4.053282 -104923.202099
192.588314 80.374858 6.079560 4.250165 -104949.139947
193.813059 83.307560 2.309571 5.853905 -104833.810517
195.984477 80.662300 4.551891 6.940540 -104785.274362
195.732674 82.744685 5.731621 5.338294 -104741.954882
194.710913 87.808699 5.679663 3.067573 -104886.652256
197.529975 89.288518 7.270633 4.408246 -104751.465641
193.277652 89.228886 6.882962 4.871573 -104856.628209
197.239796 86.824527 4.938908 3.226983 -104839.355876
193.796000 84.604370 4.972838 3.534788 -104865.216348
196.145845 79.823731 1.933530 7.030590 -104859.303026
199.205438 78.337095 2.519176 5.351971 -104900.095817
194.071887 78.607912 3.243665 4.845775 -104895.303657
194.309247 87.212605 4.053218 4.931623 -104774.145155
193.417580 80.792026 4.655910 6.900803 -104876.354058
189.677212 85.902903 4.698049 6.622776 -104946.823323
194.542612 86.708437 3.990883 5.617091 -104733.621384
198.720769 79.017606 1.528553 5.682662 -104932.982631
192.085520 83.094863 4.483481 5.435376 -104863.632212
195.181412 83.739748 4.202752 3.805853 -104813.535616
196.061056 87.165003 6.014014 6.040378 -104680.470867
196.727084 88.875516 4.385728 6.559181 -104649.252811
196.513330 83.009363 2.315384 6.460455 -104796.263235
196.513840 81.497596 6.142752 7.187224 -104826.331930
196.346895 83.480638 8.520917 5.331066 -104823.385050
195.639585 86.748141 1.943573 5.461801 -104844.129747
195.783874 88.997807 9.789017 4.800640 -104916.012653
190.368458 86.240897 1.662690 6.550657 -104895.610083
197.634887 87.267091 3.330659 4.110469 -104833.297123
192.084225 88.994622 5.361169 4.093559 -104908.746699
196.886694 84.774035 1.424512 6.119991 -104878.576835
198.828641 87.968291 2.559082 6.684935 -104756.540873
192.483405 81.225901 4.822268 3.242867 -104948.124326
192.511019 84.525860 3.057473 4.879156 -104863.390479
198.288761 76.204142 1.643846 6.627692 -104944.543536
187.920388 86.515290 1.517321 7.484398 -104921.674148
199.280855 81.157135 5.763000 4.935092 -104754.741618
197.199857 77.915943 5.042606 3.701105 -104900.338626
195.447676 81.521829 6.495432 5.708213 -104821.841498
193.956492 85.626777 2.213057 3.676190 -104927.577093
193.441204 77.927275 3.455759 7.250476 -104925.660603
193.055065 82.076583 4.564121 4.355663 -104864.113094
194.981653 83.686410 5.161297 5.951257 -104737.215346
195.171148 87.906386 3.473766 6.581430 -104695.153006
192.587629 86.666639 4.590263 5.969431 -104786.765826
194.499665 83.193528 5.237581 5.776512 -104767.002210
190.744803 82.462096 1.936106 5.942905 -104918.607106
197.888729 80.344489 5.646329 6.249854 -104768.024805
192.466959 79.747589 2.744085 8.286837 -104876.040427
196.207876 89.215303 2.214524 9.453472 -104703.164855
199.980092 83.127394 5.177561 2.391235 -104946.984450
196.446273 87.783534 3.768609 6.060769 -104691.373222
192.174195 86.947290 4.012391 8.565362 -104774.809271
196.058434 87.711201 3.917654 3.567380 -104849.037375
198.507730 84.506472 4.070699 4.388434 -104782.751288
194.408201 81.924570 7.027135 4.740924 -104852.056502
197.669810 85.671554 4.699744 6.147655 -104657.790912
195.985399 86.802316 5.055651 4.312576 -104758.136314
192.872743 83.062066 3.091223 6.141202 -104814.566091
194.541998 83.590530 6.099695 4.523267 -104788.188581
190.640044 84.207533 3.285609 8.087401 -104841.625556
194.224319 88.660835 5.916732 2.775315 -104931.477076
199.353796 86.542156 7.635473 3.904532 -104766.038291
193.813777 79.179794 3.148629 3.167825 -104947.553292
199.941223 84.322119 7.573143 6.404757 -104649.673351
190.538212 87.931015 5.552122 5.424882 -104946.355545
196.128821 85.112297 4.174091 3.232988 -104842.888245
198.583213 80.166429 4.075672 3.247840 -104895.597425
197.646286 79.795647 3.161768 6.137188 -104809.498346
190.595763 85.054191 4.206619 4.765390 -104939.873002
189.480312 83.653163 3.038617 5.329529 -104951.027518
194.654980 88.361108 5.198131 5.462401 -104724.758748
197.608372 81.509141 6.818881 5.060198 -104745.445563
185.772363 86.030758 1.669712 8.463012 -104938.523834
192.828861 83.254739 6.669658 5.849598 -104947.187360
195.824373 79.012639 4.105192 8.090636 -104861.434420
199.334102 77.755139 3.427113 6.511867 -104851.677452
193.151073 83.041250 5.440403 3.552193 -104892.341044
195.519469 82.452905 5.311344 6.043477 -104749.987301
194.430276 82.686801 3.628798 8.191456 -104759.752744
196.535590 78.570509 3.383609 3.875209 -104895.761377
198.146205 89.466388 4.855493 6.958520 -104621.474827
194.385940 77.567925 4.510781 6.175177 -104943.490625
197.049381 86.820652 3.636689 3.451084 -104859.145685
198.957570 85.003037 9.172060 3.538847 -104767.963326
194.338107 77.982768 4.195768 6.845389 -104926.285245
194.835200 85.807604 4.204681 4.529736 -104781.473325
198.340493 88.359779 3.375780 5.203803 -104771.555926
196.515416 86.020095 3.676485 5.097894 -104745.822842
194.488220 84.025644 3.524548 8.754581 -104730.267432
199.247177 84.618956 7.922554 4.450216 -104708.319137
191.410465 83.388725 4.555447 4.412800 -104931.768512
194.779697 83.429048 1.478318 5.801491 -104889.683555
194.691015 84.981050 2.004187 3.698574 -104924.376880
196.693206 79.727084 1.786655 6.301661 -104883.155435
195.685970 85.327341 1.347207 5.492457 -104901.468297
190.659501 88.143832 5.032756 6.177418 -104889.632866
196.159763 86.424066 6.157780 6.837516 -104692.470297
194.719694 88.892654 2.901388 4.097491 -104865.622051
197.932300 82.716365 5.991519 6.936548 -104704.243337
195.849676 76.975012 5.054586 3.956890 -104933.517109
199.166242 76.534016 5.509162 5.453111 -104912.096825
192.084094 86.794048 4.261557 6.518397 -104787.111984
196.174277 84.718758 5.765661 8.848821 -104807.486905
195.445702 83.029732 2.927778 5.907338 -104777.467329
197.265421 86.682558 2.169140 3.110185 -104942.891673
