40.952621 3.042413 6.024519 3.996044 -105344.966036
41.025755 0.221520 4.205427 2.523881 -105355.351411
39.312189 3.430263 1.840096 5.973753 -105384.920465
45.156322 3.653253 3.263277 5.129490 -105395.905076
46.474917 1.023835 2.159080 7.358857 -105404.399473
41.554921 4.385976 4.245921 5.283588 -105405.769557
44.739012 2.163023 5.800914 3.457333 -105365.403821
41.028703 2.756686 3.550850 6.072191 -105378.970949
42.116440 4.994550 5.743663 1.953019 -105388.512831
42.492464 0.388729 7.261981 2.185293 -105338.903835
40.166843 3.290230 4.588899 2.891211 -105330.075252
43.746746 0.664005 5.080666 3.110842 -105333.257803
42.874497 1.353039 4.654177 2.902141 -105318.660357
40.154929 3.635996 1.218862 4.606049 -105401.107239
41.102198 1.880002 9.182442 2.822573 -105307.904820
41.449788 5.278962 1.761290 7.060385 -105404.046327
44.021152 1.037487 3.058734 5.596507 -105354.624010
