145.395050 182.162893 7.985222 8.828604 -99669.828618
91.992747 88.191464 8.449237 3.575989 -101169.978274
104.509971 78.850247 8.449237 3.575989 -101169.978274
160.920215 142.004877 4.127758 5.691261 -101567.947903
56.007974 52.570034 5.820673 7.138866 -100898.253352
141.087945 2.247568 3.821280 3.779303 -101747.391513
117.753152 48.007456 2.950739 2.709788 -101757.582813
109.882859 103.814179 2.590737 1.728086 -101791.540377
118.877892 100.643111 1.537677 4.525560 -101797.471231
2.834297 104.824080 2.810331 6.458368 -101744.596365
