0.084588 103.962010 2.332694 3.204853 -101760.964572
5.604415 96.996014 2.724868 2.468489 -101798.873426
0.498127 114.584849 1.222720 8.763649 -101790.733089
0.827018 96.333426 3.031156 2.748852 -101788.923146
4.073822 104.112800 2.810331 6.458368 -101744.596365
1.910235 109.933298 3.185642 1.461693 -101791.207066
2.817242 107.258676 2.927536 2.480415 -101768.032700
1.980955 108.202517 1.210630 2.381421 -101788.744590
2.521257 99.886102 3.129359 1.798253 -101776.001536
2.191635 99.777033 2.824136 6.209106 -101758.296362
0.260953 97.995868 1.002669 2.848803 -101794.381646
5.971752 99.320909 2.560661 4.327590 -101778.309510
1.133843 106.012353 1.287778 1.896181 -101794.426449
0.718098 110.913580 4.768404 1.972702 -101792.645750
2.171371 101.089379 3.831703 5.992850 -101768.793274
5.858370 106.206823 3.137049 4.615665 -101760.737667
2.306713 109.309084 1.088693 9.060499 -101759.675736
1.163961 111.408100 1.694867 2.711729 -101787.156961
0.082528 108.154335 2.264507 2.197972 -101783.966349
7.679680 98.215808 1.620358 6.758730 -101794.439000
0.212734 108.921911 5.329617 4.609205 -101765.387093
8.935614 106.250875 1.435830 5.317138 -101778.380690
6.183911 106.108089 3.248847 2.989439 -101787.976964
