22.420423 17.372599 3.261560 5.587658 -101793.742789
25.141245 8.958958 5.624706 2.323564 -101895.336084
17.880696 16.716056 3.897880 6.918808 -101903.748543
21.368509 7.371956 4.120460 4.626450 -101876.314638
22.133038 11.110426 2.914439 3.833385 -101849.118197
22.869805 17.234063 6.373414 3.170759 -101898.473200
26.610706 20.565432 2.213715 5.755537 -101848.086515
17.951484 12.518696 3.364012 6.585678 -101857.429979
20.491714 8.259875 1.697271 4.402088 -101894.072931
25.498022 17.230803 2.482898 5.105301 -101799.627780
21.511426 14.496075 5.543239 5.703548 -101851.897536
18.640302 19.375150 2.697102 5.155629 -101886.581389
20.352854 18.242361 2.831397 3.642955 -101897.671817
23.699996 21.065958 1.856740 4.621893 -101895.979657
22.941449 8.673786 3.324745 6.567345 -101776.509557
24.084534 18.778954 3.681812 2.886745 -101901.552850
26.491498 17.894465 2.923706 5.831028 -101777.960905
21.767758 12.790100 3.341938 5.245904 -101780.604847
20.840105 7.472958 4.545617 4.277347 -101901.835808
27.454779 21.277814 2.678276 4.500891 -101890.853972
23.777733 14.904800 1.222578 4.998105 -101861.100216
25.397387 16.239411 2.254887 5.531854 -101782.292355
22.868414 12.525865 1.896300 3.415793 -101884.165962
23.333598 14.274490 2.618793 5.639094 -101760.864118
25.731795 14.521420 3.860950 5.728765 -101719.738034
20.759153 16.420357 3.679652 4.920127 -101827.428456
25.903086 19.096856 3.573485 9.225592 -101876.334236
22.990335 13.484444 2.477829 5.992084 -101757.334551
17.723864 16.748795 2.365663 3.979628 -101905.785420
22.501377 11.776086 5.516201 4.521171 -101816.868557
17.299709 12.132007 3.124743 5.091549 -101895.842427
23.205268 16.874826 3.340189 5.224762 -101785.522520
23.900169 13.325083 2.195511 7.221089 -101734.347667
20.912323 7.663939 2.258375 5.467883 -101851.754631
21.948906 18.485920 2.812665 6.228121 -101806.239578
24.961803 12.936099 4.110905 4.468460 -101757.689999
20.427398 10.663309 5.359028 5.254611 -101892.640127
21.997829 10.794109 3.543179 4.522898 -101813.694943
23.077522 10.882270 4.621732 4.522618 -101794.180545
19.113525 10.005343 2.785582 6.284504 -101835.762428
23.232206 11.502751 4.600315 6.777308 -101778.966686
26.106220 13.210199 2.904222 3.582782 -101828.199662
