193.315439 62.132823 3.635955 5.675698 -106715.854306
194.995141 61.494460 1.748648 4.651610 -106716.215234
191.646357 64.418526 2.334107 5.041772 -106717.924517
191.707866 60.489348 1.245624 8.063866 -106716.560387
191.251783 63.456194 1.343555 8.490371 -106700.967460
191.452644 62.697761 3.178022 5.945165 -106721.066838
191.716506 62.995425 4.173066 3.037352 -106724.313745
192.149530 57.949936 4.590815 2.086112 -106724.491170
190.185872 66.604295 2.548433 6.095921 -106730.509700
192.459055 65.925488 1.628882 6.031647 -106722.905568
190.176441 61.558725 4.199947 4.147068 -106730.458577
192.428051 59.534915 4.778117 4.306368 -106702.651320
191.932814 59.136315 5.586628 3.936727 -106720.828636
