184.482484 84.075634 6.168352 9.180580 -110069.294932
183.811254 87.089469 6.371718 7.868809 -110104.682464
184.209254 85.988899 8.730518 7.712845 -110022.553517
183.011233 87.116667 7.828099 6.548832 -110135.592278
182.393928 84.982287 9.041077 5.796369 -110180.238420
180.942451 85.805682 7.348960 7.616772 -110100.102097
184.844987 84.800874 8.359347 6.526393 -110096.070458
183.635221 86.558526 6.346464 8.556071 -110056.717447
182.544729 83.178934 6.554434 7.741201 -110121.296187
182.466964 84.750514 7.729864 9.463493 -110156.700994
183.494110 85.474753 10.747595 5.892015 -110123.898135
180.295086 85.625671 7.619929 8.230244 -110150.078335
184.261681 84.686481 5.962617 8.851226 -110064.929339
181.397776 87.231427 8.054246 7.620551 -110115.430359
181.801830 84.965023 6.502916 9.079097 -110072.895386
184.703523 83.643736 8.479480 8.767321 -110158.408213
185.738026 87.284606 7.877298 8.571852 -110169.639966
181.405959 84.514913 6.788111 7.510228 -110114.757022
182.042444 86.000990 10.347911 7.138236 -110126.076744
182.540146 84.374122 10.055920 6.937962 -110081.342861
184.488410 82.404068 6.343243 8.590601 -110139.207747
184.089829 86.031675 8.636342 6.806957 -110035.126694
181.546250 85.865233 7.201722 7.038286 -110117.149745
180.430510 84.850479 8.325592 7.301328 -110148.697212
180.912942 84.098833 6.719249 7.557962 -110158.576833
184.194205 83.890942 6.150843 7.387763 -110158.913406
186.219008 84.573960 5.678032 8.915846 -110160.277318
184.959006 83.306417 8.038847 7.654068 -110082.618924
182.690276 85.840155 5.175391 9.416477 -110142.068900
184.517014 84.164609 6.308144 9.406392 -110071.897938
184.463591 87.035828 6.893276 6.828253 -110178.270589
182.629114 85.928901 6.953283 7.068147 -110093.731386
185.740211 85.132294 7.931005 8.955422 -110138.534702
183.248908 84.820579 8.043102 8.947804 -110086.126842
183.168598 86.293369 8.735364 7.996394 -110044.561535
185.554159 84.165159 7.217947 9.255841 -110117.261142
182.116940 84.545838 7.110846 7.191273 -110087.452154
181.820725 85.019137 7.047900 6.543582 -110189.167660
183.657082 82.395000 6.466231 8.239491 -110134.875041
