185.817146 54.169204 3.686312 4.761051 -104065.023311
178.822911 57.323941 4.690079 4.761372 -104082.305654
188.653351 57.609847 5.052204 5.902632 -103954.040172
182.281073 61.293406 3.149995 5.207877 -104051.119594
180.734737 57.023829 4.128880 5.355434 -103972.094461
180.269141 62.867819 4.033980 6.503087 -104104.861974
190.555830 58.034195 3.045178 6.556116 -104092.588900
183.919566 56.788608 5.974659 3.765766 -103906.706492
187.615715 55.286539 7.513475 5.592835 -104026.760264
182.956083 58.611877 5.888389 4.941916 -103809.831012
182.632220 59.383549 3.593570 4.988694 -103964.433908
183.958054 53.705799 3.886196 5.223703 -104048.096823
182.114393 54.119419 3.230592 8.062259 -104032.239049
188.825843 59.275750 5.714409 4.723299 -104019.295813
188.849233 54.517113 3.480865 6.221279 -104067.738938
180.133327 62.176663 4.649628 5.109166 -104091.072817
187.706394 58.786629 3.521899 6.762481 -103954.336339
183.845746 57.024960 3.576156 4.632678 -103976.031253
186.389543 59.631285 3.120869 6.706247 -103961.647583
186.197785 58.600931 5.430695 6.082826 -103839.128352
180.560598 57.797996 4.475189 5.107733 -103960.605126
184.106514 57.130996 4.570144 4.729106 -103885.346544
184.462822 56.997115 4.303907 4.984660 -103890.250266
189.068320 57.173058 4.699040 6.287306 -103981.989036
180.941492 59.790052 6.697805 5.295367 -103919.861844
181.593785 54.764887 5.675348 7.150426 -104062.321376
181.642835 54.686090 5.594929 7.337116 -104075.810482
181.902373 60.190950 4.802744 4.020509 -103993.238078
183.755524 57.900570 7.703015 6.945372 -104055.921025
184.959415 55.599440 3.423819 6.875383 -103938.829857
181.217780 58.123386 3.391521 5.164749 -103999.699918
183.407912 56.386708 2.793150 5.831614 -104004.170788
184.436691 52.704474 3.918374 7.556786 -104060.846786
185.099020 54.829774 2.049265 6.527438 -104098.280350
183.423662 58.377520 4.277608 3.769788 -103993.163909
181.406983 61.076026 3.664359 5.154901 -104026.807125
184.626792 56.085540 2.288611 6.871487 -104034.072508
183.710080 58.321931 4.619899 5.402076 -103840.458193
187.863183 57.261382 6.775583 3.254130 -104050.079310
181.009926 58.599799 3.375327 4.553492 -104045.672407
180.753194 61.004488 3.100796 5.870435 -104051.747446
182.662755 56.675057 5.374587 6.580577 -103875.480621
187.375081 59.683193 4.169206 7.499775 -103947.850463
181.470776 59.941975 7.861627 2.702098 -104079.377545
180.486713 62.508412 4.810809 5.826589 -104081.571911
180.172649 58.974442 3.035607 4.892315 -104081.998212
180.349322 61.220281 6.163594 4.813426 -104023.674072
182.921121 57.280025 2.800272 5.830846 -103995.478598
189.903536 57.964430 6.557719 5.648914 -104082.161773
183.557658 59.644542 4.972721 5.086888 -103856.569100
182.603850 61.116106 4.109806 5.311008 -103967.001841
183.200198 56.385963 4.108981 5.562302 -103902.916235
183.701743 59.176054 5.779457 4.625774 -103827.585948
184.959148 58.760736 3.520055 5.744186 -103916.371483
185.136228 57.241394 4.912190 4.289076 -103901.676216
187.704575 62.339279 3.645861 7.822072 -104055.061742
185.662160 57.060700 4.059799 4.670869 -103941.187423
186.556570 58.402251 2.488706 6.257479 -104025.948541
181.715389 54.793448 5.231361 4.222718 -104059.031592
183.197429 59.893331 2.614096 5.224609 -104052.526492
179.035971 56.715671 3.869697 7.124617 -104048.077767
184.286280 55.184592 4.083259 4.245272 -104026.677249
186.480446 58.518308 6.495656 5.780882 -103845.660108
183.436300 62.353506 5.337232 4.291696 -104051.703178
187.943899 61.164367 3.626825 6.401657 -104021.900030
185.922363 60.908979 6.081028 4.473665 -103950.780355
184.373115 59.591897 3.030430 7.961204 -103952.940640
183.625808 57.743251 4.167363 4.247550 -103950.128616
182.477104 59.464292 3.362110 5.213924 -103976.915741
182.748441 56.263970 5.062167 4.368233 -103931.939123
182.265065 62.596307 4.546274 6.336191 -104028.107893
181.169967 55.306474 2.694036 6.217525 -104067.892823
188.028906 61.123585 5.751106 6.818978 -104057.271433
178.774402 57.883991 4.221239 5.412869 -104058.702036
181.746594 56.066462 5.464510 6.783389 -103946.283760
181.794052 57.343395 2.258741 7.267320 -104041.774123
181.363131 55.788492 3.000452 5.583789 -104048.653365
180.789326 57.665835 5.734328 5.837821 -103911.820070
182.363228 55.428891 4.845435 5.221900 -103939.952764
187.771357 57.865158 6.745643 5.251670 -103905.300114
181.415564 61.850911 4.011864 4.896824 -104056.877364
181.783202 55.092702 3.217033 5.266654 -104059.955372
179.933508 56.890903 6.293163 4.512358 -104008.554636
181.767447 58.681110 3.187710 5.455280 -103988.452149
187.521414 54.924361 5.891992 5.188077 -103980.157037
183.396303 57.574522 5.544594 5.160501 -103809.538711
186.252916 60.890847 6.340752 4.594393 -103951.224459
184.581788 56.276034 5.490755 3.618397 -103965.338379
180.926561 60.426916 4.648866 7.098673 -103980.412513
182.954205 54.440987 4.016818 4.525623 -104063.067112
180.734187 59.874656 4.442219 3.621488 -104083.175176
186.409304 54.422358 3.853664 5.772819 -103997.430303
187.042108 56.449863 5.663166 6.654041 -103919.182543
186.137959 62.454970 5.116947 4.901538 -104059.281102
183.881877 61.329217 4.042069 4.429116 -104028.160125
183.974546 59.915282 4.322222 5.519405 -103883.794138
185.069200 57.418234 2.828169 8.472844 -103966.160113
181.771737 58.873295 3.677245 4.725035 -103986.824723
183.645157 60.635507 4.327877 5.666148 -103908.173376
182.437495 59.645162 4.763236 4.035236 -103963.768475
190.653985 57.446948 3.779415 7.447624 -104064.242883
186.413911 58.561177 2.335656 5.209654 -104087.215183
186.610484 58.851455 2.389300 5.949888 -104052.361499
184.216348 61.475325 5.554661 6.637769 -103954.845294
181.848577 54.742218 4.050149 6.676456 -103985.204423
184.937262 60.462144 4.702294 5.512236 -103890.458292
190.092943 58.995201 3.165356 6.709885 -104068.186296
179.942349 59.633872 2.506287 5.765986 -104101.227668
187.640679 56.231662 5.014356 6.679822 -103935.570003
185.191199 58.681637 6.669821 4.211241 -103826.230462
182.668739 53.047083 2.811247 7.071125 -104084.836117
182.764722 58.510240 6.102621 5.824479 -103816.539521
180.236929 59.952314 3.719764 4.023907 -104104.765226
183.373504 57.641742 3.742318 4.497280 -103967.273324
186.678305 58.763744 4.726824 5.894986 -103871.891900
179.981626 59.983974 4.136519 3.915427 -104101.927956
187.428035 59.510704 11.470241 3.746717 -104093.816215
183.655797 53.298466 3.010243 5.653323 -104098.584875
188.870380 59.924871 4.448467 6.983287 -104002.134323
182.614154 56.253922 3.832944 6.186052 -103920.205969
187.160749 57.150443 4.466622 5.454470 -103910.687673
185.388462 53.042644 5.271101 5.165357 -104062.622513
187.363185 59.930626 4.302324 4.927721 -103988.013864
182.687916 58.225459 5.281890 3.840663 -103929.652575
189.258315 57.898542 3.924323 8.015987 -104011.392587
184.639959 63.638431 3.228971 7.197062 -104082.901015
183.011521 54.197296 3.182885 5.369293 -104068.027393
183.338462 60.740198 3.345636 4.999865 -104014.165610
187.030010 53.192723 3.607772 6.315282 -104065.043105
184.456947 59.983861 2.923546 5.136001 -104022.906036
184.937908 60.419912 2.139292 5.971895 -104087.241798
188.454268 56.119414 3.594438 5.174219 -104045.029082
180.488809 58.085939 6.597998 5.314827 -103925.829554
186.847095 60.708413 5.405562 4.116214 -104025.402606
190.718777 59.026192 4.732619 7.216212 -104096.560079
190.970956 58.104726 3.878564 6.066665 -104102.687082
181.275117 55.146911 5.271228 4.720351 -104017.337600
190.134053 57.383198 2.748469 6.414428 -104098.575626
181.706979 57.839300 3.795054 6.109631 -103920.943743
179.821699 56.155186 3.435591 6.640084 -104032.570922
187.479594 52.708750 4.541161 5.905584 -104104.307494
186.141073 57.775806 4.897883 7.200505 -103884.378864
184.570042 61.410297 4.549920 4.020838 -104047.332186
178.701557 59.407909 4.582295 6.116147 -104049.811386
187.884997 54.396716 5.555529 7.287937 -104089.525546
187.602054 57.654779 3.472696 4.409757 -104057.859637
180.663688 55.244919 4.421182 4.213417 -104105.059122
187.889894 59.425734 4.120220 5.230125 -103986.558590
187.135894 58.953815 4.334373 6.610211 -103903.645172
186.213109 55.540675 3.887346 7.007840 -103932.026199
183.775703 61.970732 7.958258 4.487857 -104009.892605
182.303900 55.812183 4.107744 4.163938 -104037.335572
179.400382 58.310595 5.421240 6.597368 -104026.068580
182.210751 58.944290 4.639749 6.301476 -103868.704366
181.051802 60.192863 8.302579 2.856066 -104073.839062
186.016798 58.686131 4.686205 5.047648 -103878.804702
182.199796 60.850557 4.732417 4.931048 -103949.109888
183.672283 57.486066 5.162601 4.812805 -103839.641410
183.180403 59.935838 3.656428 5.061867 -103959.712388
181.044279 57.440688 6.621299 6.883009 -104034.401928
187.892276 61.795839 4.180843 5.581019 -104059.886877
179.674621 61.340264 4.858380 5.724233 -104052.976649
