37.010175 66.874475 1.512022 2.740688 -101714.165914
42.529897 72.899033 4.230960 2.765856 -101662.813123
39.034507 77.451673 1.926828 5.150281 -101691.601662
44.393851 66.825173 3.606694 1.688970 -101720.518654
35.538340 83.059065 2.251210 2.740761 -101709.539081
39.950641 73.196549 4.262208 3.975398 -101679.585169
39.446131 74.213572 2.823454 2.111257 -101702.484057
41.827368 70.007200 4.854330 3.291192 -101675.243555
43.451486 74.507428 9.679381 1.207686 -101706.174996
41.405015 69.585994 3.581596 1.394750 -101719.049810
37.685922 71.078822 3.506912 3.516951 -101706.427431
40.755033 66.810377 4.392249 2.384684 -101684.518958
37.868917 72.597773 3.829224 4.033618 -101717.761143
36.105556 84.357239 2.885104 3.695535 -101719.838072
41.264015 67.692270 2.308185 3.838286 -101665.896269
43.287448 66.016575 5.625163 1.433620 -101709.717109
37.601023 67.095683 3.822927 4.620888 -101711.728806
39.859177 67.351317 1.263483 8.168966 -101670.360881
43.719711 75.776773 5.426888 3.238717 -101701.936989
41.068049 69.017165 3.340764 2.847821 -101675.596586
42.738749 69.966848 2.259044 5.491761 -101652.670262
45.503553 76.716166 2.620093 3.887898 -101714.316075
39.063240 65.272709 2.282636 2.282001 -101704.837711
41.896718 81.088559 2.459936 4.487897 -101716.422139
43.349166 61.536220 1.510236 4.413001 -101710.647777
45.460597 64.100741 3.291216 2.660086 -101717.064631
37.183308 65.962532 2.333625 5.430798 -101690.670318
45.559202 73.883382 1.847020 2.605404 -101720.307605
40.592072 69.120708 2.672643 4.607703 -101651.471608
39.694102 80.054142 1.964318 3.210290 -101713.365208
44.303189 69.811487 1.925303 3.823481 -101686.591117
42.792470 72.562448 1.200921 2.456422 -101708.153910
40.595812 72.924469 3.603354 2.378304 -101675.018396
43.308316 79.015736 2.493666 4.655270 -101705.443313
37.938603 70.034032 2.942306 3.881194 -101686.699296
40.851342 69.022357 5.519118 2.703832 -101687.719207
37.496124 66.903922 2.468723 4.043019 -101688.633083
44.035467 75.399574 2.445920 3.982340 -101680.938448
43.293186 63.468223 2.913929 3.935423 -101701.697649
37.448688 67.313985 3.152141 4.865130 -101695.692861
37.425610 85.964651 1.040188 4.701863 -101720.904892
41.755162 70.670092 5.231288 2.460045 -101689.170220
38.009985 69.220324 2.885214 2.409071 -101705.207120
39.981627 71.599086 3.232999 6.593369 -101702.196407
36.068287 67.661643 2.193245 2.576774 -101719.658925
44.689121 73.006599 3.363675 3.402524 -101694.535236
36.718209 83.006359 3.513018 2.072391 -101710.330330
37.596749 68.801597 4.704344 1.779213 -101716.387827
44.505942 63.501207 1.712755 4.082323 -101701.909447
45.575017 71.067878 3.350053 4.612510 -101706.959121
44.319487 71.664451 3.537427 3.133243 -101697.317162
39.625482 67.624172 5.881071 1.388231 -101716.301905
38.513950 65.566377 3.131614 3.789135 -101688.922080
34.234766 68.285485 1.751099 5.650554 -101712.545290
41.679903 68.186940 5.083705 3.998618 -101691.598609
44.948135 72.769228 2.532950 3.908758 -101689.327918
41.641628 75.518270 2.252886 2.825896 -101670.375908
41.488742 78.877511 4.878453 2.646459 -101704.979476
45.627513 65.265305 3.309213 4.324702 -101715.384679
42.926855 69.110735 1.932814 3.942096 -101673.237641
41.271671 64.278285 3.113463 5.541650 -101701.174741
44.378893 76.775080 4.746238 3.162044 -101719.111897
38.947796 68.586266 1.897902 4.617428 -101669.231207
42.584161 69.318804 3.911688 3.349128 -101673.951706
40.637208 74.974636 1.057077 3.664104 -101696.754780
35.640786 82.455820 2.118150 1.727805 -101716.072295
43.800651 64.277151 4.065431 3.926551 -101717.881038
40.091628 71.789353 3.115903 6.221001 -101683.621412
38.985107 63.982540 3.994786 3.139277 -101710.381673
39.921917 63.668813 3.693670 3.618856 -101707.579218
44.611267 75.024949 1.145189 2.573295 -101715.691997
45.553393 76.025345 2.539076 3.423656 -101712.872013
36.411488 65.304636 2.855132 4.291944 -101712.914224
41.529237 71.960245 3.706252 4.183483 -101654.410216
35.623227 68.379970 2.202380 4.819616 -101705.168034
40.243701 78.746588 4.090978 3.542568 -101716.916477
38.004965 72.720463 1.901662 4.552617 -101687.946881
43.780115 63.919757 1.902828 7.354701 -101697.842103
37.114063 66.723637 1.910089 2.756121 -101710.334499
46.393502 71.891210 2.076800 3.643103 -101714.629535
41.966225 75.611456 10.855543 2.363187 -101709.147351
46.263247 69.573503 2.142329 4.153223 -101703.915413
47.091672 62.945268 1.895896 3.921403 -101718.628619
45.369455 69.961519 1.897512 2.975162 -101715.731418
39.679748 69.756056 2.607492 2.078021 -101705.512266
40.009477 78.544224 4.199222 2.644799 -101713.953721
40.961293 69.605805 3.360348 2.022850 -101700.155332
44.578799 68.772960 3.706394 3.143692 -101708.067808
41.304389 59.870135 1.437622 4.649037 -101720.452538
39.052874 64.869544 2.495695 3.263779 -101692.412568
40.050159 80.313357 1.974084 2.766841 -101718.136173
39.140435 64.147183 3.538468 4.082593 -101705.851718
37.498303 64.249362 3.586966 2.715152 -101717.909797
43.028884 71.660478 2.112579 5.859643 -101656.911392
39.747320 65.162833 4.624359 2.341237 -101698.029702
44.003405 63.552977 2.325427 2.538714 -101717.262802
36.488903 62.721277 2.077462 6.068499 -101715.990304
36.470949 68.114885 2.638232 4.546871 -101699.478343
42.041683 70.524247 6.188067 1.970031 -101709.851575
36.930890 76.652363 1.928748 6.137921 -101706.173955
42.578994 66.039924 4.344228 2.428426 -101695.585987
41.069113 79.388836 3.577899 3.098405 -101707.239890
39.950832 65.673480 3.807974 1.176978 -101719.700490
39.416203 64.507949 3.808475 1.170892 -101719.405066
36.874069 73.089409 1.820728 6.070394 -101691.115231
43.727416 73.446827 2.591618 1.651199 -101712.606122
38.895881 63.763114 1.378848 8.754697 -101690.106178
35.567139 84.287851 2.056440 2.081092 -101704.079221
35.496679 69.324476 1.848142 3.657125 -101716.259957
39.548808 66.525581 3.269174 6.048344 -101700.518446
38.243768 65.619016 1.238423 3.003868 -101709.545313
37.767370 72.044488 3.088066 3.123479 -101712.223402
40.453476 68.783815 3.660059 2.721917 -101677.872572
37.073945 83.973226 4.811144 1.854675 -101708.462198
39.584136 74.089681 3.278754 2.048729 -101698.813918
41.187502 80.168203 2.382745 2.015466 -101719.505570
41.732708 70.868483 2.029283 1.707824 -101714.047169
40.275736 73.915585 4.891119 2.078994 -101675.573840
37.134246 66.489773 2.978713 2.463488 -101712.581008
43.733435 68.595584 4.470846 3.376035 -101699.796766
