135.853863 178.627289 8.467864 6.288823 -105161.862249
64.277450 164.031304 4.614956 8.038480 -106258.452639
60.546595 133.373991 4.614956 8.038480 -106258.452639
40.273352 116.680411 4.614956 8.038480 -106258.452639
72.514857 142.612737 4.614956 8.038480 -106258.452639
56.995263 147.292392 4.614956 8.038480 -106258.452639
178.784791 70.701237 9.723539 8.525596 -102077.626854
147.324305 55.145027 9.723539 8.525596 -102077.626854
179.826756 51.261932 9.723539 8.525596 -102077.626854
126.744905 113.307630 1.992070 6.333194 -106742.856460
26.635795 74.988460 6.856460 4.259420 -106147.394746
42.055635 88.786701 4.375035 1.537905 -106856.970057
162.122651 7.247871 1.905238 6.679496 -106812.403482
53.181899 191.015155 1.412670 2.642954 -106860.101455
144.792910 135.494942 1.481336 7.283135 -106854.756101
