139.786716 135.791628 1.481336 7.283135 -106854.756101
150.733465 132.150296 1.354551 2.857002 -106864.267119
146.734363 135.175117 1.961068 2.132215 -106867.388063
143.285961 137.858614 2.282574 1.579520 -106867.820543
143.837799 138.867913 1.834332 3.922678 -106863.241050
147.915629 133.748289 1.472647 7.748503 -106860.156536
139.965699 136.416052 1.745028 3.835210 -106863.387847
142.220788 134.390538 1.774186 1.418802 -106866.471564
144.145807 133.917069 4.042969 1.207360 -106864.372867
144.543703 135.727636 1.515270 1.907278 -106864.284208
146.553872 131.622527 2.571930 2.591692 -106866.452646
149.920310 132.857800 1.147737 5.479435 -106858.275530
144.396098 136.467157 3.280496 2.712443 -106864.580693
143.060536 141.938547 1.159759 5.170106 -106866.083709
