186.457246 197.185657 8.488075 7.537209 -111870.065522
182.573180 192.437653 5.498379 8.495404 -111959.469807
185.608965 188.556529 7.415687 7.849374 -112141.910213
184.990881 191.767989 6.572768 8.379571 -111852.834505
185.990104 195.793687 7.155795 7.019112 -111986.027851
187.056348 190.982145 7.006893 8.088156 -111961.727499
180.333885 195.172470 9.059044 8.469142 -111900.313669
179.669566 195.766538 8.359557 7.019248 -112088.979342
185.692930 198.963826 5.269663 9.054907 -112102.957936
180.804426 194.407208 8.774548 7.776827 -111900.067020
188.657848 190.441615 6.058875 8.225627 -112111.364408
185.183056 191.910650 7.209916 7.257380 -111947.370706
189.748303 198.724399 10.052056 9.006180 -111961.296003
187.028539 193.546505 6.934158 9.316015 -111750.432982
180.894876 192.954126 5.945805 8.146806 -112006.909581
180.451843 195.214056 7.339313 7.085766 -112056.664491
184.468307 193.103332 9.448134 9.319176 -111866.241588
183.173069 189.214044 5.513230 8.677375 -112061.881208
183.260073 189.958911 8.273090 6.905427 -112131.147757
190.556882 191.496657 6.448990 9.171589 -112055.138529
185.658828 198.681660 7.497294 7.987409 -111932.898566
184.016909 194.538122 5.717076 7.638382 -112011.506598
179.455514 197.536898 6.778520 7.956257 -112115.005317
183.812637 193.749554 7.769876 6.879445 -111908.454951
181.603249 194.865097 7.227521 9.344910 -111748.714759
183.028912 193.567006 4.864815 7.891354 -112126.222127
180.207199 192.272050 8.588462 8.702240 -112032.034567
183.723879 188.296927 5.465961 8.616015 -112125.926010
182.725542 191.251655 4.540515 8.821504 -112103.448235
184.502539 186.432783 6.418419 9.514974 -112108.428731
188.633570 193.643634 6.089775 7.589695 -112108.618763
185.877731 190.557271 6.003450 7.762206 -112057.545192
181.009028 198.714511 9.087879 8.648924 -111829.826156
184.576871 195.546238 8.720784 7.785833 -111742.407296
180.263677 197.949145 6.493327 9.125964 -111947.332662
190.947967 195.485102 6.683044 9.477947 -111996.982871
189.612709 192.500397 6.064679 9.687939 -111918.099397
183.429610 194.856342 6.489717 6.777446 -112065.162369
182.742432 190.907055 8.252281 6.756708 -112075.113524
180.179100 192.706658 4.516289 9.344619 -112124.462389
186.419154 191.631115 4.591223 8.542162 -112124.023130
187.516996 198.447820 5.012791 9.248251 -112141.711152
186.272155 192.934886 7.445028 6.986720 -111962.262864
184.714388 191.804889 6.541317 7.172601 -112014.774463
188.777835 190.008686 6.772920 9.204681 -111984.687459
186.485305 193.888679 6.216826 7.632424 -111973.697983
185.594696 192.617007 6.216692 8.265774 -111877.975557
180.152581 198.963376 6.935861 8.575140 -112033.748873
186.895697 199.474360 8.606341 7.571303 -112017.189290
178.939248 197.182572 6.695347 8.486175 -112073.329206
178.836852 193.890051 7.402707 9.259087 -112006.637539
184.319913 188.545443 7.855216 8.799738 -112073.843442
186.015594 197.548728 6.854762 9.269905 -111765.445888
180.144212 197.794961 7.607404 8.117577 -111983.398791
184.878921 198.228909 5.609377 8.943515 -111996.949251
189.848521 196.990313 6.239670 8.344564 -112136.192806
183.354914 194.592706 8.200170 9.213949 -111687.176814
186.063595 191.400744 5.295962 9.056448 -111936.363401
181.377394 193.219666 7.327563 7.125179 -111994.174780
182.016490 191.507814 8.670902 8.403418 -111949.628293
182.742493 191.838930 7.429223 9.184171 -111805.323169
189.017365 190.991263 5.339525 9.198354 -112039.905454
191.238556 192.193275 7.606879 8.939615 -112127.954600
184.329850 187.504411 5.928579 8.904911 -112105.328202
183.598903 188.819182 6.560176 9.130753 -111976.767968
181.215342 196.411879 6.215893 7.827201 -112040.100747
179.020553 193.773502 6.536686 9.878331 -111960.938118
188.237738 190.541850 8.359409 8.121302 -112084.018467
188.793389 195.653758 7.876376 8.146710 -111925.925714
180.200607 193.517727 9.243754 9.372907 -112061.327620
182.057932 193.863989 8.365245 8.908656 -111776.261621
181.325977 192.602680 7.648268 8.122591 -111893.707444
181.138800 195.110061 5.743267 9.896659 -111840.992381
185.116331 188.023654 6.823472 8.210739 -112136.711265
182.561494 194.627655 6.885283 6.874277 -112016.810546
179.985361 195.222592 8.225569 8.164502 -111923.290895
182.209301 191.811185 10.268312 7.524308 -112065.033239
179.387905 197.711982 5.861893 9.232473 -112056.075324
187.397362 188.486505 6.550607 8.281235 -112140.599144
185.311651 190.749128 6.863393 7.944270 -111944.535299
182.701334 196.889456 5.782175 7.964626 -112051.596822
185.104657 190.729909 9.577518 8.350347 -112047.319111
185.022135 193.107096 6.886626 7.072493 -111958.283578
188.257010 194.282861 8.725563 8.525141 -111870.307634
186.882557 197.432246 5.857667 8.132614 -112073.442204
187.034015 188.491299 8.323368 9.244697 -112135.005123
181.738522 197.579672 5.531340 8.134492 -112132.276267
183.686821 194.699425 5.680073 8.560701 -111894.898504
181.157177 194.536442 10.034673 7.889781 -111927.433539
182.787213 195.753068 5.202744 7.712296 -112138.470444
181.751757 194.379388 5.570478 9.826202 -111834.948704
192.122092 194.558301 7.311183 9.903554 -112032.820813
190.153856 192.591738 7.406833 8.330754 -112076.829165
182.143437 189.227542 5.962412 9.257346 -112000.259915
180.368511 195.173923 5.661598 7.703364 -112139.905524
184.593012 190.445462 4.914342 8.827711 -112039.063735
183.014983 196.284252 8.153134 6.501059 -112019.327377
181.209722 192.956933 5.824947 9.123309 -111901.312147
