108.764534 25.604859 2.875106 2.201691 -106221.176449
108.648716 24.844401 3.927278 2.993444 -106205.937038
108.205165 26.383745 5.192367 3.227378 -106222.468244
107.228895 23.825971 2.439355 2.707498 -106215.777808
108.619709 24.355248 2.257768 3.698498 -106224.666324
104.369076 25.054997 1.729909 3.671774 -106240.484587
109.237509 24.041972 5.507171 2.097963 -106226.338131
106.505054 24.403428 3.013526 1.805912 -106219.883488
108.204488 27.976288 2.348170 3.674485 -106234.555624
108.467152 25.119740 6.125745 1.327097 -106219.925557
