181.621205 41.405878 3.574126 5.059960 -100140.758220
187.117169 34.202121 3.776258 5.078266 -100269.647934
182.999380 38.009609 2.256631 5.572022 -100181.908182
182.780877 40.672058 3.750402 5.557885 -100102.648096
178.535753 34.568104 2.079106 6.667347 -100222.761815
180.493033 38.115796 3.126777 4.992782 -100148.779213
183.508620 36.019406 7.416511 4.161927 -100201.765226
184.396749 39.346965 4.734246 4.304504 -100158.370281
179.473908 39.719841 3.902478 4.336901 -100160.552071
178.706432 37.835250 3.265305 4.653177 -100188.889346
175.397954 40.260320 2.812843 6.853608 -100238.447073
177.992857 42.117469 5.345168 4.676122 -100206.801256
184.158761 44.669632 4.132117 7.051245 -100222.505794
178.921885 41.697507 2.755054 4.558335 -100230.185580
180.065610 32.910283 3.657532 5.606639 -100225.722515
177.928110 37.746287 2.848456 5.816025 -100177.190222
182.358947 40.661836 4.564618 7.395978 -100104.564564
178.396140 42.348454 6.887526 3.377879 -100246.207959
183.011882 34.398856 4.496446 3.759027 -100252.975481
176.839624 40.388445 4.600570 7.106241 -100234.786618
176.595125 38.106137 4.011921 4.748868 -100224.521852
176.582447 34.289709 3.787029 5.607387 -100267.216185
183.224946 39.962755 3.622059 3.882766 -100210.684227
177.582997 39.316438 2.621881 4.624257 -100241.298389
178.040471 38.898647 7.634842 4.134039 -100214.898825
181.597973 44.953583 2.997822 5.126664 -100262.668435
179.488157 32.877620 3.177147 7.484112 -100200.602911
179.714922 38.392139 2.629805 3.614627 -100271.266987
178.659716 36.510071 3.883952 5.784398 -100140.843827
177.640272 34.337149 4.289807 4.828080 -100260.495753
186.852916 39.012076 3.241036 4.879203 -100220.749562
182.548788 33.298130 2.994786 5.682514 -100209.899687
187.927714 39.715489 3.578404 4.920962 -100243.340067
178.398656 41.408719 2.605861 4.054896 -100266.359793
187.747148 33.892911 3.205341 6.521584 -100257.724688
176.129069 32.803355 2.394798 8.630299 -100253.501142
181.841073 36.483635 4.966280 5.252594 -100094.932166
181.889602 39.116080 5.985757 4.946759 -100075.854696
180.038581 43.118655 3.201566 4.799734 -100216.484989
183.290933 39.292997 5.581226 3.387539 -100205.425817
178.729569 42.435205 2.799853 6.181921 -100190.187445
182.408412 41.090672 2.595588 4.801269 -100205.365872
176.701025 38.023476 3.490796 5.659922 -100197.973710
181.099452 34.253511 2.589447 4.371947 -100270.779755
187.950888 45.637134 3.111287 8.424850 -100253.828235
181.999889 43.550494 5.444024 5.488535 -100203.690791
184.778588 41.582290 4.105212 5.695196 -100139.104716
183.792760 35.009852 5.333627 7.357138 -100231.077044
182.542811 41.563226 2.953728 4.148880 -100233.184313
177.704798 35.719888 3.452320 8.949244 -100201.213620
184.467827 43.352562 3.989474 7.530126 -100170.212693
174.892438 36.258373 2.134338 7.683305 -100253.944785
179.640358 43.703172 5.572451 4.288195 -100237.141274
181.811542 37.038226 3.965787 4.895334 -100119.661180
188.828032 43.067855 2.812061 6.419541 -100248.672865
182.237344 41.489018 4.682670 5.841400 -100097.754352
182.154541 31.514343 1.907802 7.387796 -100253.637593
179.090734 39.458473 3.936735 4.314032 -100166.667221
184.284005 40.451361 4.325409 5.782411 -100100.032130
179.161650 41.624722 2.287795 6.450728 -100189.078357
182.629916 38.081833 5.041757 6.932766 -100089.019792
175.931307 37.978193 2.663994 6.260313 -100229.263959
184.472253 39.763488 2.191710 4.821934 -100239.127141
186.715371 39.452225 3.215632 5.538054 -100184.593872
179.469978 41.018948 3.912951 6.598211 -100114.499078
185.054553 35.834518 4.151882 8.822597 -100208.545599
179.962211 39.590856 4.323468 6.570581 -100083.169548
183.860860 31.656010 3.238152 6.895815 -100242.471272
183.924033 36.652421 6.844238 2.901696 -100265.401340
178.599134 39.603794 4.330590 6.135592 -100117.234670
181.118513 43.738865 3.755136 5.086174 -100204.418675
176.032453 35.020451 3.819313 6.656972 -100254.701870
184.639253 38.366625 4.640843 6.789118 -100094.734407
185.761269 38.534376 5.224204 4.514997 -100177.119906
182.699176 42.492993 2.269407 6.805254 -100173.151622
181.199520 40.117385 5.208755 6.811110 -100107.158191
181.895833 42.288231 2.233756 4.857345 -100243.445626
180.415813 37.011709 1.807286 4.652410 -100270.934913
179.808131 34.185050 1.926169 5.507950 -100264.068249
180.219921 44.885833 2.366702 5.956264 -100257.790399
186.490986 40.812342 5.598048 4.254825 -100247.808055
179.233782 32.703505 2.467860 9.412358 -100206.159493
180.266957 42.927849 3.672383 7.959021 -100164.782382
181.611006 45.230568 3.101158 5.956310 -100241.845325
182.088180 36.559310 3.530649 7.411198 -100083.877178
177.514172 40.104368 3.971253 6.073273 -100160.744068
178.008873 41.071577 3.114522 3.932297 -100252.438928
177.374278 40.573508 4.397993 8.196417 -100250.214900
179.296037 36.238903 2.320653 4.520866 -100257.347027
181.324377 32.857491 3.115782 5.271200 -100238.360812
177.580604 33.388010 2.673178 7.329832 -100223.913735
182.212179 36.836397 3.573881 3.613425 -100235.599453
185.781968 34.217921 3.742496 5.196050 -100228.142616
177.916731 40.281685 4.541980 4.614767 -100172.596047
185.533238 43.430571 3.215772 5.191949 -100242.718631
175.053097 38.965261 3.578069 6.321240 -100255.291032
181.395284 44.020925 2.048334 6.364995 -100234.542903
184.204722 38.353295 5.710908 5.707718 -100101.848652
189.169971 38.836315 3.788725 7.744844 -100217.940986
179.953104 32.688849 3.696253 6.259791 -100218.263765
182.153462 33.052262 2.171803 6.752938 -100218.249292
183.930217 39.260474 3.916170 5.715220 -100089.839671
176.952325 36.535412 2.619519 8.910872 -100179.318289
180.913422 44.301231 2.154264 6.423687 -100234.952326
178.251736 36.673079 4.976495 4.531132 -100186.565043
180.952412 40.034527 2.510230 7.548182 -100115.005485
179.458886 38.393489 1.935848 4.724335 -100256.015699
183.310122 42.762035 1.366768 8.224217 -100230.707759
185.035107 32.628376 3.028809 6.945667 -100223.023286
179.072618 40.585886 1.371681 6.748784 -100256.302000
177.181201 40.856612 3.092808 6.095271 -100192.827670
178.646798 41.291617 5.148428 3.935837 -100187.551398
183.042430 33.903162 2.512945 6.565404 -100186.882298
181.285505 35.536119 6.588911 5.038778 -100168.720855
178.283765 38.500965 4.755295 3.944292 -100191.519963
180.416426 43.883087 2.214847 7.351725 -100203.249705
186.394691 37.151071 3.880981 6.188116 -100149.115446
183.587970 36.990381 7.420926 5.330478 -100187.528315
189.180434 37.894412 2.541757 6.672621 -100234.565052
178.463626 40.853176 3.228837 4.700647 -100197.046537
186.511430 41.661492 4.351422 4.096944 -100271.082791
178.145809 39.783717 2.933556 5.456784 -100178.485376
185.376752 40.353124 5.300177 6.093631 -100140.838308
182.462793 42.118006 6.136868 3.057537 -100267.652891
183.108923 42.591082 3.413789 7.498261 -100123.704652
179.209865 41.043296 2.506177 5.389831 -100197.261559
178.232734 44.027974 3.851929 6.719126 -100241.080746
181.398600 40.336864 4.768018 2.901261 -100257.925818
181.268863 36.315406 4.476096 3.558248 -100221.484193
187.635124 39.884352 4.583371 5.510858 -100207.789853
180.405952 39.506214 4.545707 5.927764 -100070.613670
184.085896 38.060821 4.399110 5.052050 -100109.843375
178.620792 39.727046 8.006291 3.513937 -100204.509651
181.609290 33.186157 2.235382 5.809241 -100242.051878
179.183252 42.245582 1.842168 5.621989 -100254.731784
185.296275 36.275137 3.397629 6.461923 -100133.329599
186.980755 38.562685 4.208535 5.357232 -100182.360372
181.986958 40.651726 4.981974 6.347943 -100083.891754
176.555689 39.461443 4.331267 3.848037 -100258.500968
180.321609 31.736136 2.109073 6.690459 -100259.285739
177.622065 43.652554 2.519302 5.601821 -100265.873804
186.064328 34.753194 4.710489 6.788016 -100223.376784
182.416916 34.900031 5.557106 7.303839 -100240.536922
185.029777 39.105213 2.425654 5.450465 -100194.561947
179.215487 40.875301 5.030287 7.365967 -100194.130800
178.317318 36.917252 4.725497 5.361212 -100150.445516
187.481868 43.800886 2.938089 6.135291 -100246.736070
183.174839 39.139805 3.118118 6.073681 -100100.440309
181.962270 34.131508 3.463102 4.113130 -100254.860135
181.617446 37.320432 3.896704 6.213827 -100070.223370
181.501873 37.508073 2.995077 5.261465 -100141.696980
188.249977 40.690757 3.149343 6.056406 -100213.168789
180.651397 37.718253 3.022381 4.267207 -100201.925587
183.656791 43.969409 5.082955 5.657373 -100227.374393
181.278681 41.407531 4.318394 4.185281 -100165.603171
182.645197 45.641398 2.372228 6.598785 -100251.452056
176.414099 43.600906 2.015206 8.347127 -100246.269047
178.675502 40.020130 4.349010 7.597435 -100157.883085
186.150761 36.179928 2.677431 4.634628 -100255.507513
183.446312 31.639716 1.381172 9.017442 -100264.091191
183.134836 40.979401 3.331357 5.033842 -100154.013513
180.118277 39.655888 8.937612 3.078527 -100214.634069
177.634165 37.909593 5.730023 6.369537 -100225.975185
186.179487 40.264975 5.153348 3.791394 -100253.691397
186.512353 34.132748 4.769982 6.807383 -100269.638925
185.892056 44.729861 3.204080 5.855485 -100256.208786
187.148985 36.330938 3.473705 7.797950 -100172.236533
174.969329 34.606541 2.726707 8.143441 -100260.132936
179.854386 37.831903 2.471063 4.294315 -100238.666954
184.910297 35.456632 3.426775 8.527175 -100149.896430
179.321730 37.260396 3.026752 8.654849 -100122.933836
188.226536 37.151431 3.730773 8.355015 -100209.766717
177.657214 39.837900 3.562077 5.778908 -100161.016669
174.745150 36.956376 3.111399 8.254486 -100252.176766
182.851330 40.856899 5.977776 3.886107 -100169.236781
184.246332 34.003984 3.348676 5.391924 -100204.033612
183.283265 35.068799 4.580697 3.957875 -100219.309353
178.296628 43.558226 4.642908 4.432804 -100248.017517
185.574802 42.917311 5.564985 6.640084 -100259.728937
182.392826 41.735300 4.018082 6.122351 -100102.975047
183.965663 32.436302 4.808040 5.401819 -100265.736782
180.663128 35.800991 2.078539 5.577345 -100218.198595
176.500839 36.370685 3.932378 4.615220 -100257.697082
185.477122 38.556484 3.673359 5.288368 -100147.824981
176.073732 36.814366 4.610241 6.854148 -100262.629577
177.139979 42.911336 1.288137 8.675000 -100267.681665
178.958031 40.499847 3.939885 4.622132 -100158.985570
184.724407 32.955084 2.716370 5.082958 -100270.347562
184.053742 41.007936 2.430210 5.330143 -100201.398802
177.776782 41.869221 3.747397 4.842150 -100208.592673
184.103192 41.811365 4.955201 5.965185 -100133.351714
183.764871 43.318059 2.497984 5.814070 -100214.952137
178.109254 41.271398 3.268325 3.573425 -100266.837050
178.799904 46.493885 2.780585 9.537008 -100267.605472
186.578541 39.265370 2.744681 4.472600 -100258.464418
184.615366 34.809383 1.344421 6.919323 -100266.551122
182.684261 42.532801 4.042608 7.834777 -100143.561637
183.288379 43.824206 5.808209 4.591407 -100258.384274
181.311848 40.506600 2.619842 4.126032 -100234.690762
183.879480 42.556907 3.727580 3.753717 -100271.484965
184.260053 42.176043 1.705177 7.258857 -100209.967833
177.969716 39.649574 3.893791 3.179361 -100268.228756
188.667056 41.817940 4.138099 7.390166 -100231.375323
176.120680 39.918468 2.730790 5.907115 -100232.837464
186.651963 36.709875 5.806125 3.924494 -100256.622116
187.213535 37.848392 3.149351 5.752475 -100193.864395
185.734855 41.767847 4.663245 4.965178 -100199.069970
181.035753 43.329456 2.760509 4.722243 -100240.169330
185.022923 42.782168 2.897915 5.134073 -100230.857464
177.122341 34.488076 3.435452 6.907390 -100216.334952
178.077751 39.294803 3.325225 4.182199 -100220.031036
188.819659 37.994689 4.311875 6.041966 -100242.909334
178.581157 42.809285 6.030986 5.380384 -100245.731412
185.772210 39.386257 4.657066 4.624587 -100176.703381
179.810307 41.893250 4.397068 4.001957 -100190.600939
183.632743 44.581771 2.291923 5.665994 -100262.163125
178.468504 41.743638 4.058715 3.627319 -100237.988757
186.662766 37.811254 4.311355 6.248430 -100152.311834
177.359836 38.625463 2.283079 4.661488 -100264.365646
181.264345 39.720162 3.517384 7.218104 -100072.989691
188.547703 38.871523 3.678075 4.702709 -100271.539396
185.639347 41.341216 3.340871 4.474383 -100236.865204
184.463119 34.236407 5.934277 4.119711 -100254.161925
180.940519 44.175543 2.420184 6.846106 -100206.943568
177.606399 37.341599 3.816325 5.084577 -100184.465095
182.028678 35.014323 3.608499 3.932104 -100241.324626
178.793443 39.756365 5.055440 4.972387 -100123.370625
177.538281 38.253263 5.296860 4.582858 -100185.821040
177.597131 41.112580 3.634592 4.564360 -100213.669636
179.915945 32.394421 3.343825 5.594425 -100248.302802
183.559657 35.442322 4.817139 6.643419 -100134.107325
179.653718 36.634455 1.366606 6.160353 -100266.832954
178.407056 39.606025 4.329600 5.780598 -100124.515473
177.373060 40.525839 5.497359 3.686212 -100228.094514
183.095964 42.502759 3.936661 5.459772 -100150.537174
182.467906 37.168103 3.802421 3.866239 -100201.743557
185.582509 33.439799 4.215950 6.378978 -100231.055609
180.796963 36.551838 2.121564 5.919208 -100191.460429
176.530044 37.606306 3.942096 6.007727 -100199.265507
179.645064 42.489586 4.608539 4.122407 -100197.150729
178.245553 39.389704 7.958896 3.247440 -100228.141851
187.786187 41.238503 3.611147 5.063567 -100245.142535
181.438091 41.374341 3.603954 6.603129 -100096.178791
177.167689 40.349943 2.302493 6.213837 -100218.155824
183.408511 43.155947 3.690781 4.397835 -100236.450537
182.247488 44.013232 3.501013 7.388792 -100170.505607
179.526209 42.559784 4.268035 4.694971 -100181.719885
186.158832 43.719953 4.817087 5.786637 -100254.601187
182.080802 40.577620 5.096480 8.111194 -100203.217329
189.039731 35.337278 2.638612 6.511708 -100266.297044
182.815179 42.723964 5.711322 6.640382 -100216.122756
182.642386 43.150334 4.493762 5.350948 -100170.457352
180.210252 40.339950 3.078471 6.073834 -100118.454237
179.907652 36.543828 5.495250 5.042308 -100124.815928
187.559062 36.230272 3.751847 4.701115 -100256.890860
176.868603 39.106046 3.719829 3.728731 -100266.824092
180.042654 44.508797 2.581618 7.006037 -100215.269926
177.749957 35.908837 6.011441 6.149649 -100272.125596
180.901700 37.610882 4.018401 3.628395 -100208.775449
176.855159 38.745380 4.699172 3.441123 -100269.820469
178.541404 37.921439 3.650255 6.353008 -100120.311979
183.462361 43.164635 3.894784 5.617891 -100172.100793
184.032308 37.095366 2.936937 6.372046 -100118.908436
184.982003 38.679710 4.733839 3.567756 -100228.619193
187.436893 42.199590 4.741623 5.834280 -100235.464806
187.183104 35.153750 3.511242 6.028848 -100219.185349
185.070959 37.063484 3.537383 5.552742 -100140.506351
177.526653 40.998733 2.506181 7.344146 -100183.749087
184.604691 42.388490 3.795496 4.616943 -100217.767539
181.272857 32.111164 2.918340 7.301302 -100210.164705
183.712469 40.119601 3.379867 4.661433 -100170.110881
176.187095 38.418407 2.282315 6.247164 -100236.922378
184.394594 37.866614 3.970271 4.816939 -100141.862001
185.940324 35.622666 4.646540 3.576698 -100271.369456
183.257712 30.534522 2.547324 7.227127 -100268.926519
186.559089 38.897751 5.205748 4.364737 -100215.612879
180.074750 42.981763 5.413170 3.736026 -100221.611756
173.710616 39.725139 2.281990 9.899781 -100236.266684
185.129675 46.757776 1.584659 8.984601 -100258.329464
184.121438 38.959454 3.445837 6.968938 -100078.619979
182.745236 33.311757 3.262195 4.430051 -100263.146056
178.942000 34.088685 4.313037 4.732871 -100237.893538
182.777649 30.853016 3.030572 7.203653 -100257.884402
183.093353 34.753213 2.701686 5.595205 -100191.124111
180.269179 36.284726 1.957354 4.814581 -100258.637857
179.305519 39.759944 3.210920 5.149121 -100151.710917
179.599974 42.442919 2.617705 5.438867 -100206.759030
178.223667 41.284454 4.756091 5.347593 -100162.346223
185.296958 38.556273 3.740433 5.033762 -100154.667231
183.462695 44.748499 4.644141 4.982509 -100268.878595
181.142510 35.609563 5.632319 4.461271 -100160.046420
188.673290 43.435271 4.159074 7.769148 -100271.874957
183.118516 44.264964 4.768386 6.207695 -100222.128601
179.674434 42.365014 3.413173 5.926276 -100156.352177
177.702387 38.154696 2.234093 4.671748 -100261.963720
182.823747 36.394825 3.123840 4.139450 -100220.950194
178.471360 36.397834 3.641699 4.448884 -100212.036563
180.932273 39.224113 4.767680 3.826292 -100156.939304
187.070607 35.212908 3.878930 7.387757 -100208.245593
181.375073 35.881105 3.713475 3.901727 -100222.319862
182.406339 32.962295 3.341918 5.316339 -100226.033524
184.419348 34.115141 2.887991 5.429196 -100216.695064
181.878937 35.847448 3.397085 3.477161 -100267.868598
179.200941 39.112786 2.471879 4.273370 -100241.256290
180.930888 40.764501 2.091137 6.482718 -100174.866327
181.885241 39.517069 2.908248 6.377453 -100101.388479
181.498693 35.596258 4.771081 6.035530 -100109.154719
184.313909 38.708881 2.524904 6.277412 -100142.801471
183.871476 39.289826 2.677564 4.074267 -100244.817929
187.617439 42.619641 2.124527 8.918964 -100184.074695
179.986216 40.330750 5.134030 3.477839 -100186.710228
182.961004 39.535189 4.955766 4.200411 -100135.605406
180.017515 34.488585 5.379112 6.021237 -100194.582488
180.023316 36.964381 3.799060 5.759798 -100104.366723
182.514359 40.576356 2.439071 5.359251 -100182.319919
182.426724 41.449731 2.412544 4.938681 -100215.620276
180.417592 33.558150 3.339650 5.851285 -100194.347798
179.558265 43.216795 4.044973 6.600703 -100179.974214
183.496304 37.872254 4.129242 5.669554 -100081.265379
182.601493 37.556992 3.390985 4.181691 -100190.331867
182.667694 37.836854 3.455848 3.692735 -100226.224289
178.841156 39.192150 1.237305 6.967531 -100264.966884
191.436280 37.685885 2.870862 7.895041 -100268.162057
181.015783 34.879368 3.197210 6.311113 -100140.591487
187.307565 39.583627 4.508421 5.416532 -100195.129046
183.317912 39.993310 3.230294 3.652346 -100248.072485
181.611836 34.927978 2.570875 5.730038 -100186.892229
178.969374 41.510967 2.958282 5.706003 -100171.972343
179.133651 41.078788 3.052268 5.414733 -100166.522115
179.979366 38.789861 4.777423 7.692944 -100146.177165
175.888708 42.472222 2.900347 6.825924 -100253.758208
184.991044 33.904598 2.531794 6.512651 -100207.161351
182.940173 43.715620 6.137505 4.395578 -100260.557421
179.184478 40.999413 3.751393 5.176114 -100144.647882
179.976593 38.903676 3.812116 5.507871 -100097.244245
182.648163 43.512278 3.885258 5.180767 -100194.670169
177.985687 39.452680 3.490992 6.017871 -100144.787188
185.792678 36.252540 5.056922 4.736257 -100191.691902
175.498649 38.099008 2.189819 7.862089 -100224.992284
185.301461 36.012689 2.692436 6.267026 -100169.631396
185.324675 42.069207 2.075485 6.860787 -100195.346862
180.816275 41.794375 3.559548 8.454075 -100134.545995
180.217105 43.346679 3.034646 6.124912 -100183.621852
181.351709 36.826948 5.293197 6.080332 -100088.692571
186.773516 34.871461 4.486540 5.210130 -100240.955747
178.472639 39.880782 2.910583 5.236022 -100180.960595
179.092410 43.842550 3.857087 6.436401 -100210.472629
180.783121 44.132634 4.038893 6.480827 -100196.959543
185.229627 35.900156 5.459535 5.268088 -100173.450833
179.410665 43.406272 3.668749 6.948113 -100184.431057
