65.476746 174.201867 9.744991 8.583213 -100326.824496
48.523026 168.144861 9.744991 8.583213 -100326.824496
43.822085 42.826071 7.421600 7.367320 -102987.910845
57.811737 87.244606 7.421600 7.367320 -102987.910845
15.331772 14.785009 7.421600 7.367320 -102987.910845
20.066450 34.352441 7.421600 7.367320 -102987.910845
9.744923 146.890355 3.494671 1.775708 -104318.915649
11.109543 136.063486 3.494671 1.775708 -104318.915649
11.034743 108.909033 1.856857 2.192331 -104329.343070
146.197214 38.275164 4.688869 1.512424 -104294.686860
75.555869 66.230630 1.936944 3.306195 -104320.499254
147.787780 170.651149 2.606751 3.435406 -104265.474531
51.626465 126.072588 1.665186 1.059576 -104326.454955
34.054987 128.637790 2.079519 1.636595 -104324.165313
78.281419 40.209991 1.321849 2.445272 -104321.729029
117.761191 142.095960 3.462597 1.665212 -104326.956034
104.476425 142.528983 1.631866 1.918287 -104329.163983
51.212014 9.262268 1.698055 2.124320 -104322.724574
90.641592 144.603539 2.691059 2.248917 -104302.545730
27.697731 106.639559 2.390887 1.506872 -104325.124511
47.131317 116.358689 1.689161 1.865305 -104331.512492
161.970795 52.602515 1.995011 2.184866 -104329.655652
118.832397 51.620263 1.920287 1.484979 -104326.816684
92.602585 157.869662 1.455859 2.953772 -104327.558495
18.411124 122.181206 2.079770 1.843537 -104328.196556
81.852529 52.383099 1.048063 1.777525 -104325.600968
30.697045 97.560336 1.003241 2.306997 -104330.330448
83.711411 197.266464 2.596269 1.826534 -104329.888425
122.888823 75.654871 1.049766 3.348065 -104328.145722
112.277771 24.758044 1.270255 1.847777 -104327.528364
