192.406476 187.568942 7.373988 5.841227 -97508.412865
96.988386 165.691201 4.918587 4.527215 -97742.374730
34.068745 10.854872 2.358999 6.566571 -97942.624143
45.344642 8.915366 2.358999 6.566571 -97942.624143
40.383080 103.242208 1.945102 6.388414 -98059.135992
147.022086 6.238158 4.055133 6.101244 -97906.826214
30.131613 41.149342 4.416648 3.478224 -97931.594639
58.209582 183.726259 1.272605 6.493052 -98062.414378
176.296497 91.511147 3.666632 2.575858 -98046.505171
161.902009 183.571482 4.501951 1.499895 -98077.959986
98.177351 52.133789 2.313304 2.837802 -98087.749115
