98.774822 53.961899 2.579247 2.843583 -98095.647873
99.404082 53.632905 3.098723 2.349137 -98094.991269
98.880981 51.828234 1.312337 2.521161 -98096.854411
99.600322 50.268115 2.209198 2.388231 -98097.568593
99.224874 52.883330 1.998957 2.981132 -98091.210124
99.059630 50.756829 2.877955 2.531064 -98091.282122
96.908613 49.300630 2.433015 2.944540 -98097.292579
98.067504 53.180045 2.678450 2.968861 -98090.337276
97.325401 49.787406 1.889157 3.124265 -98093.597371
99.237969 52.520630 3.631669 2.142563 -98090.904674
99.246238 52.398561 1.762147 2.077214 -98096.993636
100.473433 52.897998 2.716381 2.482693 -98095.538045
98.070612 52.603351 3.193405 2.457534 -98089.881568
97.540447 50.936703 1.479661 2.823363 -98092.984416
96.745122 53.084421 2.578546 2.682901 -98094.222827
99.078947 52.530527 2.428325 1.796338 -98096.588243
97.399201 49.840305 2.408462 3.067673 -98092.990824
97.620463 52.426112 3.339035 2.317567 -98091.434917
99.658877 52.232964 3.128356 1.901150 -98092.937259
98.300692 53.234390 2.445934 2.492591 -98092.616872
97.090220 53.094523 2.195245 2.320496 -98097.619895
99.832262 53.650958 2.374575 1.921925 -98096.958145
97.940952 51.343619 1.870419 2.675016 -98090.029704
97.423294 53.416572 1.426560 3.158293 -98094.464245
98.762633 51.679085 3.060614 2.454333 -98087.873243
98.858047 52.044532 2.313304 2.837802 -98087.749115
99.331307 50.569275 1.661587 3.132068 -98093.848889
97.172815 52.103094 2.629219 3.559494 -98089.036698
94.488356 50.992917 2.758335 2.739790 -98097.723451
97.865279 53.402333 2.243741 3.415131 -98090.583445
97.933730 50.361407 1.137654 3.946598 -98095.348896
100.134007 52.361354 2.073910 3.282497 -98093.944621
99.527339 52.027679 2.595606 1.837466 -98095.400315
98.143229 51.222490 2.432422 2.002029 -98094.066276
95.409607 51.366865 2.038523 2.604171 -98093.758936
98.858916 52.992956 3.970340 1.935258 -98094.886712
97.444391 53.281495 1.911875 3.206023 -98090.835850
99.578712 53.102129 1.503591 2.773358 -98096.207985
97.807432 53.058533 2.568958 2.652555 -98091.141114
97.437083 53.173127 1.882905 2.699505 -98093.983108
98.132611 51.953013 1.705909 2.860499 -98090.226345
97.103497 53.603894 2.064645 3.414487 -98091.565387
98.763954 50.102452 1.225694 4.674716 -98097.245597
94.709686 50.025269 2.615376 1.891304 -98097.818554
98.743333 53.053437 1.532636 2.927766 -98093.804370
99.162601 52.089831 2.362284 3.295699 -98089.258905
97.006200 50.432745 2.199614 2.569200 -98090.492920
97.147446 51.710983 2.388937 2.461360 -98089.373041
99.763528 53.898776 3.607875 1.785831 -98096.361523
96.709862 52.044062 3.506113 2.856721 -98091.882288
98.045457 51.237339 2.916692 2.136748 -98090.539884
97.673366 53.720568 2.442396 3.492279 -98092.994197
99.148469 52.152878 1.783323 3.410337 -98090.251521
97.809091 53.649056 2.735414 2.887232 -98093.778899
