174.666518 16.501500 4.556349 4.800085 -106020.474960
171.092310 2.389112 8.723502 6.070927 -105901.143014
177.272544 10.146009 4.930819 5.302471 -105904.536066
177.450074 13.563598 1.635023 8.922450 -105924.974022
170.995735 17.052803 2.058871 6.355181 -106003.856332
166.324526 5.953968 4.443746 8.550709 -105598.532899
178.225957 4.222235 5.759074 6.953548 -105946.697396
160.218761 14.113688 4.084669 6.071189 -106035.412376
165.180266 11.548367 6.529206 3.936715 -105960.054094
165.383096 6.220074 5.216983 5.934720 -105760.217998
176.812316 5.484962 5.239830 6.706497 -105832.413672
172.729917 13.481715 2.067913 7.424741 -105859.700175
171.479444 0.374830 3.069206 7.610348 -105843.676877
163.138958 9.785797 5.836502 5.892745 -105844.293536
160.052340 8.055316 3.717677 9.916767 -105849.836629
163.605864 12.490553 5.106874 4.404722 -105979.730669
169.289422 5.636785 4.333274 4.051242 -105938.221208
172.187175 6.335914 8.872898 4.853510 -105890.065012
175.612087 8.140384 1.762292 7.071339 -105931.838867
178.153200 10.027921 1.979945 7.950189 -105907.741654
174.634690 0.134592 6.896263 7.775043 -105840.852374
167.554209 11.326525 6.844273 3.737329 -105936.748371
170.351036 12.343632 9.447547 4.322901 -105961.846696
169.107149 8.205136 4.065084 8.566555 -105535.270832
170.637698 5.107890 5.788010 7.766885 -105593.243684
174.715083 5.706137 5.085224 7.025027 -105706.244890
163.820345 7.180120 4.342490 5.122311 -105887.238154
159.047239 7.166148 4.386949 6.337441 -106024.391285
161.585102 11.112529 2.444460 9.463106 -105826.782594
178.752966 3.206007 2.735726 8.295076 -105897.106336
169.751126 5.596070 3.400199 4.031972 -105987.197567
175.011668 12.432399 7.509686 3.518058 -106018.194211
174.458670 12.079000 5.606090 4.460056 -105900.767199
166.533772 8.141612 2.928079 5.590835 -105857.364855
171.348350 13.236625 4.720233 5.934342 -105751.978459
170.694482 2.095986 5.506237 6.708377 -105735.788967
167.703401 19.169552 1.407328 8.345804 -106040.638089
177.179359 6.467350 5.512233 5.115625 -105953.892657
173.290493 17.681986 4.239323 7.933864 -105901.090716
168.880637 10.483775 2.238753 4.511931 -106011.999959
172.487784 1.426878 3.122226 8.502001 -105753.511023
167.419419 11.948080 7.406702 5.240797 -105816.708377
174.741084 11.570342 1.672586 9.741422 -105825.284441
161.158120 2.691230 4.272624 8.836755 -105859.933343
171.210861 12.115897 1.373750 7.056732 -105967.649548
164.858279 1.237624 3.805062 4.892255 -106038.630308
168.998815 4.901999 3.291397 7.799399 -105671.789117
169.419142 13.114741 4.789430 5.977983 -105741.136397
176.761069 14.423973 3.781117 8.344595 -105811.439857
176.741632 12.528112 2.319264 5.738447 -105983.231387
173.728796 1.775720 5.061060 4.656088 -105979.283073
172.859273 17.403789 4.440512 4.869426 -106037.710757
166.230593 8.869804 4.054553 4.244642 -105923.962349
171.224415 9.013291 2.986935 4.662286 -105930.276532
163.369444 8.899041 3.337756 9.957074 -105688.483966
165.653503 16.944646 3.090095 8.162311 -105883.148318
158.662256 13.902892 3.683162 8.429733 -106034.901684
167.369921 9.611431 1.045209 8.506969 -105978.622189
177.000281 17.166035 3.316062 7.391300 -105954.027604
170.365042 2.281260 5.204134 7.104123 -105700.498361
176.029924 9.265013 5.672192 3.583058 -106036.958022
177.772304 3.646244 2.102161 6.317622 -106028.743080
161.508975 8.881352 5.112286 4.469231 -106005.949666
165.838692 15.477025 4.668698 8.839898 -105844.751160
171.975383 16.718742 3.091312 6.500967 -105914.222970
173.508981 18.508895 5.050872 7.647859 -106028.638593
160.365056 16.713725 3.015014 9.746664 -105996.827045
168.342137 9.471583 3.344893 6.959112 -105676.451975
160.530641 9.480569 3.090221 8.645973 -105847.908215
168.131036 6.138450 4.545891 4.339516 -105888.803687
177.403737 14.120972 2.772556 6.205683 -105958.573473
164.991416 8.375827 3.767967 3.970641 -105988.011836
159.232631 9.953431 1.518141 9.187726 -105989.138287
166.119447 6.451132 4.579769 6.307306 -105714.008406
170.137288 2.382849 5.287677 6.553015 -105738.755126
170.049792 6.219708 9.538924 3.977822 -105955.311472
165.633183 19.569812 2.750113 8.495460 -105994.700265
172.389096 6.094102 4.771538 5.247982 -105792.163075
167.671384 19.019084 4.165452 7.353749 -106014.708537
172.465963 2.560271 4.346220 7.416939 -105712.162532
163.591936 9.108531 6.422587 3.624709 -106008.007655
174.888109 9.318948 3.696034 7.699121 -105670.079223
175.735576 16.202244 4.338181 8.757095 -105874.671715
171.473277 14.414859 5.265371 4.991027 -105881.342197
177.907519 5.158811 5.181779 7.121426 -105873.656831
170.477722 12.201983 5.849463 7.898487 -105651.198561
175.474834 12.030243 3.722771 9.066737 -105678.434112
168.825362 9.427329 2.770060 7.283188 -105713.695529
166.136012 3.315279 4.925400 4.012736 -106000.112094
177.508699 14.750215 3.362715 9.660354 -105820.821941
168.387815 1.234992 3.975993 7.571532 -105753.289812
172.397522 9.802312 2.286988 5.005773 -105968.499737
172.636262 7.164822 4.569178 5.787877 -105726.922897
176.920829 18.206698 2.341398 8.564351 -105961.936808
162.626580 0.505708 4.266827 5.956594 -106026.680619
161.294368 10.071104 3.249547 4.962619 -106008.603082
167.671479 15.324258 4.552252 5.194043 -105934.586347
177.172648 11.995154 3.520333 6.970803 -105827.581895
168.025821 10.631183 3.717789 4.432046 -105912.803178
175.751203 11.921221 3.607589 4.516139 -105973.629934
169.486680 1.503337 2.189357 5.472673 -106031.733841
175.430961 3.001269 7.224806 6.635947 -105916.981599
171.887228 8.393245 4.762247 4.295284 -105884.021361
162.992262 5.301978 5.233595 7.764147 -105797.375895
175.288528 6.778143 4.027755 5.148195 -105892.194347
161.783150 13.027429 2.197100 9.318855 -105871.753648
161.701520 7.819169 2.297621 7.318643 -105914.473612
173.588459 7.248096 4.746935 5.339973 -105790.404590
171.818902 9.180553 2.592948 5.134567 -105919.901053
174.424080 16.560936 5.616679 8.100375 -105981.896686
162.817779 3.580300 5.597751 7.125821 -105881.343807
159.663782 12.247989 4.120172 5.954849 -106017.285808
165.117478 11.342625 7.366488 8.195182 -106018.758783
173.619307 8.485171 4.093872 3.886894 -105990.515482
172.672322 11.642939 5.414839 5.982013 -105703.844008
167.702165 17.799844 3.032281 5.940968 -106015.599194
162.512844 14.185473 1.325783 9.710768 -105969.620475
175.361269 10.687805 6.152191 4.235995 -105935.537900
174.293177 16.763628 4.838922 5.115248 -106007.132952
167.273670 12.492813 2.859350 7.834440 -105725.742005
171.025831 10.349517 3.772783 4.991320 -105835.649707
164.114052 4.667204 6.807730 6.424077 -105882.251105
177.056617 8.243017 2.310694 5.096617 -106027.227923
162.672906 6.764508 2.163103 6.250822 -105971.471639
167.795653 8.019149 9.372420 2.913160 -106041.470486
177.994641 9.680070 4.300691 6.529925 -105852.848360
174.361398 12.986761 6.189348 8.237741 -105837.628273
166.542165 2.173035 5.964791 3.833511 -106032.530009
174.550639 11.058742 3.747467 4.011520 -105995.318081
169.153575 2.650150 7.306906 7.546109 -105744.398198
177.195546 10.155182 5.855885 5.652619 -105889.002839
160.539227 11.207449 3.142932 6.291814 -105960.046886
171.850514 5.731100 4.087262 7.240626 -105638.837808
162.721248 5.004308 4.761765 7.476905 -105811.670027
165.040416 0.696999 4.213794 7.251204 -105850.002097
173.777418 8.633281 3.393897 5.481591 -105839.511342
162.258343 5.404586 6.034454 5.940818 -105951.912720
166.300484 9.761274 8.128931 5.945106 -105816.900354
179.750650 12.394369 2.586230 5.832021 -106031.370060
182.692852 5.238012 2.878183 9.674394 -105947.132096
164.116806 11.920538 2.906634 8.407325 -105756.316788
175.254095 12.873415 4.239314 5.927365 -105827.267760
173.791996 12.427295 2.342998 8.165317 -105776.696685
157.183153 12.154851 2.425920 9.921043 -105991.866943
170.841127 12.654420 5.159535 5.560356 -105754.032402
165.474680 4.593488 6.305062 5.436762 -105848.896698
169.395171 7.194937 7.911182 9.357640 -106034.580140
167.691959 6.041233 2.667067 3.889674 -106043.665166
162.246390 4.850039 5.049598 6.657934 -105889.655831
161.182414 9.250862 4.416864 6.472448 -105891.810025
170.943446 9.645633 2.369146 6.884506 -105794.784027
158.762272 13.368035 2.557272 7.824355 -106007.366427
