147.252707 56.879920 3.746549 4.960108 -112279.575701
136.922078 53.910026 6.563887 4.606466 -112469.362308
136.311461 54.565346 3.072404 3.056589 -112428.232226
142.018939 54.793934 3.547015 7.486245 -112195.775669
135.569852 58.133073 5.502756 2.291361 -112410.893451
146.672125 64.534488 5.126712 3.998181 -112390.694044
138.073910 64.909540 5.856337 1.605626 -112454.134335
148.626094 46.635487 1.539265 5.528311 -112475.601978
135.910632 67.423417 2.099640 4.354493 -112466.241647
146.794570 60.606649 2.501566 3.978684 -112328.328961
140.800323 57.202078 2.932425 3.945718 -112228.443214
143.790574 59.468325 5.431091 6.313397 -112102.655011
151.724293 60.137725 1.255303 7.180707 -112401.561893
133.745971 56.732346 1.344254 3.025498 -112463.973206
141.802871 63.556516 2.724802 5.489279 -112219.866160
141.374103 59.838462 2.651163 3.058829 -112295.171538
147.910346 58.401574 4.321045 9.723458 -112482.643154
139.979737 55.194121 5.430333 6.218909 -112224.560168
143.405289 64.063902 10.118750 3.031466 -112386.802076
137.423480 56.489008 6.268668 1.664249 -112426.893834
138.938952 52.103329 2.435806 5.892665 -112349.708982
141.870263 62.311602 6.590667 5.088922 -112110.068804
136.862059 63.037401 3.384445 5.102413 -112283.856887
138.883794 56.484693 6.696464 1.960469 -112364.821970
138.884574 57.336173 3.547173 7.092505 -112149.955339
149.861240 61.992178 3.319739 5.309728 -112393.930707
143.697368 53.539729 3.337164 8.342533 -112267.540443
146.354632 69.333436 2.043977 7.886939 -112409.969679
142.533655 65.872135 3.596686 1.117662 -112478.905842
146.078669 62.916492 5.875036 1.939090 -112420.488007
147.884685 53.292792 3.823914 3.391312 -112445.842131
137.471665 58.240265 1.752854 9.831445 -112254.441595
136.597926 58.396983 5.275840 5.137482 -112226.331577
138.794364 63.117821 4.724664 4.636791 -112210.395199
150.854161 60.445878 1.869526 5.448383 -112413.575579
139.819586 58.055203 5.088858 4.553895 -112081.502553
135.947748 61.874986 2.655067 9.347949 -112296.213461
149.357706 59.631589 3.174865 5.338603 -112353.122853
136.114478 49.020597 1.517672 4.649472 -112481.412515
142.950187 54.578068 6.149637 1.835062 -112408.027864
137.018554 55.630417 3.312642 5.906130 -112255.809546
138.674022 53.899708 5.168513 5.539430 -112318.267581
144.279514 54.089457 3.803811 4.845698 -112272.809213
131.754629 55.011772 2.532842 4.079737 -112474.000309
137.498728 49.961734 2.741411 5.016048 -112465.371973
142.745439 67.236650 2.374329 1.724484 -112480.142073
137.039648 61.789707 4.574204 2.900778 -112345.617216
141.295962 48.897290 1.800693 4.410053 -112472.056040
143.013534 60.810255 2.103976 8.248268 -112190.538586
140.078786 55.416536 10.158917 1.548398 -112414.447963
146.832014 64.477352 4.584340 2.889667 -112432.166776
150.784165 65.131169 2.522559 6.124824 -112433.200320
143.336391 57.019393 2.655497 7.377355 -112160.463851
143.303161 64.700037 2.808889 3.590592 -112352.247670
146.329683 63.651937 4.482917 3.018276 -112383.825262
141.203088 67.720357 3.653803 3.089134 -112461.859649
146.623957 64.201910 1.678647 1.690828 -112480.581058
148.543432 55.045798 4.880955 5.341766 -112418.911873
136.856167 65.898715 1.838256 7.085112 -112357.455332
140.037408 54.980942 8.329962 3.505162 -112320.018006
133.176715 61.439433 4.541942 3.249812 -112478.754442
144.176149 56.318465 3.084729 3.625615 -112276.317080
142.410676 61.424970 4.436045 6.185947 -112084.337014
143.789388 57.393573 3.579596 3.906533 -112196.528871
139.996755 64.969448 4.140459 4.202809 -112302.169487
143.848085 53.472855 2.960900 3.982119 -112351.394210
136.219876 61.921327 2.012097 2.256805 -112448.709244
135.751954 53.064215 4.284106 5.332942 -112433.277186
138.434528 60.267061 5.611182 5.560810 -112125.692352
137.454799 59.153777 3.140700 1.557291 -112441.885017
144.672704 61.433439 9.545305 4.145996 -112237.455022
145.462189 48.978003 3.289366 5.478328 -112474.464973
132.184061 60.705748 2.365113 5.100881 -112421.096831
153.786958 59.741592 1.840337 5.912795 -112463.856896
137.065372 51.280705 1.089677 4.158289 -112466.119558
133.590313 54.053382 2.606130 3.758335 -112461.076415
132.692395 62.693066 1.942423 4.315016 -112449.351774
154.325044 55.646318 2.112252 7.434547 -112450.830527
135.257062 55.351148 3.704521 3.356413 -112417.367820
137.136910 55.781465 3.567518 6.393057 -112238.836289
134.968987 63.247568 5.139672 4.835185 -112420.570339
133.869461 65.220843 1.365981 3.706281 -112473.238268
136.397292 60.400075 4.198687 2.896883 -112356.838249
145.938632 62.652708 3.353924 1.506452 -112454.371622
147.947648 57.398769 5.031974 6.206811 -112334.163880
143.004397 56.674477 2.423244 6.857588 -112178.724738
142.534274 64.022802 3.841867 7.687800 -112235.735466
153.416117 58.805106 2.224402 9.537202 -112387.659449
139.155687 67.385892 2.629603 5.256321 -112399.415808
136.412172 64.340088 7.935169 1.169071 -112478.539854
140.084149 62.018329 3.968085 8.469918 -112235.804608
132.400547 56.545292 2.682452 6.011280 -112401.235749
145.021858 66.883359 3.223311 4.727507 -112401.933281
138.780432 59.946497 3.679367 5.647766 -112122.677683
145.034896 64.078702 7.845115 4.278117 -112382.674305
139.321629 60.781776 7.612289 3.043013 -112186.355695
145.017536 54.076439 1.026657 4.649714 -112411.247288
150.124812 53.583524 1.730657 7.565385 -112375.813275
148.519087 63.074403 4.544023 6.874205 -112401.313262
152.665784 62.483132 1.329679 4.766683 -112471.940507
145.259262 61.103943 1.017999 7.943111 -112325.312396
142.896037 62.845594 4.175999 7.926909 -112224.887966
150.070951 65.822281 2.217360 4.210593 -112466.108134
137.120006 60.126583 3.955579 4.011787 -112248.974510
138.119834 55.981164 2.705036 4.411604 -112292.534828
142.093538 64.337385 6.321851 2.902924 -112322.248021
143.626627 59.184575 3.500179 4.889346 -112120.989958
135.404431 65.002024 2.523652 2.294739 -112469.345316
142.234017 57.383513 4.832728 4.942788 -112065.389900
140.297147 66.457717 1.994249 6.103902 -112345.096412
147.145242 62.397950 6.231981 2.599638 -112404.730227
144.165449 62.469832 2.390758 4.536110 -112268.996247
143.940842 60.670813 11.270505 4.914067 -112445.054349
151.946005 55.134710 1.161157 5.600017 -112454.759524
141.277378 57.629497 4.690313 1.598462 -112388.206787
146.587939 58.377122 1.672349 3.873765 -112371.420051
147.534686 61.059726 9.092606 3.055181 -112441.040278
147.190842 59.214650 5.010914 3.560410 -112303.254752
136.816796 52.541179 3.514461 4.552260 -112420.893247
144.384778 62.367635 2.137624 5.526047 -112252.052288
137.854736 63.656252 3.049539 2.896793 -112387.861876
139.555425 52.456865 3.299239 4.406380 -112381.404738
138.102054 65.613121 7.840411 1.462992 -112480.217550
137.067276 53.144934 2.251820 4.152279 -112414.535945
148.110820 56.941125 6.129283 5.772346 -112430.669201
134.909106 57.587968 2.177117 2.360729 -112451.102578
138.207057 53.976044 1.774299 2.322314 -112464.707085
135.819765 59.341482 4.125034 3.911159 -112310.405222
134.835853 55.670111 5.685278 1.877896 -112472.527208
147.972693 61.739818 5.548316 4.566713 -112356.930074
141.207859 52.601714 5.137501 7.856496 -112472.906820
144.295048 64.387624 5.218862 1.887709 -112433.172091
136.090382 70.685027 1.523470 7.075531 -112469.400438
145.913138 46.372170 1.640512 7.455196 -112445.921462
134.311103 61.649912 2.047109 2.495616 -112466.043708
147.081772 65.538135 4.160020 4.085219 -112426.014682
148.605955 55.642638 4.361526 6.074415 -112374.979009
146.203810 60.117154 3.031854 5.892734 -112202.428179
144.593189 63.561612 3.055394 8.733493 -112247.144298
142.042735 69.875564 2.343176 7.194132 -112426.343127
138.659446 55.932147 2.286784 3.076702 -112379.084056
132.273303 63.574795 2.540153 6.200409 -112432.912700
145.996304 59.160109 3.125980 6.691622 -112179.975949
130.329515 58.364688 1.378578 7.530755 -112417.041193
141.682547 67.828176 4.307412 2.656669 -112478.709993
139.794289 60.037269 3.253107 4.492553 -112161.833170
139.705868 52.366032 2.006035 5.823812 -112347.727386
141.316961 59.964618 2.697641 7.963210 -112144.348237
139.912338 51.453823 1.314934 5.960515 -112395.626272
147.686913 59.578353 4.979595 1.922516 -112438.400465
137.107401 58.584264 4.623201 3.101936 -112301.710770
139.781330 58.792397 7.656341 1.844375 -112333.251340
139.836080 58.644016 4.009140 4.591401 -112111.337830
148.146545 62.600273 2.291162 5.220587 -112349.149346
146.781200 63.861147 3.100694 3.706845 -112378.590613
144.825222 52.381127 3.880080 4.401127 -112381.023541
139.086758 65.875740 4.426502 7.953394 -112437.287246
144.698568 61.058647 1.718596 1.251756 -112467.123366
141.503770 62.850848 5.591202 5.949506 -112156.706062
145.804896 60.387490 2.212990 1.179001 -112468.303264
139.206696 54.557019 4.573431 6.637341 -112251.750822
144.919223 50.965292 3.528418 8.084058 -112394.161518
140.464992 48.035744 2.631699 6.643477 -112455.618805
144.769206 63.342366 5.107844 4.965936 -112217.919531
145.881026 48.687035 1.267782 6.049271 -112441.269734
139.159584 59.020264 1.280282 4.575619 -112341.496850
135.651023 63.547698 2.451241 5.222109 -112354.106490
135.840132 54.112742 2.617280 2.800852 -112455.924453
135.305659 62.173604 4.750118 5.597742 -112342.934482
143.940495 53.132381 8.289253 2.849226 -112473.931844
143.187690 54.843258 3.562293 4.366700 -112249.488849
134.831989 55.621521 5.595582 4.276988 -112436.686482
132.277630 56.213743 3.078065 3.293318 -112473.077482
130.833597 60.298652 1.499416 3.699453 -112477.262866
148.355170 55.691623 3.316647 8.862484 -112330.197375
143.764892 62.156135 6.317008 1.427621 -112401.064236
145.163779 67.754118 2.248185 2.747359 -112482.902967
140.087340 62.845796 5.079576 3.358193 -112234.760900
145.612652 56.835074 1.630712 5.041010 -112323.296164
151.461048 62.187591 3.580120 5.065595 -112476.948888
140.505660 62.320212 5.346411 3.483903 -112186.162965
143.362287 53.533355 3.157195 7.038815 -112244.380542
133.671698 63.063511 4.486364 4.578111 -112459.039598
142.727237 67.957508 3.114491 6.368837 -112387.462231
131.050161 60.927857 2.800738 4.657697 -112467.072712
145.850117 63.460266 4.689909 3.835335 -112309.890312
136.714408 64.109241 5.506242 3.087186 -112405.704995
135.012325 64.445045 4.323974 6.622933 -112443.721887
150.675545 60.654476 1.967975 4.349508 -112442.652487
136.392231 56.599258 1.317804 4.250051 -112400.157295
144.529296 52.053238 4.416290 2.436466 -112470.326064
137.895320 50.632010 1.510683 6.018444 -112414.860749
142.659378 64.365488 5.722542 5.735612 -112263.183130
142.047685 52.562126 1.571821 4.921347 -112384.757802
151.931177 53.083694 2.068301 5.501498 -112467.887978
153.624447 55.934065 2.111217 5.888229 -112475.579092
138.819569 55.809890 1.223212 1.972640 -112464.055347
141.055033 71.507433 1.689990 6.828394 -112460.725543
144.860138 51.613535 4.140126 3.177692 -112458.468615
131.620604 64.837157 2.195300 7.048258 -112451.580407
147.351645 58.299569 3.374299 9.349246 -112293.138596
140.794325 67.550847 3.379944 4.156966 -112427.050549
149.844088 60.144915 3.239127 5.206815 -112381.831949
149.097817 52.781731 1.973226 5.171498 -112426.971048
146.707573 61.382915 4.359910 5.075300 -112234.115105
149.308450 63.764316 1.541386 3.457255 -112460.334488
148.450965 50.597262 1.775743 5.705549 -112434.127413
137.207508 58.221900 3.969579 3.090012 -112316.508015
140.756303 59.541752 4.785337 1.948757 -112350.620955
147.621184 60.796203 4.792035 3.358387 -112350.812173
144.218790 58.190943 3.535515 2.080819 -112359.958478
136.976629 62.240809 7.262192 6.081269 -112479.122603
142.857796 65.423801 4.518980 3.103920 -112375.853580
141.405433 64.977250 6.139051 6.500036 -112410.748064
148.470569 63.609903 1.907522 7.785662 -112322.166553
145.408297 72.237513 1.097638 6.416651 -112472.860094
132.929686 63.016387 2.614714 2.975814 -112479.727460
134.458906 55.477846 2.002290 5.994536 -112362.003960
141.423868 63.274174 6.205668 5.702447 -112199.605455
139.858415 50.822466 3.315514 3.488192 -112478.295082
142.577718 53.532310 3.672808 1.380390 -112479.170948
150.810535 61.129062 3.194629 3.083563 -112483.202290
135.186834 56.854144 2.312175 8.697358 -112284.391442
141.437184 54.440027 1.037361 2.159827 -112467.334916
147.789129 53.218065 2.772579 3.086846 -112449.706805
143.232392 51.646593 5.140381 5.311263 -112426.954025
145.456394 65.042951 4.470495 7.751873 -112389.982946
137.821028 57.126940 3.965854 9.913048 -112398.667688
144.036446 54.447218 4.108382 5.765166 -112225.055938
140.581857 53.998588 3.094741 2.077548 -112443.555620
136.434246 66.093987 4.511872 6.388262 -112473.654966
147.404101 49.734509 3.139753 7.418330 -112444.584768
136.569876 63.185740 2.142553 6.260044 -112304.103186
142.996506 56.706412 2.725182 1.370209 -112443.658153
141.204287 66.274517 9.092745 1.702375 -112478.960960
139.527578 59.081640 9.484898 4.518342 -112159.596663
139.870477 59.668081 2.483794 1.318342 -112461.266930
130.577493 58.480544 2.835503 4.946920 -112468.258392
134.291598 57.310444 3.793444 2.356696 -112449.394260
144.695985 70.134816 1.130104 5.649672 -112460.898929
138.457961 53.339531 4.969739 4.502977 -112372.501821
136.760355 61.171099 7.177898 3.963848 -112295.434501
142.042563 55.387973 1.758732 8.449529 -112238.268197
136.014725 58.393044 2.674574 4.404572 -112316.292837
146.653494 59.429261 7.657433 6.064782 -112463.215170
147.493178 57.573578 8.080356 4.930359 -112476.014094
135.194285 55.189232 3.817569 3.970213 -112400.421600
133.902990 61.472624 2.095733 3.941376 -112423.333039
144.164962 53.626585 6.313494 4.099766 -112353.399618
140.656524 64.381474 8.681815 2.293427 -112387.139896
146.277856 62.663792 4.568921 3.481592 -112319.372697
145.605208 65.591333 1.551099 3.666860 -112434.468553
143.915575 68.722092 1.517682 6.177683 -112416.613208
144.069833 62.120778 4.031694 4.206847 -112185.969934
150.513445 57.058262 3.176111 3.999719 -112463.128961
145.769204 67.606938 4.234710 6.188229 -112465.795904
136.760999 63.338294 2.705279 2.885981 -112410.359408
148.577552 53.387797 2.368652 8.355181 -112330.513847
140.033913 62.054439 7.609229 3.761004 -112144.618987
133.716759 60.299655 3.338381 6.872338 -112342.799690
142.999617 54.201598 1.573360 1.611524 -112473.438995
145.324249 65.653274 2.463192 7.894907 -112298.070355
138.954263 51.522053 2.536524 3.875201 -112444.932353
136.464004 59.399250 5.221657 3.795255 -112273.535589
139.613162 58.045915 2.595938 4.163784 -112240.811867
138.796221 56.327560 2.572107 5.757104 -112220.285036
138.748347 58.669640 1.465141 4.906725 -112316.526870
149.093443 62.552248 4.492035 3.497675 -112442.255451
143.905715 49.897379 2.375660 5.400839 -112420.148428
134.106106 50.000359 2.740526 7.125771 -112474.143414
145.466044 70.556421 2.364396 7.762093 -112450.547107
138.074337 61.105837 3.303193 3.074548 -112321.520459
138.152175 64.688254 1.438836 1.616733 -112477.103070
135.638986 59.127450 4.965701 3.259869 -112352.678138
139.723702 54.946280 4.272847 2.421793 -112386.062359
146.653837 62.499275 1.454778 2.482284 -112450.668355
148.508742 64.745515 2.753835 7.915619 -112344.707227
144.852903 63.433878 3.652093 4.884788 -112238.134780
140.480260 54.915042 3.222564 4.168258 -112276.159977
152.016445 53.381971 2.508161 5.718796 -112473.536267
136.097401 58.350363 4.640798 8.792004 -112445.058815
147.682892 63.352046 4.498542 6.427946 -112349.683384
144.796091 59.041359 4.884345 4.754802 -112106.345007
145.931924 58.968268 3.662002 5.060490 -112186.493138
134.286199 59.167908 4.080573 2.803658 -112434.278694
146.300823 53.992189 2.528779 4.540835 -112358.753642
146.141510 61.581952 6.060601 3.827266 -112250.582263
147.683212 65.279969 3.650692 5.016568 -112398.172350
150.899292 62.970451 1.644366 4.864158 -112443.766087
139.839859 64.234345 5.435553 7.297352 -112384.891497
146.472537 63.647185 3.192349 4.419679 -112327.404305
129.777331 63.201947 1.070705 4.815160 -112481.427646
138.877594 64.564788 1.822180 3.266134 -112410.320841
146.858049 51.515579 2.126250 6.562870 -112372.282973
137.543919 65.254914 1.886222 5.982981 -112351.068595
135.065286 51.815406 2.369667 3.547947 -112478.841076
139.980242 65.132258 1.280957 4.899313 -112386.449332
133.914956 62.767477 4.134649 3.465290 -112454.984099
145.750000 66.006330 5.327807 4.207281 -112438.322086
144.037890 63.155591 8.515179 4.205343 -112277.001688
149.980564 62.792713 2.834990 3.524038 -112456.740645
152.909529 55.134265 2.719859 8.390631 -112434.728771
143.201790 63.265923 1.882055 6.207355 -112261.642882
143.453430 62.641580 1.760980 6.973714 -112250.456768
134.035773 64.168796 1.375647 4.138714 -112453.909175
145.619631 61.885096 4.409161 3.954169 -112238.159492
131.247413 53.748287 2.038270 5.189823 -112468.261674
135.433276 52.766556 2.415633 3.780131 -112454.953542
148.850510 55.887777 5.390156 3.482171 -112464.739601
140.474930 64.984869 3.268618 3.691911 -112339.125459
143.029408 68.746903 3.333249 6.818298 -112432.135762
148.259314 57.911743 1.846782 9.991261 -112271.276196
138.304916 62.320314 3.735919 6.042805 -112183.778726
145.241446 65.542403 2.545451 7.854783 -112293.684083
144.722322 61.482214 5.302548 1.959948 -112353.486713
148.100413 58.713650 4.575778 8.483780 -112416.354306
136.952703 64.728758 2.977489 5.328152 -112338.465618
132.146024 62.279326 2.905611 4.278272 -112462.733676
141.437830 63.298479 3.656601 4.078303 -112226.522307
147.728988 65.011385 5.698325 4.482681 -112477.642140
141.265297 51.410975 2.653014 6.244912 -112341.600337
137.182394 62.508519 3.825846 6.900147 -112243.447793
144.218360 58.419561 3.410309 4.310705 -112174.217837
145.201072 62.816339 4.065148 5.063261 -112210.389211
136.877062 56.407481 3.010559 3.861375 -112333.097358
144.773216 55.918888 1.774587 8.921348 -112242.966886
141.528672 63.801927 4.401357 9.518308 -112450.917286
136.973855 60.097737 1.255352 7.705450 -112309.721175
143.240648 52.052755 3.010188 3.447688 -112426.135834
145.030034 57.147789 7.211975 1.560911 -112382.196474
142.774955 63.091265 2.219833 2.914472 -112373.162350
141.063707 62.597895 3.292767 3.714076 -112246.802885
147.227937 46.924230 2.357930 6.747940 -112474.269003
136.428665 62.791543 2.663386 2.738167 -112417.778599
139.665052 58.220118 7.448539 3.898455 -112088.978660
140.218670 66.404974 2.572345 8.871180 -112317.191196
144.670652 59.407297 3.218364 3.278395 -112266.485093
142.270795 54.888271 6.359061 2.883034 -112301.717101
139.709467 54.215978 4.908328 4.060591 -112302.448791
148.392993 59.466059 4.930165 5.800506 -112332.286325
145.852782 58.535470 5.775736 2.994380 -112256.684887
143.603032 56.415741 5.959300 4.650317 -112125.340400
136.394084 59.789596 7.099009 1.355382 -112437.532520
151.959073 57.979943 1.344469 7.075781 -112405.295596
140.464299 51.068145 3.237944 7.000586 -112355.444544
137.427572 67.892023 1.682517 7.802369 -112388.289559
140.107846 63.390562 5.773547 7.477873 -112395.792406
137.050063 65.734762 2.776696 3.280229 -112435.536607
138.653488 66.393005 1.255229 6.422047 -112385.943796
133.970339 54.065252 1.558897 7.635727 -112368.453736
145.391222 60.771264 3.755644 2.049106 -112380.219822
137.593781 56.284437 4.689555 3.822530 -112278.792487
141.457485 55.545544 6.183016 3.314774 -112227.334750
149.529321 64.954585 1.843721 9.007553 -112348.231756
145.930836 54.076465 4.644635 2.513851 -112417.138295
145.571757 60.521402 2.194727 3.606689 -112330.787123
140.943539 50.047286 1.635721 4.060933 -112464.394639
133.062133 56.503297 2.996043 4.000126 -112437.057859
137.517564 62.737228 5.188805 3.962486 -112275.270075
147.579415 57.669994 2.327070 5.133303 -112315.184203
141.898072 57.781686 5.859515 5.673751 -112057.585523
136.569943 64.429166 2.052323 3.786136 -112411.232372
146.308175 58.102921 3.878090 5.327021 -112198.074362
147.961282 57.069415 4.178140 5.603617 -112300.562926
146.656082 58.277640 2.555401 6.262303 -112234.188246
135.356125 55.563537 5.258897 2.349652 -112452.131875
133.166754 62.046440 1.963685 3.135935 -112467.396441
151.152831 62.375387 2.506324 6.772740 -112394.246449
142.713881 68.364985 1.541318 5.609594 -112419.416683
149.886830 53.779674 3.398125 6.592982 -112422.825764
140.121518 69.460440 1.516317 4.150762 -112475.221426
134.647439 61.130862 3.676460 5.651479 -112322.855656
139.012432 59.501423 6.469217 4.793533 -112083.048100
141.678768 58.908975 2.862479 4.879866 -112151.653754
146.945100 65.880785 5.257785 3.671082 -112475.710543
