198.997760 52.167168 3.528335 6.128990 -102288.320946
197.017795 61.647856 2.980769 3.749701 -102561.055482
197.751294 50.812796 1.585741 1.730870 -102576.190333
195.978033 50.505793 2.681961 1.280497 -102582.397220
195.109554 50.332660 6.898737 3.839457 -102344.586149
198.056002 46.147852 4.002028 8.510327 -102465.719487
197.308606 57.811707 6.186109 2.608011 -102453.392790
188.364363 58.332817 2.506135 4.856173 -102581.660837
192.564025 50.613523 6.831738 3.891196 -102526.282382
197.978768 53.864250 9.302621 5.953125 -102348.833357
198.964325 50.106202 3.605271 3.531034 -102420.450620
194.399432 56.185443 3.207451 8.023594 -102393.577721
196.135291 61.137901 4.289729 4.961826 -102513.262769
199.265254 48.060610 5.584640 5.467539 -102353.759612
190.381523 56.118591 5.609297 4.278009 -102592.634836
193.485284 54.567766 2.315432 5.167247 -102416.546349
198.843497 45.242046 5.633277 3.157410 -102569.203426
192.832434 57.836015 3.726026 4.484454 -102447.039954
193.779562 58.436166 3.060338 6.510592 -102424.658839
194.573784 61.496936 4.219720 5.165930 -102544.875077
188.731004 51.198292 2.395641 6.954361 -102559.078625
196.170382 55.361732 5.395673 3.990341 -102264.739363
193.627748 61.694097 1.933120 5.271370 -102539.248339
194.764442 47.735749 5.266263 3.818679 -102486.611478
192.499362 59.780341 2.471349 3.939888 -102532.586483
196.783414 51.130005 6.240045 6.976780 -102380.416208
195.878389 53.526185 3.493253 2.050154 -102473.748806
195.549893 56.226056 3.987213 2.933789 -102410.618294
187.476337 50.927785 1.545468 8.309350 -102558.163175
198.858245 62.283445 5.387982 4.578867 -102584.188411
196.211348 51.939172 4.190445 1.563608 -102513.369664
199.755102 60.467199 5.836567 8.598686 -102551.525105
199.384957 45.057777 5.347522 2.982167 -102577.520715
192.303270 55.131141 3.575531 5.050164 -102417.598636
198.978805 46.008264 1.823956 4.667993 -102534.996835
189.618010 53.550807 1.625722 4.595430 -102567.424898
191.731402 50.328913 6.360691 4.053336 -102595.116662
196.226828 49.665910 4.117575 6.303730 -102342.329563
194.204655 54.395116 4.934247 5.396077 -102317.117169
197.339267 52.579412 10.349135 1.298238 -102477.161943
196.659188 51.844854 4.925148 8.446347 -102413.178656
