139.902110 65.315998 1.750313 5.786835 -111163.548338
128.567695 64.131192 2.229542 6.038403 -111174.110823
131.504068 65.717739 2.119289 6.526871 -111149.437877
129.791136 65.352712 2.340560 6.297532 -111165.399200
137.443552 63.652670 1.441042 4.214494 -111174.549513
138.672389 64.755389 1.693265 9.859538 -111164.002091
127.741641 63.684003 1.030013 6.516572 -111169.963368
137.137678 68.035928 1.024081 7.055478 -111151.003518
134.773959 65.507152 3.407228 4.329475 -111158.076778
135.540114 69.529138 2.799166 5.035621 -111147.894774
132.834858 67.639597 2.219392 3.935177 -111158.893388
133.667179 63.110355 1.870856 7.454695 -111151.331800
139.010546 65.749003 2.769014 5.049216 -111169.719508
134.235104 62.420467 2.205603 5.796460 -111162.166166
131.405172 64.793036 1.324347 5.526343 -111157.158180
136.739150 65.214746 2.060192 4.996902 -111150.787734
129.263939 62.557848 1.887430 6.089729 -111169.163288
135.582329 67.925618 2.617222 3.357478 -111161.095209
132.818552 69.017718 1.417533 4.940109 -111157.736784
135.410044 67.361798 3.439998 5.784067 -111171.580087
