9.363763 47.014267 2.431125 5.126723 -109158.876839
1.857690 43.372310 3.879112 9.390557 -108163.329009
13.286747 29.136823 8.448060 7.187162 -108160.977079
24.736949 25.349985 5.081836 8.906383 -109228.060277
6.935695 34.331974 7.698039 2.359697 -109207.971790
17.685904 29.071076 1.762150 7.621265 -109149.485751
8.589386 46.093277 7.491561 5.764468 -108009.286264
27.711904 30.525382 5.003065 8.901034 -109113.095298
9.365880 41.970817 6.249777 5.786408 -107397.597662
21.141428 39.166788 3.962841 7.465997 -108351.859348
13.639174 34.885073 6.818121 9.318014 -106477.070301
21.664707 29.283382 5.452806 6.091995 -109211.126161
10.003749 30.190808 5.635810 6.303771 -108295.735238
16.817043 44.294938 2.456748 8.013671 -108541.149264
8.500971 40.541766 9.260211 4.346153 -107462.551492
5.969097 45.584984 5.983010 4.462767 -108814.455688
18.474014 30.982196 5.226508 5.931218 -108751.179080
4.578714 39.230713 8.134562 3.551246 -108662.371278
14.186542 30.072593 3.010631 5.743877 -108982.739113
13.245010 28.267445 3.114863 5.384049 -109194.051560
11.262629 46.291307 4.766049 4.554819 -108782.694937
23.413799 43.246742 7.320891 7.971671 -108597.294048
12.477474 34.971892 5.258455 4.799590 -108158.969933
23.875340 32.215433 3.724306 7.313760 -108991.169903
20.341076 42.116816 5.794280 6.639577 -108249.437348
16.511460 29.253254 4.424799 9.380230 -108061.398223
19.345664 28.438348 3.328627 6.099109 -109227.429783
9.988362 38.847861 6.162528 6.603291 -106886.485241
5.291988 51.123025 2.644473 8.913240 -109024.002738
17.296743 37.413981 6.546741 7.017101 -107257.445306
19.419385 36.923752 6.044021 4.382055 -108768.995292
1.465321 32.032744 7.344376 7.288372 -108436.435981
2.458771 36.413240 3.023564 9.743377 -108225.120606
9.020866 30.075843 3.944915 7.019092 -108470.768541
3.197171 33.313663 6.726253 5.238533 -108698.575285
16.972574 47.457198 4.559247 4.483920 -109178.895426
24.203198 39.459503 3.091936 8.260313 -108745.578448
11.232534 41.188388 1.667773 6.642788 -108829.545034
8.387943 43.276833 3.127157 8.929813 -107917.620245
23.929513 42.432798 5.539872 6.108724 -109041.487721
2.626417 38.734106 4.642264 8.894620 -107742.406029
9.997382 34.797836 5.591865 5.665645 -107719.040938
7.295983 37.514529 4.299874 4.544558 -108487.425482
2.752928 36.283490 6.670114 4.440595 -108809.009044
10.682290 41.527962 6.572565 2.170843 -109165.345844
23.493456 46.724158 2.265632 9.015687 -109037.033544
9.599228 35.965181 3.650987 2.895464 -109189.545052
12.412431 29.189220 5.499086 5.179693 -108843.534428
3.410654 50.104642 1.949616 8.895941 -109175.314666
6.803951 44.257337 5.004044 3.487020 -109038.712440
15.298998 41.723351 2.860682 5.139961 -108763.209261
18.480404 47.733881 8.453218 7.573295 -108587.362093
18.312342 39.642706 5.735173 4.222103 -108686.817813
8.138759 44.987159 7.983462 7.371541 -107217.427515
14.633886 45.841041 5.242881 4.866406 -108640.740357
18.801661 39.765538 3.112692 6.274303 -108618.816559
6.629786 31.623349 4.293786 7.445494 -108211.408808
9.246312 40.605988 4.503682 5.642619 -107887.265845
13.937948 39.768140 1.880855 4.615791 -109100.018364
28.304566 40.986573 2.501104 8.496724 -109175.483202
18.299768 43.681458 2.753550 6.393082 -108810.054572
19.433955 30.239723 3.386256 9.097962 -108425.977585
18.482933 45.770655 6.976067 7.069174 -108175.266295
3.679023 30.471843 5.750941 5.595813 -108962.144709
10.673422 30.435771 8.739257 5.161518 -108352.105673
22.119284 37.902584 3.904075 5.363187 -109040.479928
17.535704 38.456889 6.473711 5.079047 -108067.982485
13.730388 38.576616 1.530953 4.973052 -109151.601380
14.456657 37.185837 4.294846 3.314107 -108947.997245
19.407808 36.145683 9.757241 8.856705 -107344.722154
18.621980 35.705107 5.479697 8.456290 -107434.080157
12.062628 40.401263 10.341440 5.250411 -106534.387758
4.680117 46.776900 6.364629 4.904765 -108954.197787
10.798537 40.690939 9.251133 4.649158 -107111.248628
8.524824 26.515476 2.581527 8.506485 -108957.656921
1.878068 36.137098 8.039304 8.485302 -107417.178337
3.864678 39.421649 4.916198 7.441103 -107825.888442
13.929325 28.622832 5.590038 4.397126 -109190.361492
17.515233 47.358247 3.096489 7.008140 -108841.788111
2.777430 37.279455 9.003075 6.653613 -107651.424264
18.550376 25.216962 3.083115 7.962949 -109149.035239
24.680901 37.966839 5.103905 6.148523 -109043.833707
16.887756 41.589435 3.818001 6.651419 -108153.394203
12.127869 29.971378 4.658471 4.226604 -109100.885530
7.155537 28.924987 5.383920 6.477598 -108682.733523
4.505622 29.665977 4.767153 9.051689 -108242.381190
8.107820 44.896556 3.239333 6.267473 -108548.278721
19.021624 45.189021 4.155395 9.048151 -108061.319242
9.392574 44.059374 3.143183 7.043472 -108268.365872
16.716463 42.026554 5.826862 4.431815 -108480.261113
3.412397 46.488732 5.224364 9.923635 -107902.352416
23.424040 40.150740 5.301736 5.646037 -109016.214820
4.610434 44.481368 6.936846 8.242278 -107517.646592
11.564633 42.927870 7.322171 2.918539 -108787.580042
17.765334 32.244392 5.124733 6.073035 -108476.416118
4.880473 40.259059 5.025589 6.960262 -107787.613896
9.661296 44.492059 5.289737 7.737491 -107414.603317
11.058603 39.962542 6.006607 7.123882 -106764.836173
23.201048 33.448371 4.359695 8.197666 -108564.053085
3.470466 46.440844 7.707574 5.065389 -108964.983341
13.564126 45.139109 8.835877 7.205617 -107125.322387
10.996509 28.323977 7.276421 7.745797 -108227.933692
17.643175 35.759909 6.513501 6.590862 -107603.591992
11.709038 31.337871 4.159486 8.542188 -107812.104049
15.482018 48.439529 4.040739 6.030121 -108896.017517
23.675406 36.296362 4.599063 6.221006 -108956.225407
2.031812 40.427800 4.729034 9.611760 -107684.355649
23.103548 39.170961 3.462383 7.712327 -108657.563026
6.414985 36.035115 3.937100 4.837556 -108618.586313
7.157038 40.264970 2.528796 6.639912 -108514.654045
2.537825 37.979775 1.467437 9.891740 -108909.121318
7.908515 49.840314 4.037676 5.969749 -109069.696993
2.450916 40.894964 3.491788 6.692493 -108654.268396
16.532205 26.762657 5.099887 6.376933 -109099.945862
12.267255 49.968141 3.121247 6.340725 -109070.468682
15.972663 34.093399 5.566260 7.195130 -107550.808085
9.820183 50.345797 4.613320 7.200047 -108774.949780
8.891355 32.167696 6.742679 4.522347 -108469.138223
14.164557 45.205737 7.963500 6.102167 -107618.918020
7.823721 32.917731 3.792611 6.175670 -108412.151925
4.629452 28.833439 5.801891 7.847331 -108543.784784
8.312769 37.167686 5.768337 2.648061 -109025.480291
4.691669 40.790496 1.406342 7.513177 -109057.263992
4.008332 40.266067 4.820298 6.730782 -108052.517896
12.975070 34.054021 1.125828 8.361498 -109027.481610
8.927477 37.393563 5.364560 5.589740 -107637.991128
14.179186 49.307128 10.644646 7.378546 -108863.979314
18.636652 42.477654 5.856655 4.516081 -108735.419973
20.757491 46.159510 3.725610 5.930193 -109104.135205
17.599768 42.204747 2.356261 7.052583 -108685.274937
15.541467 28.178985 4.953147 5.136991 -109153.314674
12.871113 42.847912 4.737399 6.557395 -107655.780494
12.942386 50.602564 4.814009 6.323747 -108991.516657
9.935625 41.568499 5.027130 2.746830 -109046.397892
19.672319 35.892589 9.189094 4.193785 -108739.229671
20.599281 32.918896 2.206255 6.122045 -109193.831208
2.467698 32.613734 8.582403 9.000700 -107670.217420
22.013890 27.733267 5.946435 7.198743 -109199.949800
21.991533 36.776903 5.578104 6.032919 -108667.319573
11.684702 41.503062 10.829492 2.056307 -108977.210646
3.857463 39.420144 4.913886 7.430013 -107830.746988
7.806473 48.497457 3.507710 9.135559 -108367.164200
4.246427 29.497925 6.307598 9.756082 -107991.565605
14.397326 48.327631 4.265488 5.529684 -108922.329291
7.601394 39.556761 5.277642 5.882723 -107651.832132
14.419709 34.840647 7.360005 2.447003 -109120.495202
17.438169 39.822769 2.468066 5.407627 -108908.975230
10.741739 27.749007 6.592496 4.754019 -109136.247332
12.277869 40.134330 2.746645 5.016016 -108666.728255
19.833077 36.285775 7.493655 3.582902 -109041.738406
13.468328 37.994421 2.449364 4.353535 -108968.283898
24.049844 29.851088 5.574171 8.520154 -108864.544681
12.129611 41.471027 2.860741 5.059456 -108654.663945
12.876139 30.350520 4.601779 7.620617 -108077.252322
13.674707 34.724020 11.866531 3.287235 -108295.509056
11.601221 36.637112 11.973819 6.566133 -105884.086508
25.951782 36.118709 5.754443 7.909202 -108840.401507
31.013643 35.038121 4.629467 9.376851 -109199.874529
15.746175 39.239470 4.115203 5.449426 -108236.411257
7.828942 46.830749 3.330663 6.896464 -108611.134718
7.829937 38.802104 7.497826 5.129851 -107365.135893
22.458634 42.964876 7.668632 7.127993 -108556.594945
19.567400 43.840952 5.838808 3.769679 -109192.529279
11.333663 37.753652 2.746254 5.831246 -108442.691380
16.767088 35.768964 4.586370 8.919783 -107326.656822
18.748228 38.505470 2.528794 4.522824 -109173.506157
1.538704 34.367419 3.564107 7.285517 -108714.438624
18.465492 34.213999 6.071872 7.499406 -107705.077124
20.606031 38.348397 2.444515 7.170143 -108794.632593
24.039547 28.054514 6.076546 9.608325 -108883.783805
9.602550 35.476793 4.414733 4.732113 -108360.830195
26.075904 39.540211 2.751925 9.185479 -108831.769989
21.645661 36.411729 9.810094 7.752104 -108150.552117
5.004022 47.227225 6.129216 7.580772 -108251.718953
13.232355 49.374568 1.732685 7.639793 -109139.989521
11.758636 39.117037 6.888351 5.090249 -107298.644223
3.736247 31.389655 4.767956 8.735467 -108135.794825
21.513507 46.974096 2.721412 7.400152 -109082.989225
8.348568 43.805415 5.796672 6.469288 -107610.504142
8.203809 36.097804 2.842903 7.086894 -108267.935325
1.849858 37.502800 5.513230 8.285980 -107807.600004
16.606764 32.395009 4.191310 6.409404 -108416.205102
13.773459 33.170859 6.204002 6.049306 -107740.513612
23.627560 29.790730 4.992679 8.799158 -108743.240150
19.124798 44.317528 6.025129 9.520458 -107576.423614
29.401931 41.205991 3.918141 9.072532 -109073.312678
25.296252 43.670835 4.442593 9.260803 -108652.826361
8.965324 41.359123 9.622947 3.538665 -108004.062867
18.158088 38.521987 7.060234 5.751630 -107793.582085
16.089547 30.053996 5.059046 5.054474 -108955.227014
5.369966 40.154354 8.246125 4.767171 -107910.740211
25.267798 42.351390 5.519231 7.664458 -108863.277738
3.088102 31.690388 4.951289 6.593706 -108679.003853
14.267162 33.690151 10.864305 7.450200 -106753.751425
16.811061 41.510276 1.741769 4.895044 -109223.489663
4.942831 29.923800 1.698372 7.242607 -109219.252858
9.397033 51.029313 7.356067 6.143930 -109125.383099
13.271319 42.995655 3.972268 3.560709 -108978.639520
2.335002 38.039369 6.682823 4.235655 -108897.422381
8.532610 49.580964 4.791627 6.670724 -108776.796601
14.607244 43.405118 4.362832 8.410304 -107487.771571
6.732465 29.820961 8.524713 5.527455 -108676.370870
18.701918 37.268263 8.868464 8.315705 -107008.595127
14.203757 32.343529 1.514755 7.880904 -108943.588397
19.495797 30.964793 8.955626 4.747714 -109148.200814
7.010197 31.689112 11.167991 6.569207 -107838.843377
18.896696 33.285650 4.250541 5.980213 -108661.658517
7.267497 43.488974 2.312391 8.995337 -108382.308314
13.194798 38.477178 5.321520 7.977629 -106821.941622
17.511721 49.527236 4.699500 9.862625 -108373.536170
10.243253 46.392373 5.817169 3.725190 -108971.274864
9.163846 34.269580 5.190748 3.740214 -108741.092519
15.302604 45.031143 4.210031 4.105165 -108997.145618
13.837937 51.328921 4.081189 6.975376 -109047.857564
3.854533 39.434599 4.939242 7.445131 -107820.193937
25.340093 37.165508 5.802753 7.656643 -108769.785516
22.276626 40.366530 5.915501 5.016974 -109006.432503
15.208579 38.632773 5.054593 5.217875 -107995.491408
21.994389 46.369846 7.194698 6.184164 -109120.241843
13.357946 38.200235 5.462111 7.381033 -106928.436813
7.779168 33.521870 6.204403 6.585244 -107598.311711
5.221843 43.089876 6.641255 6.549504 -107731.869776
11.105158 51.575302 4.015021 6.096793 -109216.688377
17.765634 41.433560 3.953301 6.352069 -108286.655526
21.022123 36.544971 2.413217 6.997252 -108893.671709
22.340254 41.478034 5.597878 4.939183 -109093.658180
17.297249 29.733470 4.638618 7.931368 -108339.644250
25.725465 30.622847 4.524198 8.012693 -109070.194871
13.990972 27.345820 3.613029 5.542803 -109209.124049
13.760066 32.977174 2.422154 7.260112 -108572.214849
11.559226 37.972409 2.506305 9.131583 -107974.359451
15.091270 46.419132 6.146286 8.063786 -107677.153071
9.226675 45.384462 5.314564 4.249597 -108718.853743
30.064751 37.407369 1.967192 9.381132 -109228.083209
20.214370 46.428015 4.831912 7.591918 -108570.914814
18.057468 33.591963 7.473621 8.926381 -107244.297713
15.937501 29.032668 3.065652 9.327131 -108405.502833
25.297942 28.131530 5.429306 8.794452 -109096.007869
12.817391 42.366350 3.910590 6.730320 -107858.353514
18.743439 38.227463 3.230347 5.747518 -108709.467317
1.012872 38.176323 6.287787 6.791500 -108264.362502
17.971856 43.857196 3.234709 5.803133 -108804.488188
18.312399 45.308024 8.361158 3.478525 -109164.392654
9.430974 43.823670 6.954665 7.758973 -106894.912528
11.998150 26.932928 9.574146 8.886523 -108887.583847
12.818665 42.679624 2.143354 6.500457 -108686.237733
9.978337 38.430889 2.199260 5.874023 -108680.768742
19.441210 45.793871 4.456102 7.125230 -108555.391982
13.991249 33.942519 7.881607 3.946760 -108372.965637
14.009185 41.835032 7.848456 2.855725 -108773.762890
24.684923 36.600680 6.462603 7.794472 -108643.361152
16.329720 44.100472 1.866067 5.088521 -109219.664660
14.000299 40.245352 4.236760 7.428822 -107463.886571
6.599973 29.694096 6.670276 9.274271 -107807.101298
13.049768 32.748061 5.240647 7.509289 -107526.332362
25.728377 36.648819 5.373962 8.227491 -108713.586506
21.968683 37.718832 3.942219 7.999022 -108340.737546
19.040889 31.095396 9.080567 5.770690 -108771.995365
11.156623 49.555965 2.969358 7.575136 -108824.828659
17.891216 42.690202 6.382555 7.421671 -107511.796893
17.080881 32.536674 4.337894 5.571315 -108665.587696
2.978505 41.426586 6.908713 9.782005 -107068.582523
15.955479 41.897838 4.358967 7.352198 -107698.766548
17.196159 44.577822 5.678391 5.628128 -108370.357621
25.576232 45.681581 4.685212 9.804281 -108765.556994
15.856674 43.238485 7.372845 3.454801 -108756.332014
19.351472 44.447580 5.293041 6.511901 -108427.187561
14.493358 45.175734 7.363037 4.549883 -108377.512878
21.540999 41.283192 8.559646 4.960174 -108872.512856
5.839157 40.826037 2.667017 8.885350 -108189.830992
25.907248 41.463208 4.088700 8.097307 -108867.648071
16.168482 37.340890 6.138416 3.980906 -108476.091980
8.933224 51.508780 4.337730 8.424105 -108796.877618
10.818642 47.479159 5.330309 5.182718 -108678.094713
11.225115 36.498847 5.109037 7.907445 -106965.881809
8.023972 32.115162 6.814928 7.994654 -107346.592362
4.012155 47.499672 5.177476 6.903011 -108679.348575
18.327393 38.780690 5.813102 8.368993 -107206.614507
6.972727 29.041084 2.826486 7.709534 -108823.518437
3.861537 39.421120 4.914365 7.441570 -107826.784454
12.096818 41.610667 6.004197 5.821164 -107355.309955
11.132240 41.580315 7.208149 4.723137 -107568.453345
19.381878 33.070286 11.147274 4.027684 -109073.442741
6.714145 39.511536 5.567757 6.581164 -107438.537453
11.000143 30.121445 4.587401 7.461192 -108153.659812
15.101868 31.156200 8.744864 8.698798 -107417.323863
19.111092 42.089399 5.108942 6.319814 -108248.247271
18.773864 44.904759 3.873651 6.526721 -108640.796736
14.874112 27.455810 2.832357 7.777985 -108898.958443
9.547083 38.126198 2.174475 5.730240 -108732.809188
16.595326 47.833981 4.641361 6.042747 -108801.062546
3.173977 43.255398 6.836913 7.445626 -107810.527670
6.148811 39.974024 6.208682 7.665578 -107037.903287
11.015438 45.522889 6.972280 5.753951 -107825.739347
4.714391 43.667116 6.454824 3.421546 -109064.738900
25.937764 43.300657 3.302268 7.012399 -109209.270514
10.621250 49.225402 2.413239 6.678396 -109070.603297
25.520820 40.656473 3.895850 6.876286 -109072.175690
4.085963 38.938494 8.129643 7.733979 -107016.339845
11.479414 45.961404 7.963373 6.784815 -107452.649003
3.163832 46.971208 4.340772 6.365826 -108924.108470
15.286956 35.193840 4.617670 5.537307 -108177.970772
15.001554 45.279722 3.784663 5.839724 -108565.317983
7.273985 39.799444 2.074663 9.592117 -108321.011015
27.242491 25.567507 4.436228 9.870682 -109118.086399
18.576037 49.441067 3.939001 7.438783 -108943.908068
0.970524 43.663063 3.006021 6.984112 -108984.501010
10.181362 42.039454 3.585732 6.450584 -108032.794958
19.267946 39.299232 1.830880 7.062112 -108941.753088
12.368951 33.178199 4.834557 3.358975 -109042.482272
11.188737 47.667411 4.947263 5.788262 -108575.436991
5.927373 43.607020 3.643169 6.974564 -108298.292047
23.768874 45.562885 1.764490 9.097952 -109114.963908
6.744921 47.229309 3.643695 5.403313 -108984.812685
4.704803 40.918432 10.657934 3.315854 -108655.424873
16.714682 35.506008 7.883116 5.677258 -107607.336607
2.459528 48.332949 6.043037 9.211434 -108367.523127
4.945255 39.837066 7.112167 6.216430 -107527.799332
24.564546 32.910874 6.408607 6.395957 -109163.880231
10.158920 28.046878 6.147211 4.891680 -109070.379792
5.149646 41.092861 10.429069 2.923888 -108797.200687
17.099496 39.984463 4.953394 5.060956 -108328.059443
16.681396 27.616035 4.829799 8.630346 -108454.827787
28.509212 39.782689 5.676515 8.603987 -109088.842537
18.496567 38.673573 7.450819 4.332337 -108454.716649
21.508751 39.384542 5.510592 5.780645 -108650.566599
12.739772 42.895120 10.057923 3.332651 -108290.417411
12.786441 29.854531 4.664212 4.044406 -109177.628579
11.997429 41.946262 6.611480 6.732283 -106872.907976
4.993923 26.171937 4.610527 7.246134 -109142.499422
17.222997 35.262480 3.752732 7.868496 -107938.981962
16.318679 42.748927 2.927365 8.150620 -108177.736413
16.629718 29.547887 7.486874 6.505794 -108508.284315
9.992598 41.481116 4.216265 6.195203 -107825.189618
20.730128 33.152067 8.497592 7.280404 -108285.555967
17.817494 28.075868 5.089452 6.719503 -108902.492133
15.976520 33.665232 3.739746 6.725035 -108258.807025
16.330041 47.293167 2.286612 5.489269 -109229.527032
15.620423 31.277806 4.574692 3.894614 -109181.981050
22.462699 41.656568 9.968077 7.633237 -108561.301910
17.785200 28.727181 5.078261 6.000811 -108988.778846
27.467595 35.272640 2.542506 8.979569 -109036.585282
13.714915 36.342028 6.216185 9.357505 -106442.383603
22.060038 40.747057 4.685372 6.327622 -108700.824370
7.533853 44.503072 2.468209 4.146739 -109224.285386
6.019586 36.985511 3.660455 5.460774 -108497.022983
23.894934 38.253930 7.385851 6.322774 -108854.416064
11.265391 35.687870 11.976588 6.249006 -106160.340673
14.537229 26.403455 4.136269 6.802793 -109030.363494
5.107299 30.315118 3.049141 8.008045 -108690.743160
20.190568 41.174662 3.554567 7.605500 -108352.899576
22.632436 35.965745 4.379646 6.640971 -108748.087621
15.571231 44.054144 7.298574 5.898219 -107708.469730
17.687347 32.147894 6.067204 9.940024 -107357.164284
19.883006 36.694857 4.248140 8.436060 -107887.645411
19.872850 42.319415 2.874631 5.905551 -108947.367129
17.641422 42.214152 5.131601 3.970087 -108885.963897
0.678923 45.829136 6.066168 6.285092 -108948.061612
18.013509 33.598647 6.412518 4.641016 -108688.664210
30.488577 34.634674 2.708673 9.202862 -109190.418835
20.558283 35.700763 4.103687 6.688447 -108519.629405
21.721652 47.115695 4.144666 7.251784 -108962.378424
5.532571 37.073910 8.250559 8.719916 -106549.112622
19.132840 31.515875 3.239272 7.967612 -108561.883910
7.341946 32.910646 7.508740 3.478592 -108844.637825
6.367359 25.507892 5.740568 7.879964 -109060.145368
2.828273 36.595159 9.131872 4.723301 -108494.494850
14.031386 34.934672 3.206500 4.755488 -108771.260702
25.103255 37.896030 6.139297 6.787238 -108932.564493
23.751197 38.574493 3.515409 6.217788 -109055.500785
19.536311 37.712737 5.531233 5.812065 -108300.477436
13.232963 43.920077 3.493501 6.759639 -108173.261726
15.446606 35.308101 2.901584 5.107154 -108804.450770
9.028704 47.367560 4.776738 5.130159 -108792.071036
3.611485 39.946367 4.485636 6.704858 -108201.529896
23.660005 37.333208 4.219928 6.028196 -109016.060120
7.388871 34.001018 1.701606 8.440908 -108764.157261
18.417848 29.374564 6.820638 7.384421 -108517.507363
13.306727 42.945765 3.482472 3.869350 -108960.969496
8.794039 39.116407 8.735301 9.328358 -105941.288229
5.380142 46.300297 5.978721 3.919373 -109126.748523
20.217763 36.887948 6.646098 3.217631 -109229.148216
7.496985 41.022950 5.040317 5.969941 -107769.576067
4.984292 34.963869 8.195118 8.162277 -107014.626384
8.323828 30.813023 4.142105 6.083101 -108590.082951
8.560175 28.411029 7.722682 7.558580 -108358.022391
23.909296 41.987964 3.087301 6.778216 -109068.758163
18.739020 39.026275 4.713610 8.144409 -107617.370875
16.143452 37.837369 5.806039 6.815060 -107297.526306
9.833144 23.887961 6.168424 8.686371 -109157.464052
15.207532 36.532241 5.099134 6.556562 -107549.406523
26.389088 29.891850 5.067335 8.523855 -109094.516338
6.893740 46.541908 4.810417 7.967636 -108034.509311
23.097693 44.625349 6.547498 7.335457 -108790.046461
9.401235 48.861041 1.596945 7.473398 -109173.759100
6.842432 29.165360 6.077087 8.063822 -108201.333864
11.195812 29.319159 3.020560 6.400660 -108877.814490
9.776210 48.792594 5.812843 6.343243 -108560.195803
10.630799 41.663981 4.555152 5.395055 -107977.272946
6.028579 33.948215 6.116569 3.644530 -108892.844241
18.146579 50.358046 4.438127 7.186703 -109055.846708
14.055490 35.566563 3.758093 3.477116 -109029.086882
