187.399041 59.429726 7.248626 5.076391 -101957.511189
182.225193 59.755698 3.988728 7.789358 -102096.683528
187.053116 60.072499 4.974321 7.358178 -102013.997266
186.827991 59.981322 5.702214 4.494103 -101927.959146
187.046579 59.302436 4.134050 7.392588 -101996.686824
190.996435 63.099985 4.265046 5.127641 -102096.860930
188.068878 63.292674 3.060598 4.699428 -102072.814673
190.404838 61.916879 3.870016 4.476757 -102094.402711
185.454661 60.917737 3.577192 3.648408 -102086.613485
187.876778 62.764662 4.082221 6.411237 -101960.148665
186.174073 56.012469 3.288755 6.174534 -102096.486963
185.169576 58.695010 3.097301 6.752450 -102013.547062
185.809489 59.791332 3.065676 3.844692 -102108.617313
185.498884 66.772670 4.748095 5.954791 -102114.853360
183.138361 63.808910 5.246892 6.881144 -102097.305448
185.906911 56.750000 6.236302 4.878031 -102071.552310
187.826596 63.763735 2.542759 7.836684 -102047.322740
183.463142 63.470468 3.925562 6.562257 -102015.788384
188.902785 57.368924 3.881393 4.263353 -102112.230540
184.993141 62.056753 3.599463 5.334142 -101977.864542
188.739375 64.381584 5.874596 3.971938 -102081.613823
189.424526 60.581783 3.576243 5.377990 -102019.801371
188.702756 61.416794 3.405199 4.053950 -102087.587494
187.707489 62.487589 3.856052 7.847348 -102006.650792
188.788827 64.044076 4.480183 4.981343 -102030.618371
185.352396 60.202125 4.721716 3.584808 -102042.800548
190.260390 64.066883 3.484016 5.228784 -102101.089887
187.160557 67.362481 3.728779 6.048173 -102130.465869
186.506298 59.894913 4.454313 5.603096 -101927.471918
184.121158 62.050179 2.189336 5.789473 -102088.260466
186.330269 59.217041 4.883129 7.156074 -102007.838368
189.005647 63.374873 5.177798 4.679518 -102017.832139
189.729431 62.686438 3.004134 4.307185 -102131.550539
187.382079 59.495406 4.615856 4.737320 -101963.516255
182.875307 62.988713 3.205266 7.129457 -102043.716337
185.907413 57.764610 4.516051 6.058073 -101999.702845
183.495442 65.908297 4.366365 6.716207 -102117.020245
187.550106 63.965606 4.834389 7.124989 -102028.408885
187.055026 58.949548 6.314492 3.816120 -101996.851394
188.681063 60.190598 3.280077 5.296220 -102021.591150
186.272195 63.450241 4.276417 6.466676 -101960.241235
183.824346 58.739255 3.365925 6.851568 -102025.902803
187.428285 56.081674 4.249453 4.378469 -102125.588730
186.660765 58.221037 3.196368 7.082326 -102018.713260
190.639367 57.715639 4.422636 4.832874 -102118.672254
181.035580 60.332430 5.369078 5.724992 -102120.059004
184.759939 64.472895 6.429437 4.498755 -102016.421195
184.646131 57.958120 4.341316 3.920601 -102092.055687
183.131138 62.996587 5.325145 6.000841 -102018.830878
185.293586 63.514397 5.635143 5.961380 -101968.461875
190.097488 64.081082 6.065070 5.888454 -102117.415423
185.678945 65.284790 3.941132 7.200819 -102048.146214
186.525430 57.522676 6.219141 5.726293 -102043.378780
187.179139 59.085534 3.420280 7.034110 -101991.697295
187.119796 61.085828 3.123444 6.453805 -101977.555611
187.947191 63.938280 3.000915 6.497094 -102025.987102
186.197695 61.007812 3.925122 4.983257 -101959.135383
183.227870 58.287190 5.162957 5.550318 -102041.236952
189.426587 64.114421 4.555416 7.617554 -102092.280822
185.217318 60.271632 2.964564 8.517493 -102034.301069
189.889849 59.496379 4.164226 4.544582 -102062.507085
184.430410 59.977562 6.389396 5.125163 -101944.898853
187.653082 64.531675 3.809344 5.815836 -102013.576070
187.931938 57.939843 3.262349 4.263185 -102106.349285
188.130586 58.932474 1.951298 6.948847 -102098.481429
188.451404 57.299209 5.516277 6.483238 -102103.724191
183.297953 60.111923 4.699379 5.446469 -101984.028079
183.999489 59.819761 3.633839 4.563473 -102042.222817
181.988007 62.455574 5.762353 5.591275 -102072.441196
186.034884 60.121319 3.300024 7.032549 -101976.242223
183.424678 57.983737 4.244090 6.093753 -102042.677477
183.418437 57.844388 4.889325 4.153392 -102099.757318
183.236288 58.819999 3.135816 6.199963 -102047.876045
185.303877 59.740063 4.490461 8.126696 -102072.103812
190.961667 63.815978 2.278302 7.380647 -102115.888498
187.565776 56.444564 4.087021 6.385128 -102075.671528
190.584640 64.082907 4.491339 4.985289 -102107.272863
189.974127 65.977195 2.377943 8.440286 -102128.825488
181.577056 60.032913 3.189987 5.608570 -102094.167733
182.021978 61.201720 3.664001 5.305007 -102060.571186
187.484407 63.057327 5.966823 4.387488 -101959.499969
184.576472 62.084456 3.545470 6.586042 -101972.824167
189.434133 57.800956 1.916738 8.993223 -102127.722807
188.333083 66.010774 4.128287 5.300367 -102094.561314
182.443933 59.516189 5.383505 5.756707 -102046.377739
186.491405 62.804114 2.915605 5.283378 -102029.712099
180.531186 61.528023 3.280832 7.163358 -102119.889559
187.382824 61.486880 5.444652 7.002675 -102000.074382
181.885686 59.806822 5.377369 5.154329 -102066.774713
185.369073 56.457795 2.791425 6.037604 -102102.708956
181.907837 59.315006 6.797965 4.350864 -102121.974155
185.155085 56.983507 3.843786 5.112616 -102066.935186
187.605029 64.763440 7.295421 5.780543 -102129.096846
183.223745 57.875004 4.731602 4.777618 -102073.158053
184.968097 60.841173 3.211319 4.476851 -102047.253228
187.779753 57.177943 3.912211 4.909924 -102063.549912
187.005787 64.081633 5.075983 5.547928 -101969.240209
190.801258 59.476892 4.418544 4.830973 -102082.519480
188.322155 57.566510 5.485780 4.414899 -102047.517898
185.002464 57.145141 3.743779 6.203142 -102044.977226
186.808251 58.150118 2.801785 5.818388 -102050.267142
183.708949 60.937114 4.451373 4.135663 -102029.746766
189.572884 62.333516 3.344631 6.681929 -102016.638111
188.086520 66.455277 2.838630 6.144373 -102116.962140
184.685094 64.321476 3.540534 3.768459 -102122.270109
190.983561 57.636550 3.853780 5.582412 -102120.721075
185.629933 58.168815 3.597822 5.721566 -102007.668005
188.391931 61.988483 3.732579 5.608466 -101978.056311
184.479405 64.968815 3.932232 5.523373 -102040.732709
190.538074 63.652156 3.155208 5.235669 -102113.701750
185.524035 66.157232 5.270872 4.424925 -102101.096244
187.606027 64.596928 3.472030 6.086728 -102022.511447
187.161842 60.002965 4.071858 6.988353 -101962.834706
187.052427 66.046309 4.152418 5.321622 -102074.346801
184.536125 62.165020 3.996511 3.130886 -102130.345899
190.481664 61.550992 4.037821 4.983634 -102060.537234
183.496966 62.870620 3.330535 4.685103 -102066.352787
188.016725 56.520500 3.984121 4.857667 -102095.985045
190.132619 59.800458 7.881588 3.272315 -102132.513817
189.141376 64.552084 4.738502 6.139736 -102044.806761
186.699968 64.534247 3.359243 5.245839 -102041.258617
185.613583 60.270020 9.906667 3.461808 -102005.339212
184.668847 60.313560 6.307623 6.516521 -102032.348566
191.086643 62.999481 4.859415 7.017221 -102111.006734
187.710236 65.591689 5.456565 4.627832 -102076.057823
184.738540 59.452213 8.771309 5.410912 -102118.193111
189.438187 61.527861 2.562650 4.684520 -102119.896293
182.357172 58.153036 2.413093 6.708647 -102115.038276
181.689990 59.165613 4.571927 4.508503 -102114.284909
188.208691 65.489298 3.552211 6.476441 -102057.454320
186.976548 58.309402 2.281525 6.459989 -102075.866399
186.777023 61.836977 2.965842 4.953374 -102032.209551
189.010900 63.688380 5.815917 5.570751 -102020.755959
188.067287 57.765473 2.589692 7.757071 -102070.940883
182.269794 60.494370 3.920042 6.703841 -102038.645162
188.552447 61.270009 6.068651 3.608733 -102022.587467
188.890992 61.745266 3.938305 7.361627 -101998.370145
190.243058 64.685262 4.957343 4.551823 -102131.700485
188.315697 59.079775 2.894153 6.259899 -102029.693228
181.418916 58.957425 3.980775 4.990531 -102118.482822
183.654416 62.699747 5.264951 3.621669 -102056.818299
185.675445 55.578199 2.756963 6.566980 -102127.936789
182.481666 60.011232 4.101150 7.046961 -102048.042676
188.138633 61.128995 4.819481 4.583679 -101963.237363
186.593652 62.936245 2.639479 6.454449 -102022.914921
189.182038 61.163060 5.518560 6.343361 -101998.858598
190.510850 60.220587 4.546043 7.471870 -102081.289152
183.607993 66.287657 3.539271 5.537056 -102125.538926
188.059438 65.340009 3.778490 6.793140 -102048.636789
185.754610 64.657995 4.354751 6.726359 -102012.292290
187.605566 56.416162 3.957946 5.097966 -102087.768464
186.276455 63.717718 3.250877 7.550660 -102008.873889
188.676535 59.062412 3.919998 6.397976 -101994.074087
190.067829 64.041065 3.635714 8.412358 -102096.701481
190.722826 60.579710 3.338791 7.269501 -102051.828320
185.117986 59.055490 5.670296 3.456302 -102055.411623
188.029222 63.204604 6.147333 4.018052 -102001.754515
185.263591 57.389925 5.486619 4.452183 -102043.077586
185.560800 62.207694 4.327486 5.575492 -101930.896195
182.889624 62.356936 3.651783 4.593046 -102065.975105
189.697623 65.559373 3.379865 6.672044 -102094.531091
181.936441 58.016861 3.618440 7.355255 -102112.770279
190.230418 59.914261 3.472778 4.822367 -102082.641621
184.089591 65.574803 4.548292 4.778263 -102087.656985
189.049482 56.982969 3.323523 5.502907 -102095.849001
186.244906 61.485534 3.764792 5.228074 -101958.365600
187.401156 56.020629 3.011380 5.683926 -102116.916569
183.141659 63.974562 4.837673 5.531359 -102033.607099
190.557123 64.125444 2.768318 5.473727 -102131.605052
182.891580 63.777328 5.422017 4.181272 -102070.059269
185.178939 62.820738 2.403711 8.001133 -102045.528707
190.077463 61.335553 4.293074 5.324238 -102020.641634
181.114149 59.097703 4.105073 6.513420 -102113.129790
190.352456 63.326598 2.237852 6.973558 -102104.190938
183.549242 63.010361 3.382366 6.704730 -102015.551155
190.201840 60.226907 3.495477 4.002278 -102130.990733
191.102962 59.866549 5.283472 4.362924 -102108.536820
189.889728 61.788745 3.774948 5.798404 -102017.339630
184.438932 58.337631 5.368162 5.890211 -102005.095395
189.881797 62.251348 4.631419 4.337090 -102061.606345
185.604537 65.860085 6.191962 5.177286 -102087.481767
185.213948 63.557892 5.828212 6.668072 -102038.359860
180.912771 63.200300 4.276881 5.938754 -102121.510374
186.170941 61.460952 3.308668 6.201770 -101964.667229
184.035820 64.731341 3.341774 8.976059 -102120.682633
186.243892 59.893927 3.401169 3.550061 -102111.727080
187.033653 58.616788 2.149216 5.129787 -102120.803784
187.349371 60.056074 3.739180 5.568455 -101962.293651
189.512369 58.433400 5.756148 5.301412 -102040.476644
190.326578 58.650717 4.366191 7.107684 -102081.235448
185.131261 58.143664 5.895183 5.706244 -102004.960448
184.324091 60.404415 5.839131 5.833208 -101953.578990
186.525587 64.111963 3.294026 7.203757 -102009.291398
189.583380 64.686064 4.823764 5.202672 -102075.189190
184.601543 65.814549 3.193887 4.723867 -102128.453984
189.790639 63.005698 4.107200 6.589324 -102020.556385
183.042449 60.714355 4.695007 4.869181 -102002.980654
187.522574 63.120605 6.592438 2.716734 -102115.839919
180.400851 60.558825 4.300520 5.658775 -102130.438558
190.755110 57.848593 5.222641 6.072038 -102129.667197
188.016663 62.146387 3.578994 8.342468 -102028.251492
184.410642 59.737299 5.578719 4.634857 -101958.629112
183.265070 60.334376 3.870588 5.084767 -102016.830438
185.856919 59.062315 9.397363 4.058525 -102019.070230
183.706074 58.846794 3.025055 4.819949 -102088.312733
185.378926 66.035461 6.399461 3.867694 -102122.025480
181.991017 57.165144 2.704112 7.410422 -102131.734014
190.927945 58.484630 2.603201 6.442997 -102115.507449
191.928968 58.486646 3.307170 8.044062 -102129.869126
186.414176 60.929621 5.472446 5.795875 -101904.646539
188.556944 62.722632 4.113142 5.219063 -101988.789738
190.911626 58.915196 4.943921 5.675694 -102083.156909
187.005207 57.506263 6.008900 6.124311 -102065.495046
186.016590 55.939801 3.463324 6.265057 -102096.478453
185.601507 64.702684 5.057111 5.193278 -101998.867429
190.326805 60.473876 6.203799 6.436066 -102114.103224
185.088512 58.379069 3.944744 3.626405 -102113.806745
185.732187 61.397753 4.449762 4.568376 -101956.056948
187.391632 60.974190 5.472198 3.731374 -101993.456643
183.766678 63.045912 3.040521 3.940302 -102128.314829
184.360056 65.388727 3.522520 5.793496 -102065.624014
186.637112 60.268421 6.053774 5.542428 -101910.595027
187.800555 65.956346 4.496529 5.509921 -102073.646922
187.524738 62.739664 5.040857 7.503592 -102041.365676
187.795748 65.672980 2.461040 5.896157 -102116.154144
188.691479 66.362145 4.152477 6.489650 -102107.483696
185.569423 64.631832 5.526833 3.467008 -102079.996607
181.953006 62.033741 3.759882 6.545573 -102051.292788
190.817764 59.180477 3.690995 4.849346 -102104.523091
184.091961 60.219001 3.718831 7.736943 -102019.411238
184.276229 64.773039 4.518618 4.673524 -102050.373304
184.325734 58.613952 4.971369 6.471751 -102012.408796
184.604152 61.686921 5.307452 5.077074 -101925.484682
187.741176 61.187205 3.479425 5.060497 -101996.034104
189.552630 59.221731 3.645326 5.422595 -102035.426031
182.545581 63.295925 4.562162 4.569191 -102065.635629
186.070233 57.546395 2.799114 6.701841 -102054.169593
186.291571 56.940081 4.209343 6.373522 -102043.649960
185.766819 62.379024 4.938092 3.721304 -102012.200000
188.368986 58.929989 5.396317 7.127111 -102073.067742
188.707784 62.443486 2.943542 6.690911 -102015.817617
189.927693 56.706411 3.981915 7.154019 -102129.078345
188.472586 63.287507 2.499669 9.522131 -102082.275402
183.938661 66.027411 3.450058 6.315796 -102094.535468
188.319645 57.449512 6.110261 6.303252 -102119.459299
182.921792 62.105576 4.099695 5.448426 -102009.078716
188.436289 58.443025 2.993311 4.539011 -102100.688907
186.430808 64.606699 4.144160 5.090826 -102013.700861
185.308743 60.848349 4.542861 3.066357 -102106.179634
181.682676 58.606883 3.955490 7.078397 -102108.111525
188.106409 61.182785 4.103901 7.159080 -101973.318458
188.690268 63.928143 4.048525 5.459842 -102017.532758
183.937644 61.210726 3.371783 6.323659 -101989.500446
184.594246 57.757834 3.318475 6.284601 -102038.974771
185.823329 61.480048 1.969197 5.743076 -102096.405603
186.872587 59.823392 5.709496 7.032887 -102035.874293
182.903893 65.820646 4.454506 6.074153 -102123.981257
187.462683 61.346204 4.257591 7.849326 -102011.198699
188.669570 63.984712 2.962550 6.633778 -102039.453732
185.719133 56.676406 3.161832 6.530964 -102070.994134
184.455376 63.037853 5.043239 6.306118 -101974.470077
186.541182 58.994921 4.945334 6.339041 -101961.043129
182.970146 65.789856 4.207550 6.195625 -102115.290604
187.909218 61.235967 4.720428 5.046683 -101938.487180
189.869665 60.188120 4.091269 6.649392 -102012.659025
182.711477 59.320867 4.281557 6.184203 -102028.892574
190.742956 61.790100 6.194477 5.074359 -102078.540693
189.282925 62.941551 4.361270 6.026500 -101995.957339
186.454542 59.726277 4.245470 5.291415 -101944.094892
184.020223 61.013182 4.956505 4.034866 -102008.828361
184.270754 66.673765 2.755602 7.929235 -102124.241624
189.297363 66.210719 4.476462 6.436853 -102125.135608
181.381872 60.841337 2.928546 6.980631 -102087.953482
183.112719 59.008561 4.899701 4.618964 -102041.005769
187.072548 67.284965 3.221655 6.124459 -102129.196612
184.768886 61.809208 4.538901 5.271928 -101937.182636
183.716854 59.290057 2.273456 6.523747 -102080.859262
185.208610 59.087755 3.957251 7.147907 -101993.156931
183.906821 65.107979 4.386089 4.996678 -102065.670856
190.272887 64.357798 4.797278 5.674294 -102084.877046
188.411986 65.447902 5.685030 5.645209 -102085.107668
188.828569 63.077823 5.934798 4.347442 -102010.767108
182.939451 59.322805 5.500049 6.573491 -102076.418323
185.595562 61.462323 2.666020 6.006488 -102018.851645
187.894038 62.897753 6.964234 4.301840 -101968.280646
186.386087 62.672383 2.736995 7.383931 -102010.810642
185.137071 62.399724 5.264426 5.405469 -101920.547126
184.640718 56.788276 3.452833 5.156387 -102095.105981
183.026603 58.604134 3.834459 5.426267 -102049.241778
182.493147 63.466944 3.836584 6.608088 -102052.157407
181.561687 62.402942 4.659353 5.931472 -102074.515939
190.589501 61.190173 3.877826 5.624330 -102044.716953
187.784498 61.151508 2.546366 6.362842 -102028.869168
187.243054 63.387191 3.368232 8.002705 -102018.147105
189.301436 57.206486 3.757815 4.485787 -102118.862772
188.097684 63.956566 4.425627 3.917248 -102076.984325
186.526409 62.897220 5.363316 4.232247 -101962.446029
185.196510 62.180772 3.240186 6.670324 -101978.548127
182.994675 65.281674 2.324912 6.911127 -102123.803487
186.819566 59.518910 5.875110 4.080499 -101962.766690
187.531695 63.093438 3.269900 3.845774 -102107.940432
188.587692 59.527135 3.312155 6.389191 -102002.146906
189.657662 60.601581 5.545185 5.920455 -102003.628586
182.156908 62.429273 3.389968 6.569990 -102052.409225
190.474124 60.129488 4.933662 3.925864 -102103.301279
186.886123 58.779305 5.907188 6.735187 -102050.807258
181.921781 58.069483 5.139623 4.698126 -102128.812417
185.890241 61.273023 2.791197 6.001304 -102006.383001
186.478944 62.420271 3.645233 6.137251 -101954.066646
181.593061 63.354719 4.844102 5.060641 -102097.992947
188.841158 65.714385 4.182665 4.632823 -102122.028073
186.202334 59.574203 3.846249 5.317578 -101965.490813
189.405251 65.435213 4.566204 5.132798 -102103.122264
187.820583 56.015102 3.653896 5.983006 -102099.739191
183.600658 56.672926 4.166926 5.325739 -102103.040233
183.789298 59.404404 2.399627 5.690002 -102086.552510
187.630070 64.134035 6.348589 4.270957 -102010.962952
189.862100 60.782490 4.399245 3.504698 -102125.290860
187.640659 59.290333 4.560585 5.715434 -101949.299671
190.244090 59.503232 2.357011 8.281505 -102087.694668
184.176832 63.835138 3.081395 4.547053 -102092.371297
