195.741287 137.496678 2.970342 5.814188 -108052.593868
192.598768 140.798492 2.784293 3.482535 -108058.508369
195.865430 145.670646 3.542054 3.908778 -108055.949884
198.234121 139.467683 3.785795 7.526155 -108055.591055
193.644726 142.562845 2.571123 9.451755 -108078.227577
193.215461 147.755330 4.204577 3.441647 -108078.741330
193.713884 139.519316 2.420696 5.540589 -108030.128304
196.500739 146.639208 4.076166 5.869559 -108079.324007
197.637609 139.046719 2.079632 9.436955 -108037.736635
194.514753 145.412577 3.267184 6.795120 -108048.469220
195.582806 139.211016 2.251138 7.234381 -108028.048323
195.137521 138.711051 3.804192 6.147625 -108055.001314
190.230124 140.620936 3.948689 3.881084 -108068.405482
189.334696 141.393305 2.666580 5.657114 -108055.848868
191.455484 146.976889 4.052227 2.909310 -108070.420329
190.195306 146.296788 3.316634 5.824313 -108077.014311
195.272160 138.189915 2.865248 7.086691 -108041.529272
195.454392 141.810999 5.095982 4.474503 -108049.134649
