370.306471 21.559820 10.079148 4.349434 -1706238387.709262
276.463017 23.030774 11.725413 8.837035 -1706198373.955387
329.273375 51.092491 9.702757 3.611940 -1706239355.552549
193.022396 61.507935 9.737266 5.102433 -1706236590.999376
334.423707 94.411704 9.631751 4.838516 -1706237019.504378
169.117088 127.880303 9.786925 8.033414 -1706200759.245782
15.401952 198.589959 10.986093 7.550123 -1706219690.629131
315.813655 215.199619 10.865897 8.917786 -1704672504.870649
186.088395 224.642412 7.220403 5.276767 -1706239090.371311
74.207271 241.061653 9.946994 8.049163 -1704137449.773506
296.093153 281.379229 8.624353 6.404122 -1706238289.604682
154.623966 296.868900 9.946994 8.049163 -1704137449.773506
67.250313 297.623258 9.946994 8.049163 -1704137449.773506
247.859778 329.753769 11.043266 5.445875 -1706234056.592115
388.020116 346.871377 10.805025 8.988801 -1706230413.915611
38.311693 357.914267 9.946994 8.049163 -1704137449.773506
142.265947 368.522463 11.639433 7.924934 -1706147020.915776
105.170584 383.637228 11.639433 7.924934 -1706147020.915776
69.667470 388.436176 6.737403 9.739791 -1706239717.790313
