188.001775 15.725175 9.591535 9.717130 -114039.468150
173.299482 25.388503 9.591535 9.717130 -114039.468150
185.497908 36.432852 9.591535 9.717130 -114039.468150
84.970441 116.731124 7.498706 9.459788 -121840.792143
92.859643 185.516246 11.645971 8.470961 -120265.386437
127.104283 187.765866 11.645971 8.470961 -120265.386437
107.825227 186.499533 11.645971 8.470961 -120265.386437
149.186709 64.780607 8.883465 6.358893 -124005.989142
172.673449 104.208780 7.504659 4.299211 -124770.919059
6.653201 30.505954 4.806118 6.912218 -124846.127498
