19.833334 22.177397 7.575417 1.178039 -108800.688428
18.287274 15.567629 3.725009 7.929452 -108568.340852
15.660389 28.221756 3.698123 9.842594 -108766.663559
16.935789 24.686194 1.307665 9.891341 -108578.743812
15.346976 19.921974 3.087315 2.153542 -108744.632429
16.787237 26.487609 1.578780 2.965080 -108800.734935
13.270669 18.152517 4.394725 6.952639 -108242.851853
18.169535 17.201168 3.342839 4.394914 -108694.031937
16.786699 19.261717 6.604541 4.727235 -108655.310590
13.978695 17.744856 4.541766 5.912149 -108310.845134
14.150806 21.603412 6.977497 5.344322 -108525.340858
7.962784 21.913675 2.039937 7.743664 -108419.429369
18.576048 23.974129 5.315548 5.623468 -108804.674019
9.402760 20.969469 4.713462 6.365387 -108197.363984
18.251986 16.231197 3.362581 5.939040 -108625.813620
16.802557 16.782633 3.910787 4.784242 -108602.787022
21.146702 21.235097 3.469650 4.696543 -108772.130497
15.087582 26.744529 2.542531 5.411023 -108725.006494
8.631231 20.724421 5.091012 5.223910 -108197.723032
19.899433 15.895853 4.018738 4.491655 -108789.307446
10.003660 19.969887 4.222972 3.788521 -108372.052651
18.425734 19.332411 2.760422 4.085335 -108715.616653
16.597438 23.804658 3.979197 3.426535 -108752.466824
12.484235 15.744766 1.524814 6.635690 -108507.239258
7.380210 20.913082 1.211830 1.642179 -108775.996936
3.447101 24.838432 1.600279 6.606804 -108656.229457
13.114304 17.773385 11.989226 3.119826 -108519.087963
21.180617 24.992145 3.099226 4.323655 -108783.786398
11.615911 25.758200 5.068535 6.271636 -108674.589952
10.139274 24.273396 3.479195 3.512213 -108672.050010
19.312836 21.012920 4.122619 8.904289 -108609.965068
11.996392 19.080093 3.005967 5.559612 -108346.405861
8.676758 21.393747 6.715146 4.034777 -108303.643750
10.207998 19.566135 6.057477 1.467692 -108679.448919
3.463955 26.788425 3.648248 6.436902 -108724.307450
5.870645 25.592385 1.054784 6.068380 -108710.066591
9.808035 23.388382 6.036201 7.853362 -108540.654278
9.724697 24.765338 1.471322 3.688578 -108738.175306
20.828472 25.792526 2.786025 2.517344 -108805.020102
8.043305 23.913605 7.137294 4.106481 -108612.956241
11.246860 23.809257 5.036618 1.938097 -108754.924321
3.262309 23.785367 4.432182 6.476236 -108536.386283
18.458906 18.354919 5.120893 3.228467 -108769.281474
6.451309 19.368536 5.643360 2.420904 -108501.572763
17.543156 23.108706 4.051370 3.446004 -108754.699827
10.717047 25.333944 2.083988 2.503562 -108782.091467
20.746664 18.462321 1.328879 5.264670 -108747.135548
14.896215 17.145957 1.679210 1.970977 -108771.436350
9.507747 17.848974 1.905083 5.942302 -108414.635397
16.765043 22.210903 2.582033 2.514714 -108765.660482
23.585889 21.180264 1.721890 7.772902 -108668.639183
15.670711 22.071801 2.511111 2.243573 -108763.700643
7.855504 20.247254 4.638381 3.746416 -108344.404064
7.630901 23.990262 3.602914 4.912051 -108550.254996
12.963352 24.385676 2.280107 2.305934 -108776.405570
12.770538 16.407964 4.899284 7.727896 -108239.189265
10.435568 17.802539 3.083492 8.106428 -108207.046095
15.663375 15.585343 3.233260 3.743425 -108654.074466
16.760054 15.743399 4.036467 1.524107 -108785.562776
8.733803 19.046351 8.358833 2.339786 -108407.985791
12.214747 19.758972 7.749751 4.020916 -108306.810899
7.872276 22.079002 2.669949 3.490575 -108596.656235
1.908187 31.026088 1.235277 6.611040 -108802.748907
23.288959 14.235096 2.438780 6.460446 -108786.647441
14.624460 21.742234 1.487760 6.224065 -108602.488756
19.744016 11.888606 2.490452 6.240371 -108755.750327
17.585013 16.313724 6.292957 2.062425 -108787.759778
9.473671 30.024660 2.780050 7.107919 -108789.841209
12.021461 22.157817 4.096630 2.717237 -108651.314247
9.667965 22.014341 6.222283 4.466926 -108347.893756
7.665930 19.696393 8.279150 3.142773 -108252.407525
19.575265 23.163969 2.872615 5.075912 -108724.530429
16.055512 22.631997 4.101252 3.659392 -108697.953367
15.522802 14.763322 6.154134 1.754104 -108781.758444
5.371544 23.657843 5.312127 6.515293 -108490.460738
16.767054 26.442553 2.562973 6.131963 -108701.141203
11.766178 19.940831 3.455081 6.569223 -108268.707078
23.424124 20.916162 2.769839 6.638085 -108718.736639
9.532298 20.773265 4.349251 8.951447 -108255.263161
16.104066 29.618947 2.844567 6.155732 -108801.403996
15.468284 19.941612 4.840763 4.893988 -108506.382631
7.107806 20.099181 9.705783 5.390289 -108234.031284
13.898179 16.769569 4.694242 9.689550 -108417.465599
10.423006 24.929881 3.366667 9.473677 -108470.938027
0.359721 29.859434 1.930947 8.457550 -108748.406433
12.941730 20.438100 6.025684 3.978813 -108417.113392
24.158680 12.529535 1.722110 8.636857 -108721.129597
13.276729 17.093899 7.835448 2.136519 -108630.482385
1.966110 27.826374 3.426528 7.065739 -108757.796325
19.123776 16.397923 3.702142 1.115097 -108800.876829
18.575685 19.965122 4.093793 5.122369 -108675.282083
16.803878 18.786826 5.245551 2.134166 -108762.160639
23.308502 14.580382 2.284154 6.300663 -108781.335199
7.781435 26.485144 5.054609 4.182873 -108804.344885
19.541961 27.578102 2.466847 2.649749 -108803.966107
15.043857 20.894981 1.149030 6.669835 -108624.258648
2.563929 26.085536 3.070562 7.322954 -108640.524988
8.491364 21.694639 9.941133 4.042640 -108379.055474
13.366637 21.156099 2.600868 4.088171 -108589.013912
9.284145 17.582556 3.872269 4.231926 -108272.060273
9.318773 25.574755 4.381398 2.706370 -108776.630750
18.217552 24.177908 4.653956 6.666638 -108725.222921
11.826272 23.722880 7.223645 5.479074 -108625.494964
4.927924 23.935220 6.434251 5.859119 -108617.146162
2.452020 23.287799 2.966304 3.068753 -108752.221272
6.268321 28.735416 2.351797 9.745164 -108641.171602
15.248655 25.704298 4.281290 4.024216 -108780.436066
5.929136 23.957162 5.799812 7.541902 -108550.910682
7.871009 23.300510 4.900404 7.036512 -108389.828186
12.252227 20.435983 4.589262 6.756137 -108249.957534
22.093969 20.477099 1.546635 6.996935 -108689.923106
14.863065 14.923706 6.448262 5.854006 -108505.175075
20.363149 20.035724 1.413666 3.721627 -108780.174176
6.233621 24.101110 8.378976 3.241399 -108752.168198
20.337266 21.429323 2.537253 2.718534 -108793.568648
