78.518101 113.548282 6.774570 9.953490 -102275.245733
105.467460 92.627882 6.774570 9.953490 -102275.245733
61.298826 85.369437 6.774570 9.953490 -102275.245733
178.813768 61.632065 8.679956 6.972252 -102729.067258
170.247654 87.867763 8.679956 6.972252 -102729.067258
153.435587 109.309182 1.796085 1.303793 -104624.415213
186.984840 118.671066 2.508739 1.332415 -104615.632295
80.841161 14.187810 3.830563 2.339130 -104612.933404
77.785945 40.687308 3.721150 1.054142 -104621.791550
15.064946 25.908629 1.257589 3.912422 -104623.215166
87.489252 19.489554 1.784625 5.719556 -104616.242560
107.862718 172.257008 1.694209 1.563070 -104618.854567
27.457719 70.953352 1.355036 3.590066 -104621.158448
68.672184 195.420924 1.328212 2.655619 -104601.963693
85.010311 52.015866 1.006517 3.429899 -104624.898310
51.096427 171.522280 1.176152 3.251216 -104619.271409
107.087154 52.343220 1.978568 1.011143 -104619.555285
21.913238 77.490637 2.452976 2.063066 -104623.098775
108.468904 39.824634 2.320438 1.396383 -104621.262184
195.813454 115.159448 2.474763 1.294492 -104623.911785
56.134220 158.486456 1.515977 3.384336 -104622.237936
83.159802 64.127295 2.280720 1.628219 -104621.849472
26.318320 112.067150 2.011389 1.679994 -104622.819076
21.622341 30.211559 1.077500 1.171585 -104622.343240
75.145878 155.274523 1.680959 2.011913 -104626.423936
99.079345 11.746477 1.127873 2.514056 -104623.101840
