165.383484 174.852871 5.392397 4.054514 -105989.341910
162.715751 173.972938 4.051721 6.965817 -105983.498863
166.454467 171.972605 3.347938 5.058376 -105919.488972
159.477805 167.267355 1.564338 5.031848 -105933.407946
159.656697 171.296950 3.320647 3.859585 -105862.044673
166.231805 170.963114 2.340572 7.626526 -105952.459896
166.526424 172.689747 6.167234 3.370193 -105982.579390
164.419573 171.143674 3.930659 3.411081 -105871.623462
165.609967 169.548446 4.202991 5.816748 -105949.283825
160.856977 167.789039 1.658787 3.522040 -105943.120865
156.497589 168.235388 1.521233 4.042682 -105975.599234
159.349246 164.683029 3.156478 3.392436 -105992.634734
161.620544 176.492650 4.186044 3.210407 -105979.105634
156.868073 169.765031 2.532967 3.622807 -105949.123802
157.852678 172.636524 7.456132 2.368194 -105977.116393
156.324857 169.064592 4.130187 1.954242 -105987.824021
161.593387 168.001973 3.612335 7.022903 -105952.753976
165.755977 170.216488 4.535788 1.655088 -105982.421073
164.970599 167.063062 6.189399 2.488092 -105959.948852
162.521605 168.338324 5.691826 3.074280 -105862.288268
159.812575 163.591811 1.875281 6.569870 -105975.798435
165.735373 171.731200 6.857607 3.997221 -105965.452859
159.283147 165.804354 4.553774 4.972902 -105984.826301
165.749342 172.303099 1.137471 6.058130 -105946.864781
161.082747 168.715137 5.949668 3.496531 -105843.368678
157.310142 174.131280 3.891187 3.815533 -105958.445844
161.561473 168.107665 1.977505 8.416782 -105932.642327
158.450194 170.010682 4.976400 5.412342 -105932.233189
166.158909 166.656525 1.359415 3.953905 -105983.696697
162.133948 164.673351 3.778698 4.480712 -105979.905820
162.192207 170.867846 1.467674 4.349915 -105915.798551
154.706995 170.677658 2.520634 4.108194 -105992.175625
161.353556 164.474683 2.444504 3.080169 -105993.078655
166.742428 173.448131 1.213014 4.549121 -105972.547402
168.478533 173.671130 1.188525 4.483857 -105994.022147
161.883218 165.526959 4.687389 3.759635 -105958.165650
166.390806 167.590298 1.112619 3.787679 -105987.002195
159.908547 169.773212 2.408175 8.050793 -105920.007641
159.562244 170.947489 1.217787 4.647273 -105936.263393
163.146620 169.353944 1.211237 2.142756 -105991.891623
160.555613 171.099897 4.092819 6.435502 -105904.905099
169.398199 169.166654 1.401350 5.426802 -105994.282668
162.499899 172.951207 3.942913 1.528844 -105980.672204
160.348807 167.784868 2.071501 5.131897 -105899.301992
158.909883 173.278432 5.925693 1.445229 -105986.604428
158.463843 163.397796 1.246110 9.880236 -105983.687731
164.896628 171.193249 11.134472 1.418013 -105987.901300
159.800423 173.724531 3.409975 4.110919 -105887.138714
158.004835 172.964181 4.797849 5.333622 -105952.222949
159.257320 173.706348 4.840290 3.399694 -105908.747860
162.814047 174.470236 6.287119 4.167392 -105944.678441
159.036340 171.045388 2.477106 3.178161 -105919.838250
161.956766 167.017970 5.706026 3.648391 -105903.019046
163.277252 166.932144 2.135629 3.947401 -105929.393697
157.364288 169.755964 8.053155 2.635955 -105979.036454
159.153342 173.749065 5.234412 2.085640 -105962.564796
157.499021 168.091778 4.829711 4.191673 -105952.319292
160.575144 166.427519 3.016606 2.043287 -105988.514845
161.149221 166.679403 4.845480 2.854524 -105932.351380
159.049026 166.419861 4.896268 4.233452 -105958.933820
156.101132 170.269110 3.930325 5.235082 -105968.997621
160.124476 170.517315 4.012386 3.956372 -105834.920951
168.386933 171.809990 3.181610 3.795350 -105983.664800
164.261090 175.937513 4.690937 4.671359 -105989.730251
164.009766 164.821088 2.944833 5.167065 -105978.216485
162.580472 169.490651 1.004341 6.191857 -105936.921246
155.698598 171.804701 2.619169 8.091043 -105979.516069
165.120607 166.964393 8.199669 2.106362 -105994.370874
165.497490 176.730884 1.657640 5.391501 -105973.353764
166.330396 175.464009 3.563047 4.746407 -105982.916534
160.905530 172.302903 3.019343 4.351263 -105852.855411
