67.351800 20.062038 3.650734 3.561423 -101081.676465
65.389551 23.732186 1.446752 6.615792 -101119.360118
64.970217 18.003125 3.412918 4.146034 -101055.948237
62.394989 17.505894 4.618213 3.906881 -101088.208564
66.080853 21.116022 2.406302 3.287662 -101065.075020
61.937956 23.226024 3.041110 2.930905 -101120.799238
62.246809 19.270338 1.082141 4.376068 -101096.480113
67.541588 17.783163 1.413092 5.345872 -101100.675605
63.578951 20.975475 3.626134 5.431437 -101123.087337
66.265037 22.649641 2.443837 2.228847 -101096.998405
64.328911 17.243562 1.797201 2.596149 -101095.885839
62.746711 22.705991 2.606260 3.692118 -101089.660810
66.640219 16.318158 3.084919 2.861362 -101113.875820
66.298987 19.324167 2.861011 2.707074 -101068.488299
66.252808 21.377806 6.058285 2.441564 -101045.314918
65.517167 23.217509 3.372401 3.771890 -101090.100966
63.817320 20.977388 4.069134 5.110473 -101120.773321
62.995233 15.270938 3.925841 4.029516 -101122.800660
60.882363 18.608298 3.983088 2.719569 -101093.585068
66.900807 15.612832 1.961353 6.506846 -101120.423704
65.030958 21.574565 2.295287 2.908846 -101063.576010
62.248561 20.074373 4.173788 4.410469 -101088.307220
64.661617 19.866134 5.029411 4.203293 -101072.099354
63.936988 17.187846 3.294754 5.395637 -101104.231749
63.359717 21.721720 3.517951 1.816597 -101074.620033
63.564729 20.636973 6.373397 1.883367 -101000.244648
64.920577 22.878285 8.738157 2.437734 -101112.821533
60.952659 21.342604 3.718421 3.501610 -101103.884535
64.577093 20.548958 1.331093 4.135084 -101082.443209
63.307324 13.499687 1.440989 3.741156 -101126.207364
