44.304972 14.945119 2.690386 6.705069 -105623.910130
53.338273 15.278958 2.699546 5.017052 -105579.651583
45.852024 11.142465 2.439092 7.059325 -105611.359109
51.271303 15.493955 2.701824 6.631966 -105560.373310
51.992846 13.496182 3.556853 4.801347 -105548.688193
51.477032 14.468371 4.084518 2.983465 -105602.132189
48.679066 15.292271 5.042518 5.698794 -105616.869603
50.492511 9.222636 1.130303 6.686585 -105626.419512
55.579177 13.283864 2.153551 6.816119 -105600.760627
52.396896 16.946157 2.765738 4.898629 -105593.461234
53.626502 10.505834 3.068912 4.450854 -105601.280895
51.357329 11.586126 4.745572 2.746930 -105623.842370
47.930682 14.492299 2.574238 3.349148 -105610.145879
47.355358 17.983430 3.161913 6.998334 -105624.903614
48.108839 18.441110 2.761182 6.522114 -105605.443288
50.417842 12.084861 2.787036 6.010187 -105551.829572
46.594320 15.228032 3.694846 4.344232 -105581.337136
49.698376 11.409020 2.726877 3.301809 -105618.912212
50.141209 12.485556 3.213045 3.289634 -105599.316728
47.037871 16.091180 1.655673 6.796697 -105593.493295
54.886686 15.841510 3.588047 5.189281 -105615.246596
54.773324 9.230316 2.035959 5.750149 -105623.929809
49.509870 12.898294 5.247659 4.728870 -105567.437341
45.321556 16.143745 2.360785 7.268808 -105608.189412
50.451634 9.235825 3.272152 6.875976 -105620.623982
47.941317 11.564428 1.806851 5.789047 -105591.470074
49.783099 12.164544 1.703759 5.385040 -105588.558297
48.273052 14.758387 6.584925 3.371417 -105598.557201
50.118262 14.227502 3.663775 2.563090 -105627.381873
51.870893 10.278755 4.310532 4.602334 -105597.917174
49.219948 15.213090 2.679794 5.736961 -105552.666523
50.625172 15.809514 4.301529 3.211889 -105598.202638
54.494361 10.131986 2.267912 4.281012 -105627.423811
51.182076 15.738631 2.656717 3.695062 -105602.167000
44.831867 13.398291 3.467447 5.892329 -105625.887669
51.929480 13.797398 1.808205 6.551061 -105572.113376
52.627739 16.357600 1.940455 8.437623 -105592.090484
53.271095 16.515954 3.382322 4.453572 -105600.938633
46.485135 11.526639 4.716249 4.912833 -105627.832126
50.043426 16.216603 1.804872 7.240920 -105577.050238
53.044694 11.542230 2.230773 5.106219 -105585.962179
50.641065 14.088871 2.231480 9.812192 -105616.525004
47.625281 16.286090 3.953626 4.175533 -105583.475334
48.023834 13.401185 3.806350 6.389570 -105585.293697
48.444679 11.749140 4.297993 5.092570 -105575.385905
47.352675 11.737852 2.514956 6.989121 -105584.144565
49.630415 14.239266 4.075608 4.905601 -105541.560672
