41.537744 30.209099 1.383798 6.444578 -109632.731535
31.691408 31.781581 10.441076 1.676704 -109601.121249
35.612423 41.500264 1.601056 3.617163 -109635.000882
33.300553 35.534591 3.206098 2.943678 -109455.038155
26.214755 37.392346 3.068418 3.711458 -109614.750708
34.571544 41.587006 2.876711 4.414476 -109569.542871
34.176180 32.174311 1.270772 6.763391 -109514.114427
34.629200 31.264873 4.685302 6.312054 -109427.053036
31.122616 41.423197 5.378562 2.376659 -109641.866762
35.165777 25.663011 2.829838 9.464324 -109648.190375
32.630979 34.230469 5.334429 7.532383 -109484.616388
41.401030 40.138829 1.371051 6.115197 -109646.665884
30.512197 44.876130 2.080094 5.224169 -109658.856137
41.962311 35.151870 1.843627 4.436072 -109658.510702
41.717734 29.180692 1.628701 6.838594 -109633.054503
36.050005 36.419936 2.473245 9.491148 -109486.143763
39.307463 31.405401 4.543008 5.140447 -109620.420409
34.544199 34.366465 1.923217 5.317042 -109449.703175
31.269971 30.074426 1.789830 7.275549 -109493.616197
36.139588 39.074902 7.243507 2.388882 -109562.394682
40.954841 33.698681 1.844164 6.422898 -109593.751248
32.525480 41.104314 7.901170 3.482752 -109627.830452
34.999367 42.719766 4.199069 5.657684 -109634.480015
30.182669 31.899340 3.996827 6.731444 -109411.253706
29.081892 34.833219 2.681873 1.643355 -109642.795303
38.146485 33.504870 4.881048 6.965820 -109578.868022
32.876430 33.857787 8.824733 5.390717 -109450.760453
28.447000 40.949851 4.565923 3.409420 -109634.116362
39.558655 38.146934 5.053834 2.311248 -109652.817840
36.521816 30.922381 3.943280 8.385325 -109575.673619
36.127483 41.029467 5.878543 1.755291 -109669.626641
41.738431 35.929093 1.722528 3.888291 -109662.867198
25.180437 35.055500 2.436878 6.019166 -109557.834586
29.231330 33.598365 1.908032 4.937493 -109497.906799
35.126808 32.538091 2.790874 3.830817 -109478.889100
38.298460 32.352986 4.310772 2.985503 -109603.984600
35.066674 34.704486 2.924919 2.630892 -109518.283175
32.770651 34.176044 7.565429 3.588726 -109237.253719
31.839589 31.896381 9.286819 1.860204 -109565.418395
29.025630 28.918567 2.605773 6.782882 -109528.773996
30.602318 42.889795 2.808112 6.750661 -109581.878758
36.240105 28.780806 2.891200 4.105654 -109607.907996
38.241461 35.841066 5.592565 6.442489 -109602.436757
28.995023 33.435716 5.927055 3.953986 -109414.760264
32.327469 34.767824 6.536735 6.730809 -109478.528441
32.918696 39.735054 3.075692 8.013096 -109474.839674
42.068808 40.942062 1.548478 8.944330 -109631.293009
38.249278 24.639532 1.897590 6.020302 -109661.641131
33.174840 38.288301 5.804971 1.499682 -109615.266812
