85.323443 143.017820 3.302086 1.211734 -101999.308249
85.780021 142.372835 1.922299 2.700134 -102000.424543
84.708385 143.043819 2.452887 2.846958 -101996.109756
85.393829 142.371566 2.581998 2.718171 -101997.174418
85.265438 142.528914 3.257128 1.559685 -101995.896246
85.024583 142.884429 3.016945 2.579630 -101993.685893
85.489602 143.561351 1.900073 1.743967 -101999.873077
83.748294 144.038931 3.517485 1.696367 -101986.768233
85.311526 141.980090 2.667304 2.835448 -101998.528738
85.327398 143.445925 2.351649 1.824800 -101994.600457
85.906160 143.355892 2.508787 2.171154 -101998.916675
85.265339 142.594695 2.154820 1.752865 -101998.824432
85.130785 142.276160 2.636697 1.425839 -102001.565759
84.472815 141.527877 3.091300 1.436332 -102001.335848
85.504412 142.447216 2.834726 2.243205 -101995.798078
