186.506495 148.627167 2.600488 7.220246 -106810.946197
182.799459 149.394980 3.560056 5.388201 -106768.132123
180.251333 148.249883 4.394840 4.703660 -106739.050926
182.755658 153.975402 2.360003 8.625459 -106755.622617
175.849575 138.593550 2.527025 5.413337 -106790.349752
181.593960 148.151932 2.865630 4.894459 -106743.707383
176.486693 139.907952 4.380190 5.156101 -106822.719983
180.197701 142.832513 3.315092 3.428121 -106797.792560
180.447360 150.453892 3.141658 5.989864 -106705.784506
180.265824 146.150386 4.516950 2.098621 -106815.781944
187.079427 147.983789 1.211794 5.537410 -106819.115265
178.291866 141.764595 1.324797 3.960939 -106805.805436
177.369590 146.336968 3.640799 2.510548 -106793.949920
178.404670 149.867485 5.641451 6.257727 -106792.679972
176.735853 146.730824 5.360409 1.528317 -106838.126799
175.643515 134.995202 1.574377 5.099219 -106837.657680
181.585712 145.290944 4.789840 2.984117 -106814.776901
182.398767 150.820544 3.852081 3.426216 -106800.293875
180.602699 147.039164 3.095040 1.852378 -106824.058117
183.641593 148.248757 5.228080 2.898677 -106837.048716
173.512833 147.394745 4.550493 5.084200 -106670.334446
178.088020 138.493060 2.975597 3.899706 -106826.420835
182.203861 150.971488 4.342257 5.982892 -106800.425052
184.070393 146.065971 3.109500 5.160936 -106792.797446
175.989625 141.964892 1.858245 1.605908 -106841.830414
184.143195 142.288880 1.204673 5.868568 -106800.361049
177.744217 149.934139 5.871200 3.093119 -106792.118178
178.637418 151.667869 4.192072 3.906373 -106764.720994
183.384764 140.381531 1.063846 9.441496 -106762.519141
180.084504 143.686131 2.718879 3.564193 -106786.609127
176.724541 152.246007 5.436474 6.678009 -106789.442311
175.302947 147.720053 1.558747 7.616709 -106653.752359
175.364632 146.681802 4.301158 3.558968 -106740.215045
173.871389 148.552747 3.107635 4.252129 -106712.900298
175.434037 138.032994 2.714548 4.440800 -106820.351691
179.531420 144.588775 4.783473 4.891726 -106761.273532
171.857460 139.127216 1.352450 7.095336 -106753.823019
175.894559 151.555532 2.009617 5.345267 -106710.817264
178.436355 141.308580 5.486175 2.953198 -106833.080149
176.010490 153.131421 2.828481 7.164450 -106644.412195
181.379473 141.373140 1.494724 4.828165 -106799.058566
174.511528 145.091477 2.577959 8.025645 -106609.084662
184.338629 143.365392 2.800886 7.332469 -106788.123729
179.071029 152.468580 3.145555 6.215881 -106697.170203
187.088137 146.552453 2.644853 4.701057 -106842.725457
184.709340 144.681409 2.891128 3.336899 -106839.334565
173.613461 141.477182 2.236579 2.753185 -106820.014355
179.147584 143.781148 6.772133 3.592498 -106840.827948
176.482268 146.783933 1.070322 9.605154 -106675.181218
179.147372 140.194860 3.730282 2.942288 -106830.132262
176.478769 144.754316 5.743433 4.532626 -106757.059020
177.937741 146.176677 5.760638 3.000867 -106777.614724
180.750746 140.492783 3.556539 6.438389 -106808.182097
