171.538078 97.018571 6.166520 5.728439 -121955.580431
173.571087 94.226843 2.960223 3.602631 -122092.017787
176.402476 100.265565 5.063243 4.920938 -122148.407638
169.467943 94.582446 5.821798 3.825212 -122130.776148
171.505128 98.273906 6.992671 4.522228 -122071.256973
176.529550 91.685989 6.806689 5.343859 -121830.617861
179.619047 93.307014 2.912513 7.043963 -122052.891301
173.401107 98.846728 6.022379 5.301402 -121998.429279
170.633154 97.217310 4.011984 6.471000 -122014.977137
180.285133 94.289499 6.633034 5.019760 -122101.762928
172.467391 97.200621 6.126560 6.143487 -121932.127698
174.670625 94.135043 5.086137 3.291543 -121946.012152
177.444187 88.912465 5.400560 6.791943 -122131.885351
177.433378 90.528143 3.942957 4.376759 -122052.978510
170.945109 93.586806 2.677014 5.780858 -122048.311118
176.076296 91.489817 10.871007 5.010444 -122022.250789
171.501837 93.504995 5.899805 3.663435 -121977.376505
170.629282 98.029336 2.669036 5.867681 -122120.734426
169.848011 94.276924 6.775273 4.886361 -122029.966941
175.528100 99.908189 5.214181 4.424122 -122118.194428
169.415866 93.562984 6.208042 4.371215 -122090.472393
175.206306 96.462600 1.515850 6.849373 -122136.096792
178.364508 93.811153 6.437928 5.722429 -121908.454731
178.074521 95.983108 4.761805 3.160003 -122117.189895
177.905849 93.004706 8.448187 3.826333 -121888.839274
176.331780 94.378589 5.123291 8.049859 -121985.726137
174.845818 98.649613 3.881990 3.884641 -122105.300758
177.487347 97.607475 4.922996 4.027892 -122055.946604
175.790137 97.200918 8.985897 3.280819 -121931.675778
174.890298 95.063212 4.884347 6.158461 -121791.446767
176.787128 95.468022 5.448514 2.339647 -122143.265442
174.149580 96.856631 4.503072 5.550430 -121870.099869
179.275483 95.706922 4.665923 7.247197 -122040.557288
177.638448 93.215299 5.855608 4.206857 -121882.396430
173.978836 92.412596 9.834878 3.516756 -121796.757051
171.946749 99.916558 5.923996 5.081848 -122152.024383
173.067379 89.724908 7.450889 4.384996 -122006.530447
177.123897 97.473972 6.593309 3.316933 -122055.490251
177.913604 96.532091 5.151863 4.124760 -122005.211482
174.963876 91.449177 2.242438 5.208408 -122080.909508
170.541149 96.058624 3.662593 6.736968 -121994.865772
175.444681 96.933387 5.852216 4.599454 -121851.852928
174.998977 92.164149 5.614065 6.834677 -121865.914472
171.664192 95.240855 5.633271 5.077190 -121869.342694
172.572243 89.852414 5.048217 6.409619 -121996.074332
175.329597 91.818256 8.009037 5.590161 -121841.981074
179.965934 92.409883 4.140751 7.094561 -122059.611615
176.790078 93.522664 3.788204 6.907633 -121891.417529
172.407740 98.757589 6.103000 5.951363 -122043.252138
173.230273 96.465121 4.797292 2.952491 -122085.026491
175.129488 93.901832 7.422358 7.350743 -122100.901354
168.895856 92.681728 4.659473 4.865719 -122124.765814
174.308129 92.486937 6.452171 5.262853 -121744.970554
172.096781 92.753574 7.395929 2.790673 -122055.385018
175.394475 88.549054 2.867438 7.745328 -122087.461383
177.248750 90.574477 6.275464 4.542901 -121950.277589
168.383535 96.778889 2.700581 9.105890 -122138.929377
174.443967 97.870195 5.444349 5.431417 -121900.349370
173.925967 92.650369 11.780541 2.719036 -121923.548714
176.197088 89.188503 7.574288 3.496188 -122092.784248
175.325238 99.324882 2.668240 5.749276 -122109.009810
175.647580 93.706939 2.233107 5.619554 -122039.353876
174.846923 90.726481 7.113750 7.085419 -122127.351335
175.014246 99.018873 2.066944 9.082847 -122101.924037
169.382453 95.873343 6.717635 5.699999 -122127.696666
169.689442 97.496857 3.585521 7.939928 -122088.180935
172.957308 96.963254 5.850613 5.366412 -121863.676761
174.887405 94.638777 3.683016 9.340012 -122016.808813
177.018179 89.140137 5.004463 4.044474 -122104.246969
172.039465 94.660766 1.566498 5.811676 -122156.519013
170.648021 94.923033 3.702372 3.588941 -122143.807642
