128.361969 98.339670 2.192655 4.167146 -106250.845762
129.527394 93.760614 2.700794 2.698458 -106250.915964
133.549414 94.793424 5.348578 2.416389 -106247.268395
133.409795 95.450384 4.208148 1.857979 -106234.244290
134.369706 94.989589 1.328947 7.611697 -106251.634852
133.897265 93.334479 1.233445 6.010640 -106247.903638
132.425195 95.793735 1.069682 4.025244 -106246.412667
134.975558 94.612836 1.699017 4.359385 -106250.808486
132.965838 93.495280 1.580313 2.412017 -106255.286737
132.747855 92.641606 2.023806 4.893576 -106251.156770
132.290403 95.729702 2.286432 3.314512 -106232.052441
132.488684 97.684907 2.173320 3.259596 -106240.044360
130.825214 94.243137 1.790537 5.234991 -106246.237381
133.145838 97.241848 1.963767 6.069877 -106256.123068
133.271372 92.787275 3.099822 3.161527 -106256.230360
132.786273 98.116957 1.315459 7.225446 -106254.083637
130.980816 92.664924 2.187075 2.763067 -106255.660580
131.722009 94.614298 2.134011 3.124485 -106236.172526
132.301129 93.023200 3.418490 2.732690 -106252.015287
131.197198 96.615727 2.680264 3.094370 -106231.479473
129.925573 99.282483 2.504514 3.144189 -106253.940193
131.648482 93.813778 5.153349 1.507798 -106252.601204
132.499189 96.205757 2.314136 5.526911 -106253.662269
130.044379 97.715159 1.309248 4.509669 -106244.153931
132.589430 96.443094 1.386498 1.936011 -106255.354439
