190.757683 19.548637 6.397706 5.996566 -104617.144001
193.117436 29.920536 6.397706 5.996566 -104617.144001
30.657600 18.366474 10.208183 9.351859 -100758.594189
17.244796 26.955800 10.208183 9.351859 -100758.594189
75.149573 131.395763 7.282464 3.981009 -104879.134369
75.244352 11.634547 7.802689 9.466705 -102878.896914
88.607397 12.991356 7.802689 9.466705 -102878.896914
89.137970 169.550768 4.339218 4.602304 -105167.464646
171.062943 61.871324 2.967659 4.728595 -105248.054647
120.828105 10.641905 4.504272 2.524041 -105253.614320
