35.782476 127.617189 9.667946 7.916222 -100881.880267
79.804092 97.116602 9.667946 7.916222 -100881.880267
106.190097 102.917492 9.667946 7.916222 -100881.880267
65.251240 91.515718 9.667946 7.916222 -100881.880267
47.269911 179.003300 7.956877 8.245137 -101652.294371
149.246246 99.152241 1.215089 7.476817 -103688.735109
94.908213 14.056547 6.032420 2.807182 -103626.683624
143.083869 178.623720 2.601488 3.359567 -103672.796178
76.691573 127.865853 2.457779 2.237917 -103703.062270
152.731340 108.726522 1.024103 7.729883 -103678.158171
157.491593 103.882231 1.457883 4.830252 -103677.838028
