87.518989 63.941326 2.306380 3.646735 -102750.223890
91.592530 64.241417 2.554946 3.241985 -102751.027063
87.954762 65.839060 1.878478 4.086236 -102749.316969
89.696539 63.306961 1.766186 3.039652 -102747.197089
88.242044 65.499316 3.001539 2.412896 -102750.581810
88.755563 64.216300 2.098132 2.440485 -102750.376744
88.019123 64.681497 1.954669 2.899242 -102749.495752
91.239505 66.098628 2.090325 3.153338 -102754.629866
90.923914 64.943353 3.336279 2.568394 -102754.163205
89.963999 63.977199 1.818631 4.501977 -102746.345632
87.374102 64.842860 3.078523 2.881962 -102753.267672
87.747141 63.600889 2.761457 2.910623 -102750.521467
91.086710 62.077746 2.878322 2.327805 -102754.080954
88.599856 61.545548 2.646198 3.083697 -102752.083356
