175.998443 119.325508 9.137353 9.749770 -104286.506091
159.710105 110.153421 9.137353 9.749770 -104286.506091
182.327409 104.114450 9.137353 9.749770 -104286.506091
125.118611 75.719677 5.826070 5.814168 -109646.448679
28.699593 146.143641 7.680224 9.132159 -107509.303439
38.032453 130.609668 7.680224 9.132159 -107509.303439
90.518244 12.980526 3.582587 7.761687 -110171.996623
156.752687 191.048915 6.594695 4.346988 -110148.111363
179.410931 175.423993 5.707840 3.111331 -110263.793406
55.478768 90.313797 3.512674 3.023658 -110431.212509
