55.831740 92.725310 7.302503 2.864763 -110438.199870
56.036343 90.282852 5.815939 3.849760 -110451.122065
57.581979 93.179066 5.537455 3.437689 -110512.602719
53.461803 91.460392 2.635196 3.142942 -110455.997034
55.130544 88.696625 2.775363 5.442018 -110500.996645
56.799460 87.111393 3.942867 3.254796 -110504.607685
52.133633 91.832769 2.053345 5.874002 -110518.635816
55.429105 90.325099 1.614727 2.549072 -110482.129835
53.819958 88.174597 3.964894 3.953001 -110486.160749
54.073220 87.872969 1.890275 6.255868 -110515.650845
52.668281 87.821031 1.143103 5.194552 -110515.044829
53.687189 87.623381 3.428687 2.494530 -110503.291479
57.571320 88.809558 4.920789 3.113918 -110468.038400
54.619588 94.079647 3.133934 4.097724 -110489.878438
55.278938 93.905044 2.982062 4.892409 -110510.527427
56.986578 90.393264 1.438815 4.709947 -110489.033774
56.998972 91.026337 3.512674 3.023658 -110431.212509
56.544578 89.887919 4.531824 3.784578 -110436.265497
55.832709 91.759448 1.484617 5.302750 -110493.114857
56.515209 91.151501 8.010287 3.227497 -110450.950923
56.461372 91.080782 9.183167 3.082208 -110466.075776
57.070379 87.704543 2.398232 3.919053 -110489.009624
