175.506389 104.863081 3.713104 6.544985 -105496.909011
173.978771 95.250810 2.994570 5.107580 -105603.838065
178.013753 99.166464 3.744451 5.583028 -105408.637034
177.711895 94.192681 3.815324 5.292931 -105625.033191
174.372820 104.098984 4.837187 6.580897 -105456.155187
171.450511 100.695348 4.652086 7.708709 -105521.262092
172.136033 98.760611 8.232771 4.920422 -105464.528103
169.814171 102.725655 5.228885 6.129894 -105618.076259
172.057019 96.192010 2.210656 7.374997 -105598.701399
174.735305 98.071854 2.556166 6.244928 -105493.240209
173.040036 104.111926 5.229004 4.572720 -105522.092231
176.375750 99.797709 4.374072 5.867634 -105319.728404
179.692040 98.858927 6.347442 3.099455 -105564.459887
179.300303 102.552629 4.064716 5.313475 -105497.218465
175.467438 99.883139 3.488943 6.769089 -105381.101494
172.229334 100.124713 5.090949 5.319755 -105393.900001
172.241386 94.411647 3.881024 7.699967 -105645.579152
172.872828 102.015799 4.925332 2.860380 -105620.918512
169.214632 103.607282 3.237561 6.855654 -105627.169859
176.088017 106.778870 3.206823 7.637785 -105601.452536
173.546946 101.189316 3.950050 8.793552 -105501.380221
172.570303 98.946884 2.268239 4.236704 -105633.011106
173.613347 97.467432 3.409535 7.460607 -105465.191198
175.106275 98.809395 3.388090 7.370737 -105413.399928
180.704375 101.101379 1.778773 9.151325 -105628.296424
172.316323 104.952254 2.876793 5.257455 -105626.995198
174.965886 97.754845 2.164165 5.041892 -105579.812195
178.414381 102.294494 1.593760 6.043640 -105643.045912
175.862719 106.598008 5.178557 6.472660 -105644.302309
178.057265 104.957257 4.378736 5.243101 -105561.261698
171.520515 101.985004 6.269890 5.130526 -105479.281813
172.090628 100.947798 5.845788 4.810169 -105408.360569
171.944378 101.662372 6.388799 5.155866 -105433.635566
177.116147 102.389468 4.512469 4.235744 -105431.260069
172.398756 95.938696 5.362986 5.467475 -105550.199402
180.511054 97.514091 3.906754 6.852069 -105560.703446
175.451397 97.939838 2.361057 4.116499 -105599.368146
175.943069 101.861271 9.476957 3.320328 -105299.438665
177.183561 102.991130 4.415259 5.252424 -105414.198678
170.897704 100.272657 4.194935 4.374979 -105563.488592
182.311784 99.859758 3.583054 6.984202 -105639.501459
177.285433 101.245722 2.779010 5.793085 -105473.338388
172.251711 104.311737 3.580273 4.300711 -105632.107024
175.766249 105.359728 6.007168 4.863037 -105558.571511
174.796232 96.309395 3.473220 7.265663 -105482.830353
170.269173 100.695969 4.625114 6.484082 -105534.715228
174.078079 102.517731 7.752966 5.483041 -105398.175450
180.774765 101.493725 3.395615 7.148435 -105557.960369
181.164818 98.193617 4.463056 6.529196 -105589.654316
171.027354 101.757603 4.872585 4.270706 -105561.955186
180.070884 102.134373 3.979434 3.758182 -105623.479148
171.517744 98.889947 3.406316 5.989282 -105499.663329
174.576700 99.465317 6.772377 4.807550 -105238.290982
179.033277 100.091811 4.403305 3.340355 -105547.661799
178.537930 100.897985 5.447682 7.964776 -105590.697431
173.263811 102.558382 5.744516 2.965628 -105580.106111
177.222338 99.617951 3.628360 8.210731 -105452.977228
174.441890 95.512748 3.138843 5.114663 -105574.355741
180.009879 100.877363 6.009339 6.352794 -105538.039434
175.437869 104.577434 2.488462 7.217316 -105541.019549
174.691568 98.078650 5.717251 6.751277 -105405.645694
177.861886 102.938293 2.778413 4.832927 -105562.395626
173.150209 95.161889 5.156017 7.335018 -105643.563736
174.098581 99.399682 1.474285 6.954948 -105615.195230
174.910506 104.011698 3.980658 5.366224 -105467.694946
178.292400 100.156258 4.082353 7.104988 -105419.939632
179.577544 101.957132 2.590348 4.153454 -105646.219041
172.389815 100.812845 1.873682 6.113672 -105596.930535
172.954117 105.069608 3.289909 6.425805 -105550.877287
177.383583 104.407639 5.008034 4.531333 -105524.005403
171.422914 102.024519 7.531890 5.556746 -105565.772303
177.327631 100.063249 5.282823 3.701332 -105373.973179
177.550712 98.973900 4.342483 7.968179 -105467.382383
177.429113 102.125239 5.725037 3.239340 -105464.206490
178.899051 102.912010 4.288066 3.305439 -105621.264347
169.983799 98.008417 3.678346 5.161720 -105619.464713
170.810986 103.899028 3.704287 6.397226 -105566.617449
171.356041 100.840248 5.561226 7.575388 -105593.235763
176.124927 96.943307 4.662955 6.280994 -105403.595993
178.595754 100.528082 2.753038 8.486209 -105510.149116
172.787139 96.552819 4.094947 6.982373 -105503.037263
175.450755 103.656025 2.636213 6.836311 -105505.731795
172.065427 96.761624 5.310601 3.289880 -105620.543089
179.782293 101.145842 3.377128 5.937334 -105506.107912
180.897506 99.345489 6.953525 3.483310 -105623.780795
169.398213 103.756793 2.815704 9.032244 -105620.549306
170.104101 102.971963 2.416389 6.461710 -105619.297419
178.777638 101.194809 5.249171 6.072548 -105403.627868
177.941866 103.019079 4.478717 3.485821 -105559.989577
174.236639 99.949939 4.330866 6.046426 -105334.840195
173.655001 97.309333 4.488262 5.462467 -105416.345565
175.761866 96.934134 6.469399 6.660800 -105501.676928
174.278064 107.130460 4.252202 7.009904 -105645.663235
174.247015 95.650329 5.183545 4.605550 -105516.587409
178.725026 100.171503 3.832867 5.795612 -105423.359288
171.977635 105.557062 3.926142 6.817633 -105588.698721
177.678276 97.860936 2.874947 4.489201 -105546.778159
172.787896 104.565876 2.359888 6.052482 -105602.495233
175.391629 99.195693 5.123349 3.774518 -105359.267785
177.654651 94.619892 2.532778 8.861009 -105605.670289
171.391665 99.678394 3.636695 6.994239 -105480.286570
177.618602 101.394322 3.286906 3.574196 -105559.832952
173.153049 100.647417 3.091657 4.035825 -105550.901933
173.041227 97.124578 2.555045 6.142549 -105546.033966
173.447657 100.433895 2.486099 7.071294 -105487.439886
180.313356 96.758825 3.699103 4.434863 -105633.531592
173.340493 99.961931 3.634549 6.256876 -105399.285053
174.465294 100.059044 4.530027 7.170339 -105371.863759
177.111224 101.856145 4.345801 4.901288 -105380.338280
174.208004 102.193362 5.043097 7.790763 -105478.535646
172.828635 102.723640 5.715687 4.745479 -105428.100100
177.842774 95.953460 6.801734 5.982136 -105573.900537
174.891614 105.365672 2.983771 7.472463 -105539.718839
175.756735 100.138861 3.296317 7.128156 -105400.316016
173.122302 103.856242 4.565544 3.612622 -105607.100173
174.442903 100.609045 5.489768 7.037959 -105386.314143
169.194444 102.558000 4.890366 5.884614 -105646.910653
172.361050 99.149769 4.517972 5.982795 -105408.644744
176.492433 102.544029 9.498588 4.612042 -105372.577224
175.026454 97.950626 7.038068 7.089491 -105587.113536
173.653694 96.678993 5.406271 4.841885 -105441.692614
177.905347 97.095510 4.695956 4.827333 -105441.509231
174.093273 102.486058 6.943680 3.395901 -105436.951575
178.397495 104.633068 4.840466 5.698210 -105539.411063
178.662370 96.716682 4.954353 6.522607 -105499.237921
171.961763 99.476688 4.218149 5.721467 -105436.040910
177.516328 99.131245 2.316165 6.567757 -105513.483669
173.426933 101.206996 4.922849 3.389027 -105493.637377
171.907145 96.180025 5.767063 3.743127 -105619.292392
179.262336 100.729954 5.928331 6.393485 -105472.046932
173.947628 97.652843 3.674494 7.817241 -105461.470352
174.137680 105.426706 3.086128 5.462095 -105591.781320
173.090883 99.412338 6.634450 5.149190 -105325.830167
173.642242 101.621844 3.994422 5.645041 -105387.202892
172.558023 100.083568 4.453111 6.252743 -105393.318498
169.842258 99.819734 4.067733 4.616213 -105623.021431
171.064361 98.977882 4.477054 4.209518 -105561.146631
179.320846 98.432182 2.872534 5.647668 -105533.864143
179.686551 104.167300 4.285693 8.215492 -105644.421747
173.978137 100.687651 3.946510 7.948139 -105427.733268
176.708807 99.935333 8.932202 4.766388 -105243.073285
176.188564 95.401326 8.725603 3.119723 -105630.771172
178.177160 102.644914 5.627308 3.257361 -105526.461308
179.423227 100.313317 2.649980 7.064113 -105522.554305
176.749837 104.457825 5.513872 4.585659 -105499.246675
177.306364 98.968970 11.843781 1.926193 -105538.226853
173.984601 104.241892 4.097102 5.655522 -105478.807786
178.356948 101.913851 5.815219 3.867187 -105427.805564
174.272235 102.119856 3.607541 3.752234 -105532.462680
172.550758 100.513961 2.797610 6.945371 -105479.282699
174.137944 101.697639 5.619394 2.700993 -105553.247874
174.221438 102.590898 5.397516 5.845034 -105356.349174
176.279641 105.596625 4.235341 4.131712 -105638.151467
181.987491 98.702029 4.793727 5.083120 -105650.405577
177.829506 94.486512 4.297262 6.530381 -105588.951183
174.250130 98.714954 2.177882 5.536178 -105550.200996
178.975841 98.221321 4.236758 9.205399 -105647.565493
180.659970 102.104210 4.512089 3.674334 -105648.605900
171.870544 97.383669 3.668441 7.139913 -105509.106916
176.036250 94.389845 3.390327 7.077180 -105570.251583
177.335986 98.022658 2.788721 3.449192 -105621.524596
173.342821 102.536992 3.821185 6.286107 -105422.395071
180.310829 100.157302 4.282508 5.944900 -105497.526668
180.282318 100.706018 4.593192 5.515455 -105495.782308
176.658548 103.330073 3.959446 6.593478 -105427.579874
179.575663 103.336032 3.407683 5.334787 -105567.833547
178.581999 100.997275 8.480157 3.362559 -105390.467740
175.794592 98.486669 4.516060 7.108905 -105383.336160
176.899626 105.518307 2.419831 5.354279 -105644.221226
172.874603 97.396213 4.499020 5.820726 -105440.135655
169.875652 99.675806 3.191608 6.375942 -105572.982064
173.829970 97.648523 5.564762 6.525931 -105420.654851
179.239729 102.161865 4.527013 2.936904 -105636.732847
172.901730 105.208687 2.576365 9.059551 -105574.480778
174.395846 95.941230 4.271268 4.684201 -105513.771879
178.767281 97.289821 5.292316 4.143499 -105491.487908
169.853020 98.212712 4.980467 5.752255 -105605.302875
176.381150 94.903661 5.502476 7.200975 -105640.279325
173.471308 102.088140 5.843328 2.945917 -105548.558278
172.446868 98.028898 7.378633 6.641760 -105647.970951
177.242577 100.311995 4.978644 4.109419 -105354.213365
174.400595 103.143144 6.615355 7.327800 -105615.586286
179.909618 99.116759 3.194236 5.589194 -105528.741913
180.336433 96.453273 4.717526 6.250960 -105591.820052
179.255409 95.499612 2.518580 5.645625 -105636.263331
177.700013 101.837234 5.570897 2.455105 -105583.173907
169.910749 97.549657 3.148735 7.448470 -105595.362307
172.134871 97.724258 1.869624 5.905064 -105629.800791
178.980701 99.617196 5.974476 5.819753 -105402.906921
173.083855 105.597966 3.577145 6.341372 -105567.589141
174.297324 103.438588 4.040997 5.572280 -105435.802643
182.214065 100.393922 3.961410 5.403806 -105648.927952
175.045157 103.909942 5.121010 6.944570 -105466.071335
180.595350 99.007380 4.222250 5.305755 -105533.048484
175.893177 95.368200 4.447674 5.254466 -105510.046585
175.602651 96.983800 2.324098 4.618662 -105599.490570
178.152066 106.714785 4.125773 6.741661 -105650.229689
173.349342 102.468722 10.058344 3.969776 -105452.851822
176.879347 101.907564 1.638420 5.955182 -105614.748160
171.978172 98.404805 5.245376 4.077613 -105492.859103
178.547777 101.143727 5.695178 3.932314 -105409.641688
174.579458 99.338685 4.098322 9.575161 -105587.196500
172.838300 99.429912 3.397176 4.863760 -105477.563367
171.246588 103.365625 4.232955 4.701777 -105584.048206
177.281955 101.687340 6.072576 4.326619 -105320.055351
175.363478 98.170810 5.557593 3.096348 -105452.776799
176.129191 97.226447 6.058890 6.479499 -105431.172581
171.090160 103.771289 4.081068 7.317361 -105554.533791
178.466810 98.669377 6.034862 7.481754 -105594.387613
175.207020 104.255485 2.576582 4.501335 -105622.523989
178.744099 100.565251 4.712925 3.351745 -105516.098411
171.825765 100.663257 2.414360 6.008496 -105553.343315
172.187290 97.544932 5.111186 7.970652 -105609.826870
174.465346 96.009512 8.048117 5.878016 -105640.318099
172.988359 102.369499 4.679642 3.492676 -105551.928820
175.188984 101.318407 1.922253 6.878002 -105545.461811
179.066938 98.125642 3.890003 4.873523 -105489.291560
175.054753 98.955766 5.175762 5.612827 -105291.757429
168.704861 100.527200 3.327990 6.605158 -105623.929377
172.074540 105.967077 4.108520 6.056449 -105619.870366
174.542541 104.820099 5.063891 7.469858 -105561.960610
174.951213 98.249629 4.811409 3.842593 -105406.481089
180.840565 100.210973 4.206325 6.433821 -105539.588138
179.701283 100.837867 6.732330 3.261217 -105527.764629
173.289059 105.484118 4.581848 4.376969 -105631.497465
176.358796 101.266047 3.111210 3.252077 -105585.003830
171.720410 102.067362 3.252829 6.127391 -105500.889325
179.472774 103.084597 2.761771 6.925335 -105552.659261
170.959532 102.679463 3.397273 8.164280 -105540.186701
172.081203 96.871738 4.751500 6.047107 -105504.743492
175.422877 99.475525 7.401983 6.628030 -105464.299723
179.339111 98.810465 6.545844 5.704135 -105457.916847
169.506931 98.885770 2.163534 6.898962 -105636.036474
170.274360 102.615739 3.385855 5.039639 -105619.075225
176.973766 98.706984 3.012642 6.698730 -105439.786296
175.386543 105.621368 5.557558 5.030874 -105570.663604
177.896559 102.992633 3.368079 5.368711 -105492.314253
174.079119 95.653930 5.253109 6.173527 -105512.029078
176.014958 103.701655 4.362666 9.305822 -105634.790223
169.539937 98.415696 3.270470 7.852753 -105596.765632
171.298163 104.507594 3.454682 4.958793 -105633.424793
171.401066 102.106490 2.992390 6.751583 -105517.056248
177.731902 103.482228 4.944305 7.205146 -105498.930903
178.900804 102.453836 5.080740 7.321921 -105529.145879
172.756683 95.934211 2.671091 4.932485 -105628.840649
168.368335 99.354706 3.514126 7.029966 -105645.634192
176.772680 99.063096 11.208741 2.204341 -105443.868731
179.316498 97.257761 5.552741 4.791716 -105489.204806
179.942849 100.972805 4.271997 5.901411 -105479.403649
169.930823 97.808821 4.420174 6.670681 -105601.608331
178.990182 98.789207 4.949786 5.044052 -105412.235494
176.345316 97.306153 5.228981 8.193743 -105590.412974
174.917884 103.195794 2.957775 6.850674 -105467.643828
173.596359 104.099194 3.033506 5.850358 -105527.950068
176.885677 104.694112 4.274948 4.977491 -105526.297975
176.313833 95.104736 5.784141 4.219703 -105566.674068
169.628527 100.468652 3.776175 4.809630 -105631.765701
176.979537 99.939310 4.591768 4.130567 -105371.019606
171.300082 97.986908 2.880816 6.901440 -105540.113417
174.945189 94.821657 5.913008 5.874945 -105582.414619
174.618016 103.930123 2.533800 7.159181 -105520.781570
178.901658 103.417168 3.468350 7.354810 -105517.332680
170.023051 100.622158 4.145485 7.941865 -105582.190644
173.316143 95.456781 2.835379 7.676134 -105560.246453
173.627706 100.424668 6.059872 4.384038 -105308.962190
172.783620 99.772226 5.116771 5.090981 -105364.331816
175.560968 95.694988 6.178076 3.277200 -105579.787072
176.631410 99.958380 4.693715 6.455870 -105328.876859
169.310254 97.737897 2.900662 6.729761 -105630.419778
176.249659 96.553040 3.869667 5.801847 -105446.213792
180.262344 100.367191 4.388898 6.127080 -105495.017744
177.610564 103.108066 3.277707 3.993254 -105578.676390
172.244829 99.152610 2.177659 7.422978 -105545.733563
178.217748 101.558628 2.624422 8.437958 -105511.436791
177.430108 102.469351 4.034968 7.157351 -105428.324018
174.668394 99.124327 3.647233 4.069099 -105458.925201
175.550802 102.689563 3.765494 4.313378 -105474.141990
178.283294 105.232091 3.758953 5.562563 -105584.960512
