16.828387 129.515270 4.251605 5.379024 -101245.007074
11.782057 122.291647 5.446559 4.386228 -101217.270149
12.119463 128.273372 5.731683 4.547873 -101073.181596
13.043673 123.257206 5.183814 4.456675 -101116.181792
11.927996 124.502460 7.475809 5.452067 -101016.436678
12.973259 130.171430 3.988637 5.004368 -101245.477769
18.893298 124.346825 4.369047 5.624991 -101287.869448
12.371863 119.586322 3.295503 7.244078 -101356.367700
9.958921 126.846259 5.039482 4.852756 -101170.566658
10.337748 128.257481 4.206072 6.617179 -101187.061047
13.782418 127.546634 4.988688 7.885911 -101175.740298
9.618680 127.541331 5.237809 4.563714 -101224.339591
18.075413 128.943700 3.176564 6.411970 -101308.843874
14.460231 120.115713 4.657789 5.446371 -101322.465559
17.517841 122.076998 5.283489 4.500753 -101317.721999
11.914301 121.459644 5.739244 4.640648 -101257.709346
17.125720 127.899112 5.243044 3.353360 -101294.486268
11.325971 121.158966 3.823030 6.617575 -101280.438941
14.343777 125.783250 2.986517 6.116689 -101165.603957
9.611867 125.406184 3.687926 4.859821 -101270.231713
11.935614 127.323268 5.786486 5.472518 -101012.120730
12.072902 124.752795 4.559745 5.889476 -101059.964867
11.320040 124.755907 5.943367 5.451323 -101040.116340
19.146711 126.259094 2.937603 5.806818 -101348.887880
13.052986 123.996077 2.875880 8.837193 -101234.361787
10.308447 123.414970 3.830237 5.217886 -101248.320863
12.013435 122.715701 7.056966 5.301490 -101124.232512
11.960250 123.845810 3.799165 4.719512 -101195.805064
13.659216 124.247034 6.358779 3.835464 -101051.979126
15.399814 124.572987 7.353559 5.750197 -101026.596978
15.459329 124.585989 11.637970 3.383863 -101040.561441
15.885557 124.436468 6.831612 4.619711 -101016.058012
18.490909 122.749544 4.853570 5.825115 -101305.967035
11.415631 126.368950 2.517111 5.781183 -101264.029707
16.730667 125.126984 5.605849 3.847533 -101163.884806
17.155177 121.385144 4.863987 4.486408 -101353.123473
11.786756 127.465774 4.304779 5.012308 -101115.506750
9.798880 122.358260 3.838387 5.696806 -101299.426599
10.881276 129.675991 7.718102 4.991888 -101247.991490
11.674866 126.205198 3.490731 4.963618 -101179.147608
19.296261 126.743317 6.408997 4.844540 -101331.191534
13.998394 119.977150 4.007753 6.540207 -101316.077215
9.633548 125.788131 5.326487 6.041125 -101163.234868
12.544254 121.912781 4.733951 6.868919 -101199.441381
15.651199 121.311815 3.395446 4.740401 -101346.504782
12.500349 129.943341 5.320569 5.068249 -101173.931267
10.155155 122.543477 4.717325 6.565020 -101244.007817
15.115017 129.069650 5.077316 4.615968 -101139.832792
15.798767 121.517049 7.443667 5.424507 -101281.236904
13.973640 127.273542 2.656591 4.359054 -101296.068465
13.275444 127.653380 2.161544 5.992787 -101294.400559
14.921148 121.890309 4.324824 5.027341 -101220.815739
15.592888 126.476781 3.529744 4.802764 -101176.299372
13.913982 121.544220 3.744176 7.229197 -101228.699004
14.480826 122.439966 2.744321 5.068731 -101309.444290
14.824930 124.428103 2.374133 4.184603 -101358.162555
15.474829 131.654886 4.629790 5.194210 -101348.255466
8.862851 124.324844 7.199544 5.084742 -101299.988272
10.973073 125.935689 2.955596 5.521958 -101233.509244
16.359287 125.158201 2.569760 7.253953 -101246.244879
9.267307 127.738740 5.956118 6.680454 -101273.160613
16.049030 121.533784 6.206804 5.142296 -101243.052567
12.847586 129.085405 2.851133 6.695347 -101234.673252
7.763508 126.079176 4.831541 6.889821 -101321.838771
11.843314 128.103358 5.071225 5.101644 -101082.181571
17.433198 127.477078 4.802346 5.059838 -101176.790662
17.328888 121.089038 4.404039 6.261204 -101323.994873
17.890991 122.587241 5.254239 6.808957 -101307.044632
11.724299 124.080445 5.204554 6.878372 -101116.673755
11.240007 126.348347 2.522666 8.900880 -101262.690212
14.937969 120.594365 4.594062 6.960962 -101291.762636
10.738151 127.065827 4.821716 3.749468 -101232.720534
13.868321 123.254741 4.226583 5.344889 -101119.948098
13.246844 125.738208 4.150410 6.072400 -101050.294381
15.867618 129.643027 3.563581 5.121675 -101265.155883
19.892796 126.743269 4.812113 6.179043 -101358.246798
16.055823 126.518133 6.072147 5.135685 -101006.949414
12.310465 124.087871 3.852947 4.451632 -101193.939606
14.756894 131.376703 6.563860 6.005009 -101361.289486
13.934187 121.848042 7.331223 4.933529 -101165.883013
11.220735 128.062805 5.683772 6.323989 -101115.131323
11.381506 126.249342 4.776391 7.204746 -101118.490382
13.338121 130.569297 4.747833 6.150730 -101216.164430
18.232672 128.459793 3.649308 6.181861 -101282.428644
12.997457 121.519233 5.159241 5.534627 -101196.044008
11.170678 130.572956 4.266788 6.150607 -101268.837309
13.854672 127.577249 4.430817 4.228119 -101124.484805
10.615475 122.154195 6.088340 4.869165 -101254.507121
11.257069 122.580756 3.922913 7.579162 -101224.253707
10.676284 129.389372 3.221645 7.251797 -101258.804679
16.774991 121.847239 4.832697 6.535523 -101255.316458
10.768853 127.151404 2.748381 5.456616 -101274.159593
12.439765 130.312787 3.727282 5.365143 -101261.102018
12.668502 120.128865 3.129873 6.721161 -101333.534725
12.306351 122.658540 6.381945 7.519356 -101336.928333
15.011460 120.849042 7.381295 4.461386 -101315.964969
12.841217 123.926617 3.876168 5.423593 -101125.447321
12.076928 130.470490 3.533187 6.698175 -101258.655650
10.806925 122.652866 4.064360 6.562389 -101213.238942
13.199083 128.211368 3.748785 4.786930 -101169.819973
12.752700 124.550465 4.592225 4.332356 -101113.911669
18.481459 126.719795 4.742281 5.509634 -101233.213480
13.289308 121.331898 3.237409 5.344186 -101301.358639
17.558635 128.206065 5.091018 7.740413 -101313.758097
11.405723 121.189505 3.566809 4.735514 -101360.886521
18.511663 125.928748 6.261637 3.857467 -101287.542892
18.157757 125.986168 3.769213 6.084364 -101231.044779
13.469395 122.458635 3.280094 6.165084 -101210.548556
16.234524 129.823607 3.125352 6.973994 -101271.652554
16.520128 125.575274 6.553750 5.956088 -101072.553953
12.592028 126.180913 2.587086 4.892064 -101269.744160
17.122133 123.846704 6.058541 3.116151 -101317.573642
17.422716 125.188586 3.599739 5.674575 -101211.239092
16.394053 122.226003 3.816601 5.456572 -101250.658598
18.747652 124.465171 2.433988 6.894437 -101348.343882
18.400807 127.611540 6.457154 4.708269 -101251.863140
11.799237 122.892557 3.327414 5.142043 -101253.127539
17.964850 127.490789 3.973481 6.083327 -101226.914183
12.859276 126.224082 5.248702 6.440956 -101016.400990
12.353240 130.934393 4.611880 5.528902 -101265.591416
10.250766 125.869908 4.627969 8.305045 -101252.175874
13.511507 125.034437 4.088748 6.940495 -101080.967227
14.346017 120.698110 4.474737 6.417174 -101262.493543
17.364890 128.890231 3.886445 5.709477 -101248.752649
14.209670 130.365770 3.009381 4.862035 -101334.624978
15.165230 126.497840 3.265686 4.077932 -101251.864669
12.836124 123.560572 4.409094 5.568856 -101094.693534
14.100875 120.235372 3.545642 7.245705 -101306.209864
12.006884 126.236924 3.662728 4.961774 -101150.836654
15.569110 127.416562 3.722194 3.978681 -101238.208716
16.667251 121.971171 4.232314 5.102364 -101271.849328
16.583549 129.355100 2.572629 5.460530 -101343.421532
15.503469 128.104029 4.818619 4.207084 -101145.618263
15.655005 124.498288 6.572143 4.141613 -101040.133614
15.094388 126.356363 4.935012 5.389570 -101012.871327
16.362562 127.237827 5.448839 6.406540 -101100.173169
9.923753 129.983620 6.059387 4.618202 -101321.147130
13.132318 128.141607 2.008570 7.949094 -101304.403618
15.968540 123.530050 6.162711 3.373460 -101227.427717
8.455900 125.745735 6.245946 5.046580 -101284.936249
9.263175 125.977590 7.191668 6.419582 -101314.392340
15.193225 125.342337 4.343862 7.046859 -101090.962217
16.551872 123.492367 2.593281 5.840118 -101296.114036
14.677144 119.986769 4.999755 5.774735 -101329.272268
11.377633 129.361851 4.053559 4.972342 -101232.924756
14.115660 127.244850 7.576018 6.603924 -101149.774174
9.351393 123.129661 5.226763 7.300951 -101313.779242
11.737302 131.410811 3.679759 6.804406 -101316.655181
11.392376 123.382134 5.043759 4.235894 -101194.114708
13.746960 126.243974 4.053242 4.424375 -101119.561073
13.142709 130.884749 5.117700 6.446125 -101254.916134
15.854885 126.987561 3.193784 5.098015 -101209.735744
14.134318 125.178757 5.537757 5.783625 -100972.942774
18.402252 125.391308 4.462018 3.793819 -101344.954569
10.632847 129.620020 3.588148 5.782428 -101267.351700
10.842315 122.529841 3.375578 4.345684 -101353.145572
13.800569 124.355161 3.699394 3.429351 -101296.361096
14.259536 122.021852 4.426547 6.914884 -101184.128416
11.745470 129.645138 2.612933 5.397750 -101330.947867
14.360404 131.001568 4.839190 4.549166 -101297.091466
13.356191 128.041942 4.095192 5.438643 -101099.786404
8.202082 124.805429 3.480981 5.587076 -101338.255973
15.837795 128.848844 4.841805 5.200240 -101137.924791
15.102827 122.720205 3.754209 4.979998 -101216.371797
13.390913 125.532145 3.442069 5.972104 -101115.562266
18.085731 124.910328 3.655414 4.491517 -101312.584388
10.976874 126.539518 6.215942 3.031027 -101246.408210
14.199696 130.894336 2.956901 5.786864 -101323.194765
10.110435 125.014226 3.509970 7.337700 -101204.949312
11.973678 127.290589 3.080832 6.990707 -101179.456484
17.103584 124.765312 2.772951 6.265329 -101260.099673
15.997833 127.685738 3.929779 4.457621 -101197.997582
19.229657 127.105045 2.453313 7.238228 -101359.461043
11.187638 123.355720 3.928722 4.391045 -101260.072600
16.961238 121.757288 5.669339 6.210229 -101283.488069
13.954632 125.398448 4.430120 5.610272 -101029.685538
13.305215 122.540851 5.582742 5.238190 -101103.313417
10.024347 126.887497 6.924100 6.691679 -101264.737997
17.456327 125.367501 3.804121 5.196104 -101214.285333
15.142876 125.104546 6.909982 2.958834 -101161.805127
10.580838 125.746654 5.028653 6.070530 -101099.790693
11.351895 129.643516 3.281885 5.859368 -101262.363683
17.256703 127.969415 4.346541 6.844820 -101197.753798
9.937950 126.773800 4.772514 5.489253 -101156.942004
11.467005 128.019464 4.274156 7.079964 -101145.826844
18.083681 122.040833 4.169266 4.997954 -101350.541058
9.920960 125.654172 5.214488 6.397306 -101152.993207
15.989176 122.160203 8.258115 4.651810 -101221.734563
15.018716 120.087314 5.913175 5.634106 -101349.050178
13.261056 131.371866 3.620633 7.392030 -101303.035254
11.996126 124.490531 4.555413 6.546115 -101082.101338
14.523250 120.427594 3.504782 5.000264 -101358.895292
15.268118 127.401949 2.917461 5.887062 -101204.770312
12.894151 129.452988 4.483261 7.204165 -101183.285940
15.096783 127.458643 5.551979 4.113381 -101064.116583
17.037790 130.206903 4.629095 6.742524 -101292.728146
17.774132 124.898924 6.544499 6.740644 -101288.011418
11.063121 124.206716 4.247292 5.036821 -101162.635060
10.189963 121.907200 5.832316 5.539065 -101291.558366
15.743290 128.080320 2.623981 4.451314 -101332.315248
12.425875 120.287417 3.657339 6.977893 -101309.832260
16.015101 121.915279 4.274825 6.722919 -101222.978441
8.328602 125.656216 4.246212 5.165449 -101309.491906
14.993788 125.550314 5.035724 4.722206 -101027.327450
13.454675 129.128406 7.449296 6.807614 -101305.800266
11.425128 123.132364 4.652068 5.046339 -101166.964739
15.479523 127.306397 2.143196 4.648064 -101360.306244
13.499695 122.193846 4.507846 5.938764 -101153.107031
14.201187 125.606897 3.349910 6.411735 -101122.610836
10.133007 128.250218 4.618751 7.551594 -101234.377059
13.330985 129.055638 5.993082 5.488360 -101067.754509
14.258272 120.679278 4.967947 5.498181 -101267.103434
14.919058 123.372495 5.518571 3.195336 -101262.019889
13.098796 130.928270 4.710834 6.643278 -101258.330091
13.502873 122.510161 5.512465 7.668927 -101258.509077
14.809284 127.189991 2.968973 4.729281 -101236.781298
12.740769 121.630483 7.187869 4.369915 -101221.372903
11.968455 124.771652 4.738378 5.411109 -101056.908476
18.698853 122.672140 5.265159 5.765302 -101332.639092
16.984591 127.274541 3.549708 7.340370 -101203.394642
8.740506 125.237999 3.375014 4.808728 -101349.368874
18.380407 126.432460 4.028364 7.867181 -101279.868673
10.020213 129.835360 4.011930 5.601572 -101291.417387
8.604049 124.829691 5.006245 5.430948 -101270.238695
12.130002 124.015048 4.134693 5.950588 -101106.333483
10.093094 127.834622 4.034101 7.180745 -101202.168385
17.495034 125.901555 2.938458 4.130327 -101359.430963
13.664408 129.270154 2.671818 6.777982 -101254.810474
15.981988 123.867417 5.573604 5.236499 -101070.466491
12.904246 130.249210 5.755655 6.179041 -101203.875947
12.209616 128.445005 4.239901 6.438155 -101121.030457
11.824197 127.513146 3.270567 4.733434 -101229.111576
14.061657 128.273527 4.163043 5.110505 -101114.764340
10.943203 130.645952 5.702178 4.063454 -101353.562684
15.170777 126.475806 3.826310 4.866806 -101129.792145
7.768295 125.889608 3.623637 7.016893 -101311.399988
11.295177 129.465181 5.403981 5.671153 -101171.565917
11.832184 124.163390 3.727134 5.558259 -101150.796032
12.708515 130.820651 6.053998 4.666073 -101259.151629
12.999296 125.831839 4.642083 3.368817 -101203.193926
11.709162 121.428873 5.036730 5.857034 -101237.783402
14.747141 125.530722 4.314482 8.663542 -101220.258004
16.887128 130.255361 6.190073 5.239385 -101287.859261
14.372202 123.405862 4.071933 5.999332 -101112.872394
11.514770 127.771319 5.267324 3.521512 -101213.315729
10.906286 127.783693 6.160987 3.886987 -101158.961794
11.612641 123.013488 5.858970 5.554324 -101116.578351
15.641935 128.950167 2.296706 6.644795 -101306.404060
9.876523 128.612724 5.664037 5.944445 -101211.824217
11.767396 131.189046 5.831787 6.328454 -101336.203621
10.260183 125.964604 4.337759 5.559793 -101149.849012
11.350036 127.725271 4.293251 4.553645 -101172.593841
16.884709 123.877603 5.378381 6.872089 -101189.127478
16.847354 121.706249 4.471368 5.916174 -101262.546511
16.945934 129.091484 5.464579 6.518741 -101229.093931
15.644354 121.174151 5.713908 5.018539 -101260.608812
9.835694 122.873679 5.799627 5.043791 -101254.647962
14.616531 131.415639 7.002079 4.904634 -101337.806334
17.739556 123.931598 6.214402 4.810321 -101196.208868
12.688752 129.560738 5.679188 5.478576 -101123.733954
9.697711 122.209788 2.939732 6.919045 -101320.526559
17.316274 128.648512 4.190698 4.436963 -101281.088324
8.655630 126.752084 4.301685 7.652177 -101274.040896
18.358866 126.305669 5.253148 6.765795 -101250.066166
13.206644 122.768020 4.064287 7.507708 -101176.021236
16.183279 121.684046 4.979316 6.850259 -101256.114758
10.419492 123.203181 4.688425 6.017859 -101189.897228
10.525039 124.753204 4.678065 6.130935 -101128.214566
9.619268 126.471613 4.361231 4.542033 -101247.261774
16.885832 126.447836 5.437467 6.144367 -101101.655028
13.587842 123.398806 3.814789 6.301234 -101127.703789
9.654935 127.697870 5.396291 5.537984 -101184.298865
9.776950 124.127003 5.455353 3.964775 -101273.456876
10.291681 124.239596 4.488789 5.323583 -101176.811579
15.638286 125.230830 2.856837 5.934270 -101208.416647
17.183136 121.347255 4.493135 5.243840 -101321.070410
11.994348 128.217622 2.741160 4.476394 -101318.187959
11.125171 123.482053 2.392363 5.818930 -101317.194385
11.533227 127.363162 2.560349 5.867701 -101262.209315
16.128437 124.773950 4.545493 4.031442 -101184.617403
11.489469 126.756292 2.988960 6.410353 -101194.187618
10.428727 126.144230 6.352085 5.114599 -101078.779736
17.815406 122.424261 2.868746 5.623371 -101355.173513
17.079440 123.377927 8.745437 3.314978 -101270.965443
19.223714 123.662145 3.790923 6.692700 -101326.557318
16.420737 120.410745 3.859454 5.617638 -101351.177812
18.794709 128.408586 4.017686 5.673778 -101314.797112
15.058692 128.626724 7.033472 3.646865 -101104.756950
18.559540 126.153435 4.115173 4.944521 -101280.037178
10.243056 130.248775 5.830121 5.272590 -101298.516623
12.732538 126.499605 2.406972 7.063279 -101235.847717
15.630403 128.139031 7.863248 4.901861 -101028.247458
13.470279 121.646904 5.072744 5.418037 -101183.636567
12.034105 121.978301 5.995916 5.204727 -101180.755640
9.871689 127.852078 3.903568 5.820802 -101216.510462
16.090618 130.355670 5.087938 4.718026 -101268.366643
17.791151 130.504978 4.500443 6.621888 -101345.626040
17.146976 121.088493 3.711829 5.198837 -101360.705715
12.556982 121.961062 4.379130 5.018315 -101217.953206
18.553806 123.567335 4.811187 4.450606 -101328.762308
12.210752 128.430489 3.671291 3.444563 -101332.059306
11.120172 127.806029 2.598802 6.755547 -101256.352614
10.603954 125.653547 3.947594 5.819900 -101150.290347
11.822766 128.239925 3.230367 8.289771 -101221.145366
17.282234 128.209930 6.021780 7.012036 -101285.515891
18.854766 127.043624 4.131162 4.793657 -101319.297373
14.829330 124.344918 6.942592 5.452672 -100978.141130
11.002537 124.380376 4.134621 3.611764 -101299.950082
14.460629 129.267503 3.831965 4.149797 -101261.563118
14.083288 128.650654 4.128748 5.772879 -101116.709461
10.914579 126.591144 3.659094 5.225255 -101180.813332
11.392656 125.485605 2.490711 5.886221 -101265.416604
14.522105 126.325152 3.236834 6.835127 -101139.739681
18.017824 127.822438 5.580056 5.106194 -101213.899133
9.617399 127.448219 4.335568 5.167959 -101223.560891
11.516584 122.894948 2.429061 5.982895 -101313.404636
14.183497 126.924474 3.921312 3.830189 -101200.954465
12.373058 123.696362 2.108610 6.938855 -101300.185836
16.669196 125.638373 5.038106 3.500192 -101229.652062
17.245900 122.180499 4.431140 5.500936 -101264.348369
11.956178 126.205620 5.680059 5.487835 -100992.947726
8.577194 127.217525 5.455790 5.793451 -101264.757388
11.477173 130.555784 2.922020 5.238505 -101356.855969
9.023229 123.669719 5.492993 4.196409 -101333.128064
13.206502 130.067222 2.986817 5.055288 -101310.761691
15.165853 126.958802 7.010243 2.436492 -101259.734755
18.534241 128.721007 2.943643 6.026648 -101347.471876
10.008099 128.233526 4.770581 5.959321 -101186.188440
11.468363 128.268393 2.112786 6.768301 -101316.128947
12.185440 124.603673 3.043524 5.904698 -101189.147358
12.662301 127.235162 5.514507 7.763448 -101192.237641
10.869280 124.803701 6.606863 5.698109 -101078.729831
14.687807 123.007153 4.233694 4.256318 -101214.735324
16.233384 120.728016 4.215850 5.882653 -101307.465381
17.330878 128.814612 4.963115 4.904663 -101226.295916
17.228370 126.308318 7.498193 3.554173 -101160.203935
16.707245 122.820407 4.333410 5.305518 -101211.694806
15.637717 128.130059 5.830332 3.768598 -101135.915100
17.640184 128.293132 5.775631 4.381047 -101227.831573
11.069313 121.782662 4.243858 4.840324 -101296.522837
15.955567 129.141006 5.868336 5.494303 -101134.224191
9.498939 122.609572 4.634773 4.947612 -101314.718914
10.932674 124.615906 7.113877 2.614669 -101323.901502
17.672920 129.859241 4.862437 4.852011 -101318.296131
16.286643 120.518914 5.853085 5.936658 -101352.649427
9.509380 124.454736 7.527158 5.427713 -101244.509400
12.978740 126.123929 4.335622 5.612187 -101039.975086
10.253695 122.759912 5.382911 6.953105 -101262.822013
17.517673 126.560979 3.417745 5.868383 -101224.095033
16.386991 125.445366 3.107545 7.342771 -101197.502274
16.817619 129.077462 4.049253 4.954439 -101249.594790
13.027895 121.538247 2.950060 6.916740 -101269.179226
14.986319 131.435442 5.080145 4.709494 -101332.290172
12.669379 126.769441 6.147710 3.671290 -101059.870153
13.942772 123.211442 8.025494 6.103609 -101171.053316
15.023838 126.739958 6.753194 5.518412 -100957.964280
13.628249 126.326310 6.340471 6.186219 -100984.841613
15.292122 121.781540 4.082185 8.139632 -101274.210335
10.452525 127.456190 3.003096 5.205255 -101275.803427
12.957492 130.183679 3.388808 6.769613 -101239.123791
10.028233 122.077853 5.242019 4.491062 -101328.039367
12.707647 127.187439 5.960268 6.156401 -101010.622923
16.451063 126.526250 6.603010 4.450591 -101035.949922
15.096365 130.432536 3.868849 5.354874 -101262.838618
13.731380 124.552071 3.756777 4.309915 -101181.917557
13.907016 124.286198 3.222912 6.660032 -101151.625129
7.809280 126.827443 5.480998 5.933858 -101331.568687
8.538562 126.532284 3.944132 5.110177 -101308.503520
11.194669 125.415171 5.208797 4.270752 -101117.486179
14.455571 128.959045 4.436999 5.941622 -101117.175214
12.506657 122.584418 3.473551 6.178291 -101199.713259
17.692276 125.600529 3.387033 6.184622 -101227.092895
11.199099 127.210252 2.128935 5.716138 -101329.946528
10.371979 128.064602 3.110533 5.889996 -101253.043014
17.285145 126.336027 4.306278 6.957658 -101172.754623
16.325073 125.302179 3.432416 6.365564 -101162.936763
17.215175 129.255488 5.028829 4.173315 -101287.526225
15.840542 128.541305 6.195364 4.297970 -101103.729927
18.599729 124.156553 3.003229 5.268117 -101352.656263
12.414207 122.535995 5.932114 2.901883 -101357.233935
16.511997 123.396763 2.335798 6.205004 -101315.605016
16.122694 125.633562 3.989277 5.805028 -101112.127219
17.473140 122.046160 2.947178 6.830635 -101316.383840
13.194317 126.233234 5.457073 5.675229 -100968.165019
18.006581 124.795960 4.346117 5.973744 -101206.901827
18.837771 127.125108 3.924367 4.327529 -101361.077185
16.471637 127.860264 6.738022 6.663784 -101218.793659
14.911733 121.146937 4.725590 4.960749 -101262.803169
12.345785 129.052053 5.635368 4.400465 -101130.968891
16.655141 124.520260 6.483349 2.491657 -101359.552402
18.154996 128.038901 5.778488 5.638736 -101236.301349
12.507244 121.873351 2.613608 6.890311 -101289.228662
8.786542 128.088131 6.469139 5.263661 -101293.783143
8.353639 128.533638 4.476514 6.053747 -101313.198979
12.323919 128.734820 3.292264 5.873111 -101199.935801
12.674107 121.267946 6.097428 4.178601 -101281.142369
14.809663 130.280435 3.455326 5.563129 -101266.267871
14.779037 124.949336 3.817598 5.873474 -101094.002123
12.088531 124.772125 2.975988 6.107374 -101191.340745
15.833517 122.713612 3.612791 5.826393 -101208.724109
12.021363 126.522162 6.027815 6.353705 -101037.041516
8.493936 127.665533 3.795502 5.488240 -101313.838634
16.635463 120.946636 5.018100 6.097138 -101306.586396
17.909151 129.714350 4.791448 5.802556 -101300.779465
12.931704 123.989735 2.575315 6.288014 -101237.681141
12.344061 122.367346 4.290364 4.054477 -101281.701341
16.489222 123.730287 6.671585 2.903645 -101302.235511
16.553767 127.626000 2.491058 6.842944 -101272.966542
17.890994 126.923803 4.419753 4.099156 -101282.991089
14.624131 122.786985 5.719360 3.857018 -101185.383333
15.552396 121.782939 3.191031 6.011357 -101270.605768
15.378539 122.389341 2.253130 5.423136 -101358.000452
14.059923 129.380479 4.773359 5.184259 -101133.022528
18.648633 122.360787 2.638523 7.833752 -101360.653430
17.934559 122.823055 4.491095 4.224491 -101345.125386
11.341427 123.109031 6.812471 6.070363 -101174.743744
13.692894 122.992636 5.523940 4.344209 -101118.590678
10.699315 120.876981 3.661827 6.906638 -101318.248945
12.392931 121.436631 5.260357 4.749836 -101245.625115
8.709825 123.817335 5.614959 5.094010 -101302.854461
13.848008 130.165142 4.304815 6.271368 -101194.941976
11.542223 128.213196 3.199742 6.262589 -101201.294801
15.435088 128.702817 6.617081 4.288874 -101081.398773
14.968005 129.629155 5.474147 5.799142 -101142.497765
15.855123 126.343701 4.188629 5.956363 -101086.675578
9.163297 128.002803 4.888667 4.992903 -101260.813574
14.942541 120.588176 6.804691 4.077516 -101358.226643
13.344942 124.604599 4.773317 5.176338 -101031.845326
17.476298 127.713196 3.143896 6.230529 -101253.544756
17.138839 121.744386 5.365568 4.072473 -101350.230074
9.443409 128.997212 4.038140 4.696600 -101329.611227
10.139967 130.691553 5.365789 6.066764 -101333.533529
16.169102 120.177379 5.256625 5.457008 -101358.783076
14.366415 124.092705 5.839422 5.079976 -100995.222801
16.146363 122.583235 2.609020 7.954061 -101284.836803
13.795094 125.114245 5.416692 4.680365 -100992.731465
9.493949 125.823388 4.698831 5.037227 -101206.317169
14.681739 124.279732 4.004474 4.279122 -101175.425142
16.117954 127.061673 6.283306 6.380446 -101096.686897
14.602340 128.215575 2.484991 7.525203 -101249.853614
10.188332 123.930359 2.750638 5.447827 -101313.524268
15.486004 123.146017 4.018936 3.849387 -101284.494165
13.012271 122.011861 2.885143 4.614683 -101345.250048
9.339142 128.687324 4.065696 7.284518 -101265.736900
16.875081 130.930409 3.889750 5.382956 -101348.651888
18.440824 123.929594 4.504912 8.243825 -101357.625634
14.993300 124.960994 4.385246 4.811284 -101084.731000
17.756792 128.079710 3.693630 5.057592 -101277.630790
16.015130 128.132959 6.865741 4.400532 -101061.276814
12.337327 126.245471 2.719119 5.300933 -101235.536429
13.139691 130.880944 3.253580 4.887769 -101344.682347
16.023380 126.691554 3.884958 8.370657 -101210.359220
17.537868 125.353380 2.985229 5.219432 -101287.232033
11.360513 129.785865 4.432966 5.672140 -101211.706549
15.424416 128.591488 5.650193 6.726126 -101145.517783
13.462827 128.020507 8.067000 2.757693 -101167.005958
14.683817 120.621515 4.968556 6.274334 -101274.241829
11.256269 128.047630 2.337808 9.049893 -101294.766628
11.814120 130.434332 3.056723 4.857805 -101355.030413
10.367210 123.205688 2.907657 5.612310 -101303.822223
16.766309 124.362474 2.441223 5.278183 -101324.999600
13.793589 124.290187 3.872894 8.851299 -101223.621236
12.150595 128.259228 4.299681 4.426316 -101171.617996
15.906757 125.263374 5.217910 4.187606 -101097.911348
10.963734 123.528155 3.104298 6.496253 -101229.526007
18.015992 126.428873 3.527935 5.147619 -101269.679323
12.467694 126.675703 4.334100 4.622401 -101098.367023
16.447986 124.360514 3.477634 5.298790 -101203.596570
14.281557 121.840163 7.216141 4.519833 -101175.638874
11.339877 130.307359 4.693645 4.472311 -101298.129151
18.612547 126.107828 4.670845 5.157795 -101251.448252
15.618552 125.328123 4.854857 4.090668 -101120.322899
12.524135 131.565086 3.542130 6.541197 -101318.532456
14.168028 120.409058 5.809654 5.388015 -101299.349608
15.401253 121.633367 3.422278 5.253699 -101289.356801
10.481086 126.705209 2.925552 4.459907 -101320.725089
14.251009 123.743418 3.196750 6.529400 -101168.750902
8.597436 128.021508 4.366743 6.502457 -101277.219216
8.155228 125.494925 3.010843 5.899542 -101346.376227
17.017682 120.384144 4.330006 5.950927 -101359.571826
16.868068 127.224522 4.612898 4.445040 -101178.104034
14.392437 124.947102 1.745245 7.439875 -101331.116908
15.851049 130.157217 3.310007 7.172022 -101268.274068
13.132863 125.033273 3.124008 4.606543 -101220.426583
9.370262 124.711461 2.725941 5.672680 -101325.726898
9.098293 124.585410 4.544201 4.351546 -101310.035090
15.313199 127.453670 3.181686 5.295283 -101195.959923
11.489608 130.534933 2.769146 7.046032 -101312.585156
19.186825 123.577381 4.680789 5.138557 -101345.080935
13.246873 129.051241 3.985349 6.620193 -101148.301769
15.468444 125.497953 5.154759 5.839165 -101017.663237
17.815495 128.307306 5.776771 6.305525 -101247.454802
12.991759 127.372308 3.658708 3.974192 -101224.908080
14.815167 124.154245 6.049361 6.657117 -101085.364137
17.577485 121.422550 4.164885 5.111138 -101350.774710
10.170497 124.596237 5.197167 4.820211 -101166.011442
13.285564 127.181268 5.036869 6.821799 -101056.885894
15.292684 121.478909 5.700329 6.234150 -101230.055910
9.461568 126.360169 3.770662 7.174972 -101216.696642
13.835090 122.928446 6.288012 4.483562 -101079.772420
12.272377 123.360909 4.871381 7.375211 -101162.128240
13.764076 129.410224 3.048276 6.542009 -101226.286028
14.474979 122.495946 4.415602 5.342977 -101154.024650
18.224415 129.391565 4.955891 4.875312 -101326.394443
19.489158 124.232831 4.261524 6.216649 -101331.098315
17.707389 128.247277 6.044996 5.339600 -101202.552251
15.927161 128.521306 4.421274 6.184033 -101136.839300
17.752398 125.859354 4.007370 4.904940 -101231.029043
11.644015 125.097238 3.954841 4.080073 -101215.733778
13.777213 127.157823 4.057051 4.208235 -101150.249643
16.225863 129.845815 6.854273 4.090813 -101235.297019
16.995859 126.445586 6.492181 4.244048 -101097.954535
11.246533 120.455253 4.305337 6.827244 -101327.040050
12.078988 121.662579 4.461430 7.371339 -101244.656784
17.299698 127.085499 4.069696 5.867036 -101175.448182
15.343739 129.511278 2.898764 6.005555 -101269.059971
11.656160 125.638112 3.597215 5.997903 -101131.995196
10.711000 123.142359 6.980377 2.977218 -101345.116753
18.616693 125.392813 3.813518 5.073628 -101294.874463
11.419438 120.390253 4.431470 5.277251 -101352.095650
12.069565 123.359354 5.213651 3.473774 -101252.702410
11.832802 125.679149 2.509185 6.067164 -101247.056308
13.641232 121.295378 3.852867 6.867467 -101233.638363
14.891779 127.862475 4.298909 5.368094 -101089.423889
16.568663 125.927859 3.790852 3.147107 -101355.699257
14.097895 125.755407 5.008402 6.549678 -101021.692306
14.135352 122.637828 4.739344 4.119195 -101211.352909
13.979534 123.424815 7.801341 5.137738 -101015.619364
16.212175 122.686393 3.841472 5.897952 -101205.698377
14.003803 122.087532 3.856264 4.718611 -101249.447879
14.145592 125.461395 5.796987 6.779126 -101046.213870
9.982871 123.695851 5.580814 4.349727 -101236.774293
13.782631 125.152542 4.445295 3.291362 -101234.149706
12.050575 122.698746 2.879373 6.264110 -101252.838413
9.127044 126.792059 4.866193 6.409783 -101213.462066
13.218686 121.954819 4.069980 4.705023 -101247.092405
18.043553 127.122022 3.688904 4.195330 -101332.144226
18.699896 128.625347 5.909278 5.571102 -101320.641665
15.268089 131.218702 4.177212 5.746244 -101298.401531
12.324929 125.070453 2.353387 5.573801 -101279.001468
14.975861 123.717146 6.779971 5.381596 -101015.749023
13.869638 126.583522 4.222798 6.723222 -101062.563482
13.882853 127.564811 2.831248 5.956739 -101201.956147
19.542806 126.155676 4.510016 6.096767 -101317.476232
17.090127 129.335571 5.335095 5.156275 -101224.265801
16.661137 127.083636 3.370367 6.532265 -101187.193675
10.236476 125.723670 6.766836 6.025581 -101143.679020
13.433085 128.302364 5.995223 4.545894 -101026.833106
9.926237 125.748017 6.032548 5.394035 -101127.994321
7.966068 126.610876 4.553740 7.523307 -101317.452840
11.797302 126.907072 3.166743 5.447871 -101192.122681
14.248920 131.526805 5.198626 7.083307 -101354.625863
8.191642 126.107714 4.357619 6.646050 -101278.885723
18.632706 122.606848 5.076976 5.828470 -101327.028508
12.489681 122.025338 5.991339 7.231176 -101288.465505
14.099630 122.046106 2.808637 6.615055 -101261.294023
15.081761 123.142949 3.388434 4.765080 -101243.030503
18.021888 125.982153 4.222578 7.004261 -101218.077371
13.723959 131.311424 5.828405 5.693313 -101289.882745
16.374778 124.404913 3.385180 3.802729 -101323.120683
16.636090 120.323929 4.130233 6.473648 -101342.720574
19.012459 126.254411 3.687327 6.347432 -101288.044154
9.994071 124.564850 3.316644 9.159764 -101277.463160
11.368330 125.623121 5.440043 6.167505 -101051.148642
10.187976 129.301875 4.298923 5.195978 -101259.917206
15.368781 130.070685 3.693382 4.042790 -101340.995490
14.257012 123.244629 6.196628 5.569918 -101040.286872
19.751662 125.293725 5.368389 6.207606 -101361.974655
9.418010 124.293899 7.358369 3.507239 -101313.272552
15.109047 129.710077 3.002725 5.369772 -101286.000359
13.922611 129.045803 5.059145 6.412463 -101110.921390
8.964436 129.600269 5.560243 4.937403 -101351.504795
17.519451 130.046820 5.941958 5.241005 -101310.630819
15.675771 129.106461 4.547152 5.251132 -101160.233632
9.439130 127.340683 5.970294 5.169655 -101193.224611
15.894438 122.434728 1.887434 8.791940 -101354.189578
15.449281 124.688481 4.852860 5.216058 -101050.650815
18.150015 127.609817 4.229984 4.848166 -101270.559561
12.140234 128.439367 4.139704 4.551982 -101182.451884
12.464147 123.325453 2.673844 5.959665 -101255.802729
16.313017 126.880548 5.361937 5.531130 -101054.551977
16.645053 129.314254 3.764284 4.136553 -101328.096262
13.111159 130.169391 5.197085 3.697196 -101289.876464
18.011755 123.385239 7.080068 3.567409 -101332.315571
14.427031 127.618700 5.210353 3.035399 -101231.346784
13.044676 130.125913 6.122337 5.139601 -101165.615943
16.174197 122.694924 2.953033 6.812325 -101253.482476
14.713254 122.609609 5.980087 6.407516 -101144.081729
9.422795 128.876532 6.061835 6.164035 -101284.863843
16.486008 123.909358 4.936531 7.454888 -101202.151504
8.690066 123.196530 3.751730 5.287361 -101351.081850
12.055079 125.508476 4.162994 5.631849 -101077.920100
9.879662 123.693315 6.790220 5.319736 -101209.659355
15.171025 128.914004 3.087935 5.460590 -101241.102766
18.051869 125.757928 4.407833 6.013614 -101198.292064
15.941866 125.894840 4.114384 5.481171 -101100.093054
