44.805189 54.280902 6.977634 3.449770 -113281.388244
47.395243 57.313941 4.506747 4.492192 -113279.156338
48.104885 56.939974 5.756424 4.328033 -113272.739417
45.794614 55.445995 5.706909 3.150405 -113265.215699
48.039245 52.292661 5.997233 4.317072 -113271.216215
47.942366 53.038126 9.749283 2.799718 -113260.538268
46.662137 53.900638 3.396246 4.411098 -113277.422514
44.923423 56.826562 3.937958 3.946667 -113322.051996
46.056546 52.318337 4.977437 5.479606 -113301.585490
46.015968 55.512953 6.142187 5.575428 -113316.394212
45.216826 53.641436 5.120319 4.114931 -113261.590096
46.155784 58.063772 4.309861 5.952401 -113324.094799
48.754592 54.607148 7.672307 3.673808 -113244.118011
45.140779 54.804401 4.574630 4.572621 -113259.087826
44.583374 51.967617 4.285841 4.980864 -113324.943370
48.213153 54.596622 4.723133 4.732763 -113241.304660
49.441863 53.711732 5.557097 3.733901 -113280.884141
46.405889 56.649324 11.551274 2.551661 -113320.067897
46.695976 54.646093 2.988169 5.414359 -113283.271501
45.021914 57.545518 3.039700 5.545249 -113322.041887
