92.084766 28.654586 1.274920 3.102256 -108216.779482
97.639163 25.443109 9.078944 3.204750 -108048.425492
99.642634 26.651855 3.076691 4.079708 -108065.842465
93.087022 25.183604 1.879920 7.296211 -108041.023799
97.939044 15.572593 7.061691 4.364752 -108135.992623
95.638768 28.846109 3.933768 5.695681 -108088.858170
103.423133 34.792823 1.566640 4.216672 -108229.570458
98.946336 15.190503 6.078062 5.379344 -107986.421195
113.993539 29.295622 2.042283 9.217143 -108086.424515
100.182997 25.229112 10.926825 2.014001 -108162.134038
95.986209 24.970847 6.749543 6.453768 -108147.521118
106.406936 32.500800 2.354668 2.800398 -108224.189084
95.482411 11.906406 5.735433 6.346863 -108177.253479
97.605126 13.707912 1.049388 6.750993 -108083.651043
108.263132 22.102834 6.205262 5.543775 -107969.746579
104.159438 22.564610 4.063018 6.976099 -107762.259982
107.322163 24.918145 5.085595 5.025610 -108049.627735
97.615574 13.208844 5.221616 6.092667 -108000.183114
104.533959 32.493020 3.343121 7.084759 -108163.188061
99.390090 19.628988 2.580469 8.392272 -107753.400047
109.481379 33.271310 1.399682 4.681090 -108216.177016
92.344572 24.755395 1.999392 3.948801 -108156.963492
94.925221 13.128476 4.458937 5.824211 -108096.034562
94.404619 16.129902 2.240140 4.434867 -108144.374456
87.963411 22.844938 3.678644 6.529554 -108226.857682
95.555927 14.513932 2.892583 8.854284 -107857.512130
101.913330 36.595619 1.086897 6.755446 -108207.546780
104.082119 19.165141 9.305915 6.411302 -108128.969530
94.246121 25.466532 6.177961 6.047572 -108157.978825
111.557077 31.776433 2.469354 5.020473 -108214.858062
100.679080 23.336846 5.111468 6.089166 -107842.394167
110.052358 30.222109 1.470738 8.264674 -108092.698422
105.923432 21.339669 3.162791 3.986141 -108052.685022
94.695204 18.324651 2.585522 2.555765 -108208.617579
92.250903 15.827417 2.671984 5.205709 -108142.184217
105.950136 21.088162 4.381854 3.421523 -108077.438988
100.150740 18.941057 7.402576 3.625409 -108070.166563
92.158875 15.587672 2.348900 2.531234 -108223.441409
93.505887 26.713518 1.684780 4.139956 -108153.690096
97.850856 18.829823 6.787308 3.221644 -108134.068122
99.787444 16.479268 3.804649 4.686199 -107985.787004
107.675945 32.529328 3.151802 3.567927 -108229.617992
95.915155 27.496570 6.307763 3.910639 -108103.799993
110.806481 25.742074 1.352259 2.524769 -108222.889816
98.407367 25.981650 1.306040 1.504130 -108219.107734
100.144721 22.929366 1.082477 7.254370 -108032.219992
88.455150 24.761139 2.319602 2.621232 -108229.177291
97.960242 19.159438 8.982548 4.071999 -108171.936944
97.678219 13.099562 5.591331 6.514089 -108004.347768
96.828512 31.813860 3.499601 5.501526 -108176.887324
114.064139 30.529808 3.217017 6.845833 -108233.222032
111.397801 25.069599 3.217273 5.165308 -108109.466207
91.411085 25.592806 5.452922 5.816552 -108230.814983
105.793972 23.194841 2.552885 5.253718 -107998.238749
108.408483 28.399958 3.840768 6.280370 -108102.502343
94.874814 19.802894 7.042317 5.832111 -108171.360166
100.681809 19.424928 7.441950 7.511625 -107977.412161
98.550909 22.382236 4.544562 1.540552 -108184.612251
101.050724 23.848527 3.857552 5.698130 -107884.004390
97.697759 26.182257 6.798126 2.536265 -108060.897635
103.750294 20.282803 6.026985 4.119639 -107975.538707
101.860839 28.429173 6.266623 4.201499 -108172.953862
106.616815 24.222486 5.206969 8.329516 -107883.889040
99.874339 24.038133 9.053022 5.455508 -108181.259132
95.918340 29.095925 3.264906 4.249041 -108126.934384
90.373950 19.406894 1.119614 6.498641 -108152.183416
105.004774 26.260650 3.058686 4.498239 -108083.835177
99.036228 23.448008 4.415453 7.586865 -107805.319041
103.381119 23.660417 7.580241 8.060051 -108211.837426
103.235195 22.063608 4.285176 6.357548 -107785.128313
96.716672 20.317924 2.344758 3.112017 -108153.635110
97.870006 17.266970 4.335828 2.438958 -108183.011345
102.404232 21.497456 2.414264 7.404772 -107811.400649
101.293570 27.745202 5.522453 3.872062 -108120.766161
90.998994 25.262072 4.489994 2.610937 -108215.118912
104.261799 23.279583 3.249047 8.263329 -107733.905208
100.522241 21.397598 4.211120 6.494793 -107780.571852
97.599945 30.514697 1.365555 3.944526 -108195.515546
103.410250 17.658500 4.683534 7.569431 -107632.064636
91.009417 18.979681 3.258082 4.488131 -108184.103098
90.377867 25.138779 2.650993 6.982283 -108099.081460
105.745672 20.431209 1.565011 4.768980 -108077.789729
94.607117 28.262914 1.155521 5.079188 -108160.562636
98.663242 23.150749 5.328159 4.270957 -107954.017150
96.701383 26.117080 2.953123 3.925456 -108066.120655
109.142568 28.691684 2.985462 4.031302 -108189.797811
90.303246 22.593908 2.358162 6.756937 -108097.011555
105.622025 21.750394 4.969228 5.123454 -107902.948184
106.253636 22.166976 6.486755 1.428702 -108231.964089
106.772158 31.511316 1.953307 2.750126 -108224.053176
115.384525 32.008752 2.175398 6.825736 -108218.864832
100.064055 24.182748 1.711985 5.215123 -108051.407821
100.575040 18.419354 1.668199 6.566828 -107957.660688
98.405064 17.525360 3.227444 6.596324 -107852.126070
101.290648 20.211559 5.788026 5.723260 -107821.852905
92.912351 10.702642 2.882921 5.527346 -108154.936136
105.896007 22.995677 2.684937 7.092307 -107847.164343
94.390833 16.039103 5.605226 4.349213 -108189.366405
89.968839 13.906093 2.859136 4.782930 -108210.461991
87.687127 23.949610 3.391983 4.650234 -108232.981320
101.894024 20.847165 2.354240 4.817684 -108007.335108
104.302629 35.961685 1.986322 7.747590 -108187.793290
94.577090 21.196538 2.676725 6.569322 -107972.670639
97.139424 28.695947 1.907028 7.909768 -108014.820317
96.652611 23.161332 5.736858 2.004429 -108114.383656
99.783676 31.179950 3.948840 8.249171 -108123.034979
98.266535 19.342548 4.495697 5.212322 -107923.273731
101.046740 32.725509 3.315023 8.281704 -108135.928194
103.500144 28.433280 3.320314 4.159487 -108133.547767
91.221525 22.338296 2.122019 6.248090 -108095.467146
101.710803 25.913445 2.698439 4.461512 -108058.764607
102.760575 27.000723 1.908192 5.277451 -108077.750613
87.833742 23.272069 2.558277 4.104041 -108219.955099
94.526909 15.158880 2.840725 6.267471 -108030.371845
91.042294 17.649253 1.086344 8.073322 -108103.430691
93.245492 14.983727 1.107041 3.874654 -108206.993942
102.224975 16.378823 5.860656 7.739497 -107712.145108
94.586716 14.534940 4.980355 6.269391 -108095.797404
87.622543 24.962822 3.179896 3.740366 -108233.740769
113.547777 31.139160 1.175262 5.101380 -108215.292020
109.495079 24.970483 3.942516 3.769087 -108145.142655
91.944114 25.274796 4.294300 4.879669 -108130.293962
101.234093 16.585310 3.807901 9.495976 -107604.562932
105.017956 24.063960 6.787016 6.151580 -108000.343795
111.289818 24.406217 3.665506 6.932930 -107990.490570
96.276089 20.965937 3.880096 6.614612 -107886.627460
96.239926 16.192299 2.017549 4.904485 -108099.131687
109.155485 25.709137 3.826751 3.794569 -108153.882283
106.468386 25.555057 2.335742 5.529864 -108042.166760
84.686089 33.575140 2.364064 8.278816 -108213.815268
108.868950 30.638696 3.287268 6.373332 -108160.424086
96.397278 23.590151 4.253661 4.220480 -107999.617290
97.261976 18.694582 3.073850 1.508192 -108227.875696
103.231403 25.237355 8.142540 5.881261 -108189.377154
104.928203 22.693783 4.733752 2.499455 -108168.722917
97.140520 29.097877 1.411372 4.011271 -108173.652780
101.104728 19.452256 7.116130 6.138219 -107874.967891
89.047078 26.635327 3.165083 7.274195 -108165.183261
96.188579 12.405188 4.447043 3.575034 -108176.314885
96.962017 30.103062 2.185236 2.102565 -108229.657305
101.234620 33.840079 1.645545 3.478653 -108233.084747
97.376088 20.479995 1.531760 2.962260 -108181.512630
104.941311 23.746728 4.499126 5.125183 -107949.726076
96.396972 27.504796 2.761147 1.195296 -108220.559372
97.433146 26.283200 11.986969 1.601109 -108116.044188
95.758653 18.814764 5.764125 2.250011 -108214.221932
95.748629 22.949986 7.216980 6.686632 -108191.969452
99.644719 15.579364 1.928840 4.271421 -108106.271667
101.792643 22.113261 5.228304 5.013871 -107890.000480
102.629227 19.757988 6.493159 6.154481 -107802.529742
103.649071 32.426384 3.266103 4.048838 -108221.052504
90.200929 20.972149 4.267526 4.919554 -108206.157202
101.283521 29.106432 1.628823 8.514055 -108000.853549
94.081787 26.675681 4.879276 3.597773 -108105.968261
93.229596 14.785634 4.578111 7.816520 -108093.800120
103.578613 31.508135 2.392422 4.303468 -108190.424694
104.269744 19.974742 3.394466 2.575020 -108156.921308
93.268281 9.469357 2.635984 4.549446 -108185.602074
88.575466 30.677999 2.616878 5.023320 -108233.742323
105.055352 26.494908 4.184459 7.878809 -107900.088430
105.245157 25.754950 2.460606 1.658640 -108225.894690
96.220328 25.902473 4.749288 1.742153 -108127.027497
96.116038 15.678240 3.577768 3.894952 -108134.150401
107.629003 20.924525 6.856333 5.460443 -107941.590448
99.212595 20.110567 3.871907 5.268888 -107904.594903
99.149681 21.694916 3.468904 2.846572 -108113.355807
94.921995 19.626246 1.466704 4.012720 -108163.789194
94.208329 29.098461 3.567542 4.650689 -108138.850524
110.678015 29.958763 3.047119 6.560881 -108153.993128
95.399602 23.496948 3.097059 3.711970 -108076.704743
98.349765 21.864538 2.762634 2.002185 -108183.813699
90.279268 32.459028 2.730463 7.576862 -108205.501565
102.200320 25.276193 1.562914 7.070095 -107990.608116
110.677425 23.609609 4.507432 3.293322 -108157.556011
96.023635 19.470037 4.819354 3.952412 -108084.002819
100.100130 23.886867 6.422518 5.962229 -107927.520473
