12.850978 55.448344 7.067666 6.742457 -100669.842198
16.066095 43.097509 7.067666 6.742457 -100669.842198
136.967718 92.152240 7.565820 5.685637 -101430.439393
157.793208 88.015035 7.565820 5.685637 -101430.439393
54.696890 4.149347 6.801801 2.712189 -102428.888144
87.619736 131.753166 5.087788 5.330458 -102086.690890
110.136531 13.342538 4.325036 4.926340 -102355.406899
115.183602 22.051545 4.325036 4.926340 -102355.406899
127.693658 4.855369 4.325036 4.926340 -102355.406899
107.925289 174.443773 5.865964 4.787425 -101819.723907
53.281214 127.806811 1.372125 5.134577 -102514.392357
16.352092 82.770427 1.913685 3.904135 -102516.288345
118.054103 133.516266 4.148779 1.134840 -102522.310716
65.718338 80.257608 1.750118 2.981076 -102521.575006
