92.084160 31.203701 1.289614 4.448581 -109792.080739
99.263845 24.937388 1.533674 9.524748 -109731.502656
98.328527 17.644017 2.761864 3.411710 -109778.132435
96.351717 33.263567 1.127244 8.451913 -109772.782002
91.648317 27.876543 1.319746 5.508955 -109753.670948
98.181219 20.848194 2.548847 4.582809 -109709.190163
97.255026 23.047232 2.851976 3.731944 -109699.983113
98.134890 22.095064 1.901003 5.830076 -109696.258407
98.309143 28.705160 1.379837 6.841212 -109731.433453
98.333721 23.218749 6.414675 3.431474 -109719.441908
100.761795 28.804295 1.416826 3.878032 -109774.460223
97.724131 30.305965 2.420644 6.357741 -109744.232317
93.738284 27.966651 2.606865 4.722357 -109720.579185
97.448140 23.375966 4.200638 5.417629 -109682.071730
101.511313 28.634561 1.593797 3.099436 -109787.745848
90.000732 27.761185 3.060134 4.433634 -109781.677956
93.697487 28.488222 4.868778 2.575655 -109771.861136
90.440588 22.319671 1.972777 4.803670 -109758.862763
95.515486 32.893732 1.960413 6.237013 -109780.597778
92.132493 21.441745 4.287432 2.357304 -109794.463000
96.321243 28.837628 4.328469 2.995828 -109744.653814
88.634793 29.888018 1.219821 6.412180 -109782.910586
91.239614 22.698746 1.821762 4.865004 -109747.576502
100.922560 26.244256 2.896415 5.666919 -109724.949710
95.429384 27.485455 2.543626 7.751129 -109722.555417
95.835589 31.428211 2.703903 7.126174 -109784.514631
94.298580 29.891277 3.114600 7.321179 -109787.800550
95.297095 28.130905 4.444243 5.101112 -109734.545901
99.606790 20.497600 2.032602 3.540418 -109755.976311
96.145788 22.766283 3.485701 7.304255 -109737.588656
94.120796 24.701705 3.440006 6.886955 -109722.369322
98.924568 24.630328 5.934379 2.531104 -109733.236477
96.365251 31.321620 3.092360 4.102847 -109781.078912
95.350986 24.735293 6.307879 4.706581 -109749.139883
98.335571 30.177701 2.146969 7.364292 -109749.874927
97.879776 23.062039 3.180297 2.607950 -109741.600771
97.320568 30.532175 3.987037 4.737805 -109778.525172
100.481466 26.892839 2.550842 7.975627 -109760.634016
101.997710 18.495770 1.389172 4.624481 -109776.122620
94.597154 21.632095 4.491499 5.884597 -109757.449864
98.206802 19.044913 3.881654 3.210126 -109768.163156
92.866128 28.646707 4.040917 5.920078 -109791.080598
95.675228 18.653509 4.201830 4.121403 -109775.138550
97.378516 29.890279 2.539431 2.320189 -109787.739268
97.386652 23.320570 3.758750 6.832904 -109726.781042
87.707473 19.963903 1.404579 6.794948 -109793.948705
99.198177 29.903694 1.699685 7.217972 -109745.023845
100.680038 25.439876 4.180636 3.260351 -109735.005770
92.243319 26.544008 1.342746 9.011743 -109733.293496
96.955443 15.212201 1.907218 4.548666 -109792.569209
91.433217 23.625666 1.683570 3.220353 -109777.614295
95.123644 17.615978 1.120510 4.102417 -109787.274919
94.242557 31.316700 2.943937 4.418385 -109786.379669
92.092462 25.912109 2.540759 7.067750 -109723.997051
90.810586 27.468679 2.043545 4.742020 -109756.744194
97.986750 26.855066 2.061893 6.002704 -109695.302546
99.706225 20.975836 3.839913 4.623765 -109720.257040
92.355564 28.735826 2.532952 3.369842 -109772.894776
93.344370 25.536259 1.919530 3.395628 -109747.895305
99.746073 20.154820 1.084917 4.274041 -109769.158418
93.621483 21.949607 1.457417 7.956388 -109719.292800
94.711225 29.501785 4.832331 3.549469 -109776.797902
99.412193 29.958807 1.767088 6.368906 -109746.168798
91.132412 24.141178 2.446839 5.151392 -109732.238819
102.353833 26.158661 2.622280 4.883014 -109754.205570
102.800432 23.701605 3.641531 2.894987 -109785.649974
93.378173 22.496878 3.083764 5.615262 -109703.411518
95.344754 22.331867 4.552869 2.546207 -109744.418574
92.384821 28.373454 2.607575 6.303139 -109736.656288
101.121336 28.244147 4.280112 2.116167 -109787.653462
89.384888 24.405698 2.823449 3.035438 -109795.176845
94.508413 28.944956 2.558486 8.055023 -109755.369942
98.239349 23.717846 6.302781 4.974748 -109775.192862
96.074895 22.144076 4.905882 1.900831 -109771.260427
97.673895 28.267309 4.704681 2.680102 -109738.741940
95.633230 30.216914 2.926671 6.113742 -109750.142919
93.097982 17.701955 2.557605 4.991789 -109783.429262
95.984268 23.405623 5.872173 3.567121 -109698.432153
96.598994 16.638947 2.409110 7.898852 -109784.630830
93.665087 21.126985 3.973100 4.999438 -109736.307401
97.975516 21.124171 4.873206 3.288986 -109734.934748
92.917887 19.194885 2.213885 7.318765 -109752.375576
98.613647 28.509888 2.887787 4.726810 -109717.493346
88.482993 21.714167 2.441330 6.185455 -109793.076134
93.291144 25.500059 1.576173 5.670900 -109717.532413
100.951774 30.397799 2.405578 5.184211 -109774.658922
98.054354 24.130906 1.916548 1.807326 -109789.290003
98.569419 31.180111 2.795528 4.869501 -109770.804505
99.061012 23.044247 4.829472 3.552862 -109705.750134
100.478013 21.386772 4.062980 5.566424 -109750.058832
94.638756 26.352142 6.331548 1.953157 -109757.646828
98.623993 26.642646 2.793970 4.979695 -109689.197302
94.327280 23.171421 2.159617 7.132761 -109694.095842
89.749157 22.379098 2.748594 4.053988 -109781.099828
97.186307 24.037995 3.537807 1.895197 -109764.677264
94.235453 21.405792 4.957403 2.958980 -109760.865903
92.085504 29.239585 3.617798 4.195034 -109781.274905
102.465115 27.090454 2.031343 3.306948 -109782.426470
94.320934 27.709418 1.402911 4.461304 -109746.507418
99.833080 21.239675 5.421914 3.707619 -109755.265318
93.125930 25.105542 1.348374 6.364600 -109721.665669
92.801480 29.077267 3.912013 5.324969 -109779.723157
104.158021 23.822724 2.485953 5.288729 -109785.353687
94.896026 20.922803 2.877244 3.561076 -109740.706655
98.448056 27.428494 3.590207 3.064055 -109723.600510
93.129663 24.704056 2.868479 4.089112 -109712.586600
97.639841 21.170593 2.389081 5.971743 -109691.661483
100.180248 19.690300 2.000241 4.077047 -109753.592744
88.105789 24.425454 2.516778 5.196629 -109785.008136
98.834432 19.552222 2.839267 8.106209 -109777.363199
92.307624 27.844581 3.846501 4.385044 -109752.906194
95.960018 22.217016 4.091606 3.298130 -109713.745788
92.123229 29.719723 2.521401 4.322454 -109773.049660
92.488563 22.880296 4.415055 3.796170 -109746.485622
92.243755 27.703079 4.083088 3.674290 -109759.968576
92.183760 27.875073 2.963254 4.671242 -109741.374750
95.374397 25.232536 1.072227 3.942937 -109756.776634
100.031460 29.855233 2.455407 6.827196 -109764.424616
93.163682 18.566447 1.158216 6.775147 -109757.852070
97.174014 24.080075 1.049335 3.073407 -109774.295029
91.009167 27.164852 2.389747 3.510265 -109771.418718
104.555565 22.311873 1.970162 7.840927 -109788.099672
101.679899 25.368411 2.114828 2.104432 -109795.853359
92.164292 27.549426 5.392876 2.444236 -109788.313188
98.186750 26.872172 5.069503 3.797550 -109698.855853
102.123838 23.052076 3.873198 5.623949 -109777.638782
91.570522 27.257482 1.669986 6.233453 -109734.221825
98.815452 26.103602 3.437947 5.998973 -109700.454431
92.281732 20.944676 1.778579 4.273987 -109761.083031
88.402924 31.103882 1.054926 6.362332 -109792.744951
89.666959 24.657679 2.713347 3.424108 -109783.514380
89.513709 24.326183 1.721162 3.446998 -109788.158469
92.129975 22.298456 4.155997 4.380250 -109753.471493
94.535256 30.785336 2.931942 4.735067 -109768.803288
91.496393 27.402241 3.884557 5.035437 -109767.534794
97.042823 16.671851 1.586631 3.677556 -109788.763164
101.447485 29.441068 3.334796 2.760086 -109792.084918
94.791474 28.011815 4.197757 2.874992 -109739.247075
92.835317 20.591057 4.290107 4.405810 -109773.732080
99.513577 25.600416 2.806813 2.103508 -109773.200814
92.150283 21.528872 2.509594 7.267292 -109740.935673
94.734465 31.890957 2.601277 4.790186 -109785.468996
97.687445 20.406024 2.634870 6.178875 -109702.154520
93.499901 29.080612 1.447536 4.264332 -109764.848364
89.214743 28.064645 1.572867 4.096098 -109790.210782
98.097465 19.066991 3.497977 2.899797 -109774.624192
90.724525 26.626243 1.819537 2.794376 -109791.065549
100.044178 27.275691 3.223050 2.122611 -109772.964733
100.786164 23.897627 3.470961 5.033433 -109713.233961
101.186229 22.794459 4.137528 2.619579 -109767.693044
97.719767 29.321829 4.609201 4.136724 -109753.767084
96.550691 25.612902 4.635537 2.629402 -109710.827577
98.223584 29.409316 6.073787 3.005892 -109787.479740
95.084659 27.167361 4.786231 4.790085 -109716.701006
101.713128 27.295969 2.972890 7.187325 -109792.058268
91.179231 18.941315 2.489633 5.430802 -109784.210591
99.785790 30.150254 3.900895 3.119757 -109785.688769
90.746252 27.476860 3.816731 3.592755 -109784.560681
93.531824 20.788714 1.622055 4.779944 -109744.889268
100.384423 19.798469 3.821304 4.509868 -109750.391234
89.214056 21.674864 1.829692 4.602187 -109781.214270
101.139459 28.698987 2.107388 7.864288 -109766.280195
96.839939 20.304531 5.382912 4.467997 -109762.158928
99.717207 25.057374 2.837785 3.012376 -109736.669247
95.287206 17.968290 2.819440 5.429164 -109757.477225
98.869106 25.820314 6.459562 2.898443 -109723.593539
88.167298 27.844548 1.995218 7.114352 -109782.101279
95.097666 27.609895 5.073652 3.349030 -109720.579984
90.556128 24.890448 4.213188 3.979293 -109776.927655
96.151783 23.465896 1.365993 4.304837 -109734.854235
99.117504 22.108554 1.294260 8.348257 -109722.574354
91.801375 25.306543 5.100011 1.940678 -109786.332849
94.066257 20.923226 4.038632 5.105941 -109736.321883
102.518856 22.773160 3.510603 3.655011 -109768.477475
93.906121 25.571888 4.695171 3.955862 -109702.014614
95.357997 26.566443 3.786775 2.644916 -109726.455231
100.409713 27.593196 4.286441 3.880529 -109743.526185
106.212110 23.560522 1.158404 9.534781 -109786.133119
95.903030 15.376617 2.238652 5.392402 -109792.158728
94.099732 27.532112 5.709598 2.383655 -109755.614902
96.553237 28.623448 1.965946 3.207052 -109756.830512
95.832860 27.737551 2.860267 4.829247 -109696.285962
92.201063 27.837984 3.746229 4.243074 -109753.635868
96.843951 25.094419 5.573764 3.529841 -109678.511820
94.385921 28.054182 2.404271 1.804481 -109788.930693
96.659363 19.562938 3.265934 4.960427 -109722.860362
105.299153 24.561054 1.350966 5.940849 -109791.371707
