45.309431 5.099139 8.181264 7.865568 -116797.751104
44.420725 1.353594 8.087785 6.386772 -116477.224876
43.644094 2.235739 11.029902 6.388603 -116691.874214
50.256658 1.499271 9.190271 7.024241 -116638.637623
46.120925 0.919982 7.974374 5.954166 -116420.907479
48.890798 6.554409 9.637057 6.213510 -116800.052340
45.101583 3.513721 5.336110 5.009110 -116628.572852
47.984405 4.684066 5.473587 6.365369 -116550.787518
47.943774 3.719500 5.672819 6.404465 -116517.368425
43.285326 4.904947 6.676396 7.608564 -116733.394112
50.493540 5.958309 7.652908 5.186772 -116736.812068
47.190200 1.121086 8.231606 8.629889 -116629.246251
45.161863 4.765927 5.934666 5.805482 -116536.507992
48.877525 3.194024 4.457860 8.653127 -116669.593612
49.597029 4.001444 3.623460 8.797987 -116771.320215
48.932935 5.858864 4.562533 7.064001 -116690.277391
48.206908 4.560138 5.463353 5.093293 -116615.012574
48.112566 4.548915 10.104652 5.634977 -116478.226819
48.283535 1.185393 9.719948 4.249661 -116547.709664
47.087106 4.367005 9.323966 3.561222 -116512.271332
48.857294 1.047214 6.870271 6.875794 -116501.275670
48.266073 4.399516 9.516482 4.887476 -116429.062637
47.498840 0.499493 7.007927 5.572973 -116530.682562
46.913731 2.291970 6.050425 9.669684 -116696.928928
50.945713 4.058449 4.841376 8.204799 -116747.825675
50.364889 2.429296 4.657301 6.981513 -116703.881689
45.302800 2.739577 9.151327 5.031057 -116388.548179
48.268952 5.121751 10.589833 5.978195 -116631.360086
51.291741 2.568334 7.129726 5.975230 -116699.661033
49.110276 6.611988 4.584074 6.161059 -116743.664061
43.775426 6.956965 6.095505 4.694496 -116788.023688
50.440135 6.803269 5.167055 6.901174 -116787.093213
51.518856 3.168613 9.153919 5.717933 -116780.982147
46.501351 7.052816 6.256033 6.700599 -116643.750221
50.217881 0.968744 6.187569 6.443096 -116634.928386
47.724451 4.296225 4.844763 8.121646 -116620.458084
51.441891 3.274050 5.659589 8.619149 -116783.833693
45.119115 3.079715 8.264503 7.004691 -116504.893731
48.582647 7.716364 7.276603 6.050904 -116738.600477
49.017179 6.245348 10.697320 4.239241 -116678.045969
47.202929 3.238992 3.599369 6.212877 -116750.694957
48.564822 5.290715 5.784408 6.186965 -116573.786263
51.244525 3.563742 7.069896 6.215796 -116700.284043
44.012612 1.159436 7.885320 6.377217 -116514.081880
45.186866 6.938300 8.034411 6.124472 -116663.021447
48.256918 6.515705 4.787978 6.169376 -116689.818269
49.463965 6.030665 6.212526 4.386457 -116764.270634
51.800727 2.255788 7.238132 6.015710 -116756.999338
50.888964 1.203474 8.799329 7.105059 -116683.410174
49.417922 4.742218 6.770755 7.638277 -116660.407028
46.932509 4.291859 6.180874 4.751028 -116542.524076
46.855846 4.546693 7.852680 5.197916 -116408.273106
42.286556 3.479970 4.237648 8.729651 -116804.684004
