117.440221 24.145782 5.447091 7.233325 -102351.702742
116.065901 76.366238 8.877557 5.405643 -101617.559785
109.319985 68.694626 8.877557 5.405643 -101617.559785
190.399250 82.021426 9.849905 6.288357 -101625.356764
173.753514 114.401006 9.849905 6.288357 -101625.356764
186.333827 128.269892 9.849905 6.288357 -101625.356764
85.516690 188.273204 5.078020 7.298901 -102752.798927
55.954426 123.191941 3.099744 5.049539 -103172.814665
65.294757 123.100597 3.099744 5.049539 -103172.814665
60.672794 131.565868 3.099744 5.049539 -103172.814665
16.406964 158.839209 5.464304 2.988576 -103148.645733
141.207838 127.259535 3.083071 2.754834 -103224.377145
