19.661654 94.532021 4.295241 3.952615 -116462.880430
28.773550 89.484772 7.791305 1.275006 -116530.518028
20.478354 90.715168 4.680187 3.291610 -116437.584998
18.604137 100.616897 6.674756 2.202715 -116519.548517
18.483952 86.948388 9.229095 1.769948 -116448.995514
17.704655 87.692913 4.990008 1.549559 -116520.043939
26.153732 88.649867 5.317887 3.757712 -116534.327300
23.063488 96.120097 6.156850 2.347057 -116468.931609
22.743740 84.049311 5.691065 2.802523 -116514.146916
23.244679 84.217654 8.725137 1.880032 -116479.514318
16.744036 91.650308 3.329457 6.546994 -116532.808833
23.907699 88.796632 2.470839 4.074507 -116552.610390
20.877199 96.557635 3.882254 2.127673 -116530.867469
19.264311 94.066603 2.351813 7.667894 -116528.892660
22.084146 82.795819 6.619251 3.325293 -116546.328926
20.413916 89.495893 7.851864 1.578996 -116445.740520
24.167826 90.420817 4.562938 5.017034 -116507.475925
20.023339 85.334370 4.907206 2.977512 -116501.609140
18.776331 98.438540 7.658736 3.148182 -116503.648645
25.440255 91.438703 5.331125 2.627648 -116491.007420
18.478100 95.152991 2.773686 5.440859 -116534.047222
19.173058 91.417645 4.157301 5.853396 -116464.852432
18.874504 97.100296 4.934305 4.674611 -116521.114992
19.281112 91.955373 4.017334 4.655538 -116449.259793
22.610782 91.730639 5.996401 4.726236 -116468.585289
25.003988 86.183432 8.110020 1.844310 -116480.969663
24.552014 87.416208 4.297808 4.900253 -116548.479430
15.727406 95.336072 3.764787 2.596946 -116542.709575
21.278288 82.097211 9.215630 2.691989 -116537.005225
22.210544 92.434867 7.253372 3.795056 -116450.067553
16.606309 96.546011 8.018292 1.052892 -116503.795017
22.125126 91.805276 6.502899 1.979814 -116441.385429
21.246743 93.959311 3.227260 8.058223 -116553.370833
15.642539 95.078967 5.904394 1.243148 -116523.256984
17.979613 88.565133 2.999958 2.523422 -116546.868962
17.505427 92.142833 2.642200 2.889745 -116539.259750
19.588881 87.431126 4.069599 4.663332 -116493.466600
21.612213 89.459338 3.274663 7.664848 -116542.953523
19.270500 96.225918 5.505973 2.275025 -116474.079686
20.129209 80.205401 9.280507 1.059519 -116523.871651
20.727802 87.537586 3.297627 1.957979 -116545.294711
23.295532 82.008352 7.752817 2.252334 -116520.616987
19.148847 96.514854 6.638516 3.302687 -116458.521199
16.955134 90.870904 3.205372 6.421187 -116529.849562
22.204508 82.027576 6.159772 2.819281 -116541.484537
21.262765 91.097735 2.352180 3.027242 -116551.768642
23.543670 87.961816 4.638610 3.199993 -116488.800558
18.345442 87.975169 7.172880 2.094193 -116448.673590
18.670950 82.102050 7.911552 2.091396 -116515.961022
18.805587 100.393916 9.038974 1.952446 -116504.834179
20.951172 91.297088 3.197168 6.260142 -116489.494703
17.193040 96.883479 5.379713 3.008872 -116492.760652
