151.265305 152.391386 4.617619 7.407832 -111062.129549
153.789796 162.574653 5.607051 5.974130 -109947.459111
149.317960 157.115939 7.745853 6.149429 -110446.261951
146.239205 160.009251 6.384092 6.172555 -110950.392512
156.458161 168.723642 7.655776 7.358590 -109584.740339
159.790468 166.539106 5.402911 6.469655 -110304.220606
145.693402 159.362044 3.266709 9.863139 -110834.155452
163.119683 159.573792 5.550270 6.852559 -110417.840727
163.902271 165.025011 4.486396 7.135660 -110788.040874
153.977136 154.751764 4.732420 6.750950 -110647.504469
160.145351 156.607713 6.895247 7.893627 -109615.084496
153.503578 162.201204 6.252246 7.829670 -109006.488960
155.428732 161.323489 7.344368 8.598037 -108390.643862
150.689716 163.061188 6.724334 7.853774 -109257.243657
149.184525 163.915680 5.403477 6.865007 -110247.510077
163.571993 157.214756 7.652150 7.085408 -110352.571694
158.325402 165.490449 5.300858 7.307031 -109761.446740
149.763156 161.282087 3.558321 5.815750 -111078.035810
150.411413 162.177843 6.578280 7.326882 -109498.893389
155.568452 165.882696 6.828378 4.248895 -110761.872619
156.160960 164.491426 8.673444 4.160702 -110373.835680
150.268493 161.651735 8.883662 4.262260 -110587.625006
155.463822 160.124890 6.820925 5.343758 -109904.877093
150.281105 163.785042 5.196020 7.754470 -109846.693259
150.275626 158.842182 9.080785 8.859896 -109085.013759
144.798597 165.930350 4.823963 8.389827 -110940.300570
149.974266 156.807613 5.618264 9.132878 -109823.114286
158.528562 152.182773 5.825421 7.448974 -110723.465501
151.382122 155.878430 4.405670 6.227103 -110929.080043
156.922015 151.514181 8.307392 7.621864 -110669.071825
156.249298 151.965931 8.148486 6.982697 -110680.509089
161.836011 151.873035 4.837960 9.222483 -110785.998667
161.358112 159.738155 2.911548 9.541071 -110502.847885
163.981331 165.450604 7.532809 6.971409 -110374.430874
156.111052 161.033320 3.182349 8.268344 -110265.324026
158.787907 166.900782 5.827670 8.202805 -109546.581420
159.554479 154.504214 5.256025 8.043552 -110262.898130
160.033050 165.664073 5.759718 5.221233 -110690.379948
166.558656 163.834962 6.480065 7.952623 -110747.620747
150.030963 167.033905 6.770073 5.985522 -110422.111493
150.052625 153.236686 8.562502 7.697569 -110706.421203
151.158089 163.349257 6.520740 7.136158 -109467.742377
149.192236 155.393442 6.213599 7.673423 -110453.483257
160.003872 155.404762 6.974893 4.678998 -111009.213712
154.891457 167.053989 5.433575 9.147182 -109340.880587
156.575470 159.401223 3.227673 6.422309 -110773.437082
148.825674 160.756898 4.969207 7.459581 -110252.713578
162.608977 159.732998 6.097827 5.431481 -110749.795727
157.675662 161.279089 7.294657 3.837694 -110794.271684
147.591142 168.788652 6.478299 6.856124 -110862.589258
153.809002 158.663811 5.730093 5.864031 -110143.964639
148.628918 159.372620 9.630378 7.485531 -109690.408819
162.164360 153.007412 7.588217 7.797093 -110750.368074
151.845611 158.698006 4.341825 9.338695 -109748.002568
160.304231 159.976192 3.280765 5.805373 -111089.619187
156.254533 153.844816 7.407901 7.374773 -110037.886803
161.097024 160.900519 8.541788 3.802117 -110978.643452
154.936771 171.650321 2.931223 8.437134 -111083.990120
161.987347 153.075341 6.138430 8.142972 -110675.104811
145.213191 163.872903 6.457103 7.104404 -110863.975777
149.548446 153.791600 3.931322 7.917302 -111018.350528
161.506737 169.948449 6.429376 8.306891 -110368.217996
164.124112 157.802335 6.588665 7.185771 -110488.957075
151.943692 170.573192 6.393217 6.315371 -110772.215025
153.664551 155.793931 7.190238 4.921925 -110726.462270
164.095438 165.068291 6.572338 6.900900 -110496.069046
165.896733 162.546934 9.199520 6.838329 -110759.877144
151.675090 155.415388 5.731934 7.343530 -110266.748915
161.967116 163.274192 8.311134 7.856091 -109263.812542
149.926317 169.770510 5.642388 5.976356 -111052.619177
154.279280 167.127148 3.365768 7.478059 -110603.584954
151.243475 159.103631 3.010129 7.165599 -110869.115720
156.161333 168.086235 2.981148 7.141491 -110940.743237
149.098459 165.799797 5.207699 6.297403 -110634.555875
153.823217 154.790044 5.737550 6.454439 -110507.251697
153.618434 172.823721 7.602694 8.074190 -110680.037101
156.976522 155.320746 9.438045 8.200081 -109263.558747
145.998819 165.634885 3.807188 7.590568 -111088.617772
160.337818 153.806176 9.153923 6.666056 -110475.592863
150.790778 159.913504 6.275263 7.149835 -109676.050532
151.255433 155.306668 5.700214 7.302636 -110358.540972
161.404952 156.586430 7.712467 9.023763 -109531.533047
158.058460 152.396607 9.586883 7.136194 -110581.428078
156.573686 172.422813 5.957353 6.394882 -111074.593735
151.341957 165.408591 6.781963 6.234150 -109896.649063
145.537075 165.389370 6.407285 6.431440 -111048.871835
145.091844 161.310231 7.585603 6.770991 -110927.056412
161.547486 155.277308 10.552788 5.978338 -110488.865576
161.114174 168.204052 7.123100 5.544227 -110766.109798
148.916102 167.933343 6.360031 5.337588 -111046.913928
160.073344 169.588122 6.068926 8.616837 -110055.361553
147.307464 158.173878 7.163738 8.165643 -110202.311954
156.851195 149.982485 6.675922 7.714856 -111073.898159
162.026331 158.415518 4.510761 7.453094 -110418.847617
151.281163 163.749249 6.541902 5.727919 -110069.102024
147.410921 165.570523 6.235836 7.409721 -110363.309598
153.678701 158.220373 5.908365 5.744623 -110207.457199
154.243072 166.801753 5.129722 6.126975 -110337.985053
157.377898 170.907440 4.155630 6.821163 -111004.959270
148.573674 154.489932 6.085756 7.464780 -110805.614807
147.964906 167.456580 5.919925 8.471089 -110246.260975
163.231157 163.226545 5.567628 7.132693 -110301.753961
148.069511 161.060031 11.679066 4.999221 -110495.038577
150.411296 167.175578 6.895153 5.558327 -110553.222652
156.580279 155.171579 5.726329 5.463775 -110755.602672
143.250411 158.505405 6.799669 9.689444 -111096.988908
156.748925 154.311906 4.329588 6.689457 -110801.846777
153.897730 161.448006 3.927817 4.789382 -111055.745099
157.207484 152.347159 7.916039 7.341666 -110477.985830
149.921077 152.351335 3.690561 8.688606 -111044.165127
157.372521 158.404981 6.852716 4.042516 -110851.211315
156.833843 160.308510 8.087643 6.936528 -108744.962112
149.621957 169.172112 7.647206 6.507271 -110563.647574
156.900810 162.186893 7.142677 8.615643 -108459.771826
156.371245 166.874577 3.683599 6.127669 -110833.703068
161.216306 168.099912 8.876221 6.438280 -110231.100531
157.330815 161.666307 8.083430 6.810844 -108764.142135
162.557002 170.006605 4.849963 7.208570 -111032.536337
162.611200 163.996465 8.328580 7.830894 -109506.450914
162.187869 157.672478 5.121297 6.803122 -110528.636137
153.623020 169.675977 4.732177 9.970291 -109917.829032
165.978872 165.095386 5.821841 7.465125 -110858.927748
158.971930 161.241513 3.175988 6.770443 -110730.397401
153.771803 167.978283 7.947851 6.053924 -109913.946489
160.836920 159.568408 7.415439 3.820419 -111098.683063
159.067624 153.949765 10.047163 5.784773 -110520.978665
151.050941 160.333510 3.457653 7.571953 -110522.007705
161.351533 161.858002 6.686789 5.362192 -110402.169039
154.680495 162.476240 6.911193 7.072802 -108964.546529
148.309409 163.169519 8.738425 7.014418 -109765.050150
155.401715 160.600559 4.662848 6.971366 -109884.123791
162.125120 165.944754 8.880634 5.994767 -110209.847535
145.590792 156.537564 7.460070 7.504664 -111060.351507
159.536893 153.698551 9.193294 4.751383 -111061.823067
160.589343 163.312978 8.425605 7.660490 -108947.321616
145.103801 164.540976 5.091143 7.402470 -110990.940035
160.530955 162.592500 5.946481 4.178293 -111075.699735
159.413612 162.627723 3.474683 7.704323 -110366.273938
150.235058 157.355339 4.676272 7.440133 -110406.378255
155.806262 163.410953 5.676892 9.343491 -108840.344980
165.347007 167.195543 3.397669 8.697807 -111072.809351
154.532311 154.994519 3.416414 8.273580 -110621.339281
147.875690 156.879867 4.335597 8.841570 -110540.285883
153.873027 164.825342 6.267640 6.460280 -109618.080946
158.681222 170.952797 7.315399 7.172726 -110454.478698
150.873072 165.213702 8.166423 6.468830 -109554.691757
163.855238 169.464830 6.136762 7.321330 -110963.189337
151.262947 159.455348 5.927489 4.440797 -110946.138112
159.952508 158.861815 5.897314 4.508517 -110912.512274
148.396706 167.395580 10.131241 9.224506 -110155.841379
149.778665 165.216934 6.428876 6.035312 -110293.085849
158.983903 156.494101 8.914108 7.498270 -109281.221656
162.369982 161.171258 3.862672 6.747827 -110774.257402
161.786601 158.770441 9.321085 4.840171 -110488.133897
150.782227 159.495494 5.376225 7.448806 -109884.270113
162.423059 156.741330 8.104580 6.232059 -110388.836182
163.027259 158.006253 5.868284 6.625795 -110529.736859
161.172627 153.322244 4.021543 9.337740 -110631.955643
160.787282 170.735173 5.897959 6.625850 -110951.018966
162.517925 169.165560 6.078342 6.378360 -110965.173552
158.357336 158.447132 6.388604 4.836778 -110531.906165
159.122792 161.981435 6.845143 5.417515 -110005.244522
157.101884 168.745658 4.451740 7.483999 -110376.526158
158.804041 170.282529 6.849824 6.682047 -110497.253777
148.377630 154.811241 6.038693 7.576229 -110754.734963
156.966013 167.739699 7.181048 7.391985 -109447.928431
145.889886 158.557294 9.337187 9.695197 -110667.770976
153.690447 158.960627 8.255970 4.235573 -110478.618265
161.225867 152.428122 5.682830 6.921125 -111058.831757
160.167045 159.563795 5.317869 6.297421 -110217.823728
155.939523 157.886124 6.356333 7.946132 -109180.942569
162.641897 156.490952 5.989939 6.116385 -110784.710233
152.193165 155.574594 2.527495 8.620441 -110987.105504
157.822887 161.570382 5.333501 8.073995 -109286.411060
153.897823 161.803341 5.614501 7.491571 -109324.752401
166.938637 164.160034 5.555187 8.871335 -110729.564753
155.479741 172.436257 7.920820 7.988192 -110526.439127
164.242158 162.859194 6.165634 6.663802 -110546.716194
163.297520 155.486377 6.004422 8.959132 -110287.387916
152.526260 164.492524 9.508846 6.182402 -109070.513319
151.664487 160.148262 6.589507 4.370729 -110772.981286
159.389650 171.226928 6.390031 7.503775 -110590.686757
160.950377 161.344916 4.728553 5.922215 -110592.440078
157.687903 160.160608 4.488113 8.004878 -109718.204405
149.199777 164.687504 5.990882 7.316658 -109985.547720
163.558501 166.934795 7.376494 8.282259 -110132.078985
158.512645 155.691805 4.240562 7.976533 -110322.302223
155.093585 163.681340 6.943799 9.732598 -108431.403089
160.629286 159.583108 7.680193 3.854484 -111019.322337
146.845097 159.002553 5.170513 7.405988 -110699.781089
155.198236 155.317160 4.727011 6.916179 -110457.677585
147.194719 160.042581 4.375876 6.952720 -110879.438105
158.698557 171.230546 5.317312 8.025903 -110547.986747
161.355863 161.264082 6.852176 6.439192 -109852.393736
160.749389 160.572624 5.813286 5.797052 -110319.157966
146.020994 163.304114 5.859889 8.658574 -110335.672280
164.434899 167.659878 8.839234 7.788522 -110632.728053
161.667035 157.027994 7.963670 8.832864 -109512.624868
159.736569 159.264845 2.837934 7.155090 -110896.422531
150.966839 158.483575 4.431739 5.536588 -110924.399274
158.853419 152.090216 6.351272 9.980841 -110141.094236
164.714871 153.899772 8.454471 8.488787 -111083.283714
156.633179 160.276680 3.818112 6.370285 -110487.058147
156.024015 162.096012 6.606450 3.553664 -111065.376581
165.633226 164.183720 5.574964 6.304974 -111108.077468
159.331864 163.906457 4.355629 6.070209 -110537.426712
163.596477 161.880971 4.837320 8.213727 -110232.261290
156.714887 157.398731 8.618436 5.262227 -109890.048199
150.572738 158.277640 3.586201 6.617255 -110891.330592
145.356787 156.714838 7.847929 8.210386 -110977.190622
153.830963 156.273788 6.899719 5.651865 -110311.004983
148.271867 164.245728 6.444391 4.918821 -110963.462119
153.392849 166.713073 4.493686 6.006642 -110616.738296
156.934127 158.589516 7.497158 7.214923 -109002.570645
162.221978 159.745171 4.243460 7.498468 -110442.214818
155.427130 162.387435 4.867728 4.263283 -111011.546650
162.552774 156.242510 9.144314 8.977023 -109941.028395
154.696364 168.194656 7.959464 6.786839 -109596.623693
146.643249 158.863004 7.776778 6.430587 -110747.515871
149.392078 160.439682 8.989010 7.644234 -109311.327982
164.479707 161.064757 6.738472 9.125881 -109879.118489
153.529532 170.775770 5.736120 6.209277 -110848.086449
149.703816 150.892093 4.768720 9.077366 -110995.604069
153.342091 159.351211 7.787556 6.837234 -109082.441358
149.143617 155.107323 6.629225 7.125543 -110636.587169
154.671381 159.348579 5.095111 5.589768 -110371.006994
146.425537 160.247903 6.300426 9.983857 -110016.152045
156.900644 155.148868 7.051348 5.254185 -110608.558301
154.535800 162.479490 2.182879 8.755182 -110809.572882
159.568843 168.215116 6.971099 6.237551 -110278.474920
151.406904 167.947319 5.005119 7.366202 -110286.372562
159.934387 157.920156 8.591902 7.649772 -109121.189510
154.426887 160.271336 3.634936 9.216972 -109865.780196
150.449767 157.704357 5.797133 8.082103 -109823.867295
150.822496 152.679644 4.605648 7.861324 -110928.462778
149.715484 165.807031 2.621958 9.871113 -110705.672295
151.103073 166.943747 9.876327 9.857079 -109323.169424
152.962607 152.075200 8.737735 8.651269 -110447.177372
153.597347 158.429199 7.004762 7.052903 -109304.356834
153.211868 157.378810 4.511076 7.550586 -110126.730073
148.755041 163.907549 8.703304 4.265898 -110899.256249
149.422829 160.184736 5.035185 8.887168 -109794.326235
147.097705 156.700173 8.042237 7.333939 -110668.226498
151.153810 158.719203 3.951106 5.955398 -110885.366728
154.966418 160.054256 4.891882 8.105475 -109472.037050
155.534773 169.453854 5.246476 5.381753 -110974.168880
156.385758 155.765916 9.845604 8.761747 -109061.151026
151.342717 167.722157 6.873247 9.446295 -109366.702261
149.625527 162.911399 4.995367 7.786357 -109985.523609
163.488049 155.550219 5.826710 6.302537 -111012.340267
162.863851 169.185557 4.382578 8.164895 -110806.247295
162.419226 159.908159 5.765862 8.922824 -109641.982730
147.680485 168.510021 6.409080 7.294104 -110684.685400
151.575362 161.724125 4.831195 6.551544 -110173.039668
160.355872 169.112307 4.697962 6.889392 -110764.853326
157.432747 157.463533 4.221889 8.263986 -109985.170003
146.588884 160.705013 8.091137 7.105745 -110379.813428
150.908549 171.446047 5.624806 7.295748 -110847.746692
154.063322 157.478076 4.583507 6.282359 -110462.301387
158.622248 163.457736 6.344353 7.755009 -109106.439008
154.617650 152.256599 6.023490 7.346913 -110672.047717
148.301407 156.147149 5.528221 6.949472 -110812.807294
167.301665 158.580061 4.492520 8.813032 -111005.364787
155.572182 157.256817 4.291262 5.112074 -110992.498319
146.450492 159.191345 4.678725 8.227532 -110654.324895
152.748222 160.781601 8.838966 6.722076 -108822.725805
155.662200 163.298008 3.191618 6.076444 -110842.464755
159.112775 159.353748 6.681108 6.530478 -109597.162724
152.716895 159.162725 2.738457 7.816231 -110761.519604
147.528416 155.555577 4.485358 9.565845 -110547.043858
147.147943 161.568942 9.836236 8.585656 -109939.875208
156.564751 164.036939 5.241069 8.919616 -109132.345516
160.841468 164.847237 7.592605 7.633763 -109302.311423
149.714380 167.818156 5.800224 5.266310 -111039.841341
148.154126 160.296451 6.095215 6.361358 -110489.458155
155.780565 156.079711 6.132145 4.816468 -110823.476940
153.635169 158.340062 4.275235 8.711796 -109799.008514
149.771518 155.839814 8.116365 8.377511 -109905.253608
151.559635 161.537021 6.325523 4.697992 -110603.776991
156.873747 162.134714 4.442986 5.802920 -110420.446487
145.949909 164.595961 4.624941 8.840006 -110580.706708
159.422337 161.677341 8.037229 6.873334 -109014.158589
160.319739 172.240564 4.844744 7.483786 -111096.664103
162.630263 168.167330 5.014120 6.626339 -110925.366172
145.168396 158.061593 7.786169 8.673402 -110770.716352
149.894449 156.239403 8.378235 7.015008 -110126.009551
165.594282 162.015719 3.560293 9.274531 -110745.866595
160.479937 157.210091 4.592680 6.844744 -110493.499446
147.855151 166.265474 8.610066 6.526766 -110351.872518
150.635229 162.397149 6.138047 4.060149 -111080.742987
155.064237 157.586157 7.799601 4.817699 -110287.243706
150.355158 171.019422 4.511886 8.263395 -110772.183528
157.862599 164.008449 4.889604 6.443455 -110083.194307
146.281193 159.925469 7.780952 7.883413 -110355.972133
152.431156 166.465292 5.316106 4.858721 -110916.300371
154.378458 160.503781 6.949225 7.459818 -108881.020434
149.502820 157.305491 7.320826 6.451300 -110307.076258
153.191443 155.597746 5.080306 7.212095 -110300.983090
156.158495 162.690737 7.075694 7.270988 -108823.926818
152.719741 157.349606 8.638613 5.777895 -109832.164535
163.599850 167.049298 10.367236 6.572384 -110598.904195
149.127300 172.481200 5.148185 8.097484 -111097.251830
153.262976 164.965503 9.027575 9.263941 -108402.361284
159.083956 155.722634 4.789063 6.815906 -110505.467474
153.631750 170.485571 5.739494 6.314772 -110747.398040
162.556709 154.060902 4.937086 9.301371 -110482.913759
152.269967 160.380965 5.603582 5.580860 -110300.859623
158.905033 166.800390 4.691559 8.252950 -109914.811054
157.458259 156.492712 7.103930 6.196642 -109911.928287
157.334159 162.895076 6.745795 9.113074 -108541.251054
164.149571 159.598204 6.661984 7.490741 -110231.801016
164.292209 154.782052 6.347458 6.815217 -111070.956013
150.361289 160.794117 5.422810 6.883423 -110038.807918
160.945987 162.351973 6.423468 9.455555 -109044.538756
152.448346 165.117467 7.259158 9.249655 -108739.792042
150.907320 152.775203 7.466531 6.355825 -111083.515908
149.912829 152.066745 5.410130 9.538637 -110593.207974
156.154342 166.225220 6.599475 5.725638 -110006.451012
156.015178 158.895266 4.869750 7.244481 -109816.647629
152.962695 154.572055 6.690373 9.062063 -109664.838570
149.877458 166.175937 2.985354 6.938453 -111081.188259
150.921656 159.062568 8.143913 6.006775 -109799.711454
163.440004 155.154190 6.121619 7.055962 -110805.994801
151.147203 162.683745 6.425348 7.196287 -109457.444164
153.665871 164.932891 6.893334 5.750278 -109810.773120
154.583494 154.680573 3.766082 6.791961 -110911.785652
152.219767 166.883278 9.802724 6.033675 -109578.388537
158.615998 170.922693 9.413722 8.238058 -110211.327266
162.222193 155.683892 9.103825 5.988499 -110566.436357
152.467878 166.634189 7.317175 7.143124 -109426.565565
156.373728 159.007834 6.902955 6.926825 -109202.438803
163.473291 155.919202 6.255143 7.437237 -110571.340826
148.344152 160.851730 6.692720 5.578825 -110615.607128
160.122783 154.155784 5.697156 6.717804 -110670.411526
165.958388 163.954345 5.008815 8.422646 -110664.667621
148.674809 157.521549 8.355806 5.286723 -110817.554433
157.283480 153.591949 9.555525 5.154212 -110783.707152
152.624195 162.923440 5.375328 4.970250 -110607.920551
149.365200 160.216619 4.257961 6.154287 -110826.255230
147.289523 169.669457 3.673657 9.467167 -110897.048056
155.663405 157.361029 4.075609 5.982146 -110720.670090
158.492991 154.124375 5.441992 6.049484 -110825.908296
154.421500 153.103296 7.303485 6.344962 -110662.899621
154.285687 172.022731 6.885010 7.573199 -110543.602504
158.922481 166.903857 7.709727 7.789463 -109231.531341
155.361940 155.815842 8.852184 5.949915 -109857.181709
148.778385 169.353414 8.206047 6.376607 -110775.313329
164.673480 162.843281 5.209933 6.712070 -110797.537515
146.986295 165.617492 7.512073 6.250964 -110676.095173
155.509181 164.124248 5.885347 3.803395 -111092.967531
161.186821 163.999471 4.734099 5.366945 -110901.269053
159.842005 160.199106 4.973046 4.956346 -110841.286709
162.472896 167.246692 8.928707 5.033137 -110928.687828
154.045555 152.426000 6.220739 7.637781 -110543.338376
152.048075 165.631709 5.685547 5.753409 -110344.984935
154.121114 158.188538 6.410325 7.975164 -109167.755980
157.779759 171.830752 7.511300 6.793980 -110727.216093
151.779808 163.624593 6.274973 7.543790 -109321.484398
150.343868 163.527617 7.244923 5.957779 -109929.327533
150.198255 168.578163 6.280765 6.821919 -110417.401789
150.040627 158.971230 4.787734 6.589783 -110507.607426
154.898119 153.699807 9.301038 7.256221 -110031.303623
147.156908 160.780417 2.973727 8.454195 -110959.243766
157.006982 162.493446 4.028315 7.368664 -110044.807990
162.170927 156.409605 6.526074 4.983806 -111065.416704
151.871787 160.243839 4.157261 8.150769 -109981.272650
148.341089 163.609484 6.146304 6.038727 -110516.050650
155.045392 172.488122 8.004766 6.296590 -110979.021302
149.963051 162.125570 5.087369 5.691014 -110623.176012
159.476822 171.122389 4.491094 7.167459 -110977.086794
154.789896 158.430222 6.020099 7.386321 -109407.074535
163.442225 166.169278 4.783458 6.330915 -110980.370259
155.470510 169.019052 3.116800 7.485245 -110894.150782
148.546375 161.017907 6.852062 4.992882 -110798.001947
150.382053 163.185481 4.523820 9.694715 -109650.711913
156.584092 165.856180 3.368349 6.976477 -110623.074218
160.276928 162.121868 9.527820 7.401650 -108741.818412
160.341734 167.258892 3.735165 7.072792 -110773.008175
158.839368 165.860610 8.104478 6.024264 -109645.407832
156.824262 159.370079 5.071306 4.294852 -111006.919395
162.671960 161.453102 7.704296 8.020401 -109461.361290
150.839696 162.742923 5.603224 6.483383 -110028.000159
158.560146 167.534718 6.302891 7.693311 -109644.509390
149.766669 162.334239 6.727737 4.860605 -110654.539237
150.824341 155.616932 9.650331 5.224369 -110729.946316
149.281665 169.494688 3.919639 7.271300 -111042.032311
164.253261 167.613171 6.836648 9.247791 -110280.654728
160.869209 161.733194 6.453735 7.456991 -109464.352742
149.937020 162.835927 5.541918 5.442505 -110615.345820
162.269235 159.525881 5.261961 7.937705 -110007.529191
154.101762 159.292130 4.702203 8.549502 -109535.067369
145.183914 161.886884 7.284057 8.407151 -110521.792878
155.389991 158.766272 9.004745 4.211578 -110318.980940
155.224177 160.424278 5.764030 6.338533 -109709.408891
148.489976 157.980161 7.757256 9.388480 -109678.697846
150.649244 165.019117 7.880363 9.616647 -108944.908648
151.174808 170.503078 8.858324 5.486699 -110956.968695
160.310518 166.705072 8.205808 6.030768 -110002.928555
154.473030 154.324896 7.076323 5.940684 -110535.151152
158.747957 155.774625 4.643582 7.372724 -110349.840196
149.523413 166.576483 3.541894 7.201040 -110866.794621
161.732114 157.850698 4.690874 6.834419 -110554.782356
146.041530 161.044454 8.462334 6.491721 -110698.634409
150.576340 154.923937 8.825074 7.076712 -110281.470205
161.969821 159.923943 6.612413 9.198153 -109314.716789
153.939703 154.214326 4.395385 7.102217 -110721.002445
163.319820 155.425256 7.720783 8.201124 -110351.047681
153.525588 165.315137 4.020741 5.824187 -110724.280690
146.581140 166.213111 6.012439 6.916856 -110781.549976
156.843258 161.761829 7.424823 8.143179 -108473.271820
146.010979 162.266947 7.717094 5.668761 -110967.368674
150.298028 163.788341 5.293014 4.600344 -111038.680853
158.803874 164.461169 3.353488 9.268331 -110121.352842
157.707775 162.663211 6.026901 8.516149 -108901.712289
152.457331 159.345248 7.631942 7.023258 -109161.792809
144.652662 164.325941 3.617587 9.052052 -111002.386285
149.131500 158.777562 6.628817 5.520813 -110663.161385
160.920322 165.880747 4.886434 6.763903 -110415.087555
161.533685 160.461530 6.534761 6.577947 -109929.746963
163.691016 155.357187 4.737898 7.403822 -110934.873322
154.295323 167.451749 6.637763 9.320418 -109072.003676
154.263933 157.968019 5.566661 6.440269 -110000.635855
151.418482 166.162296 7.964315 7.886616 -109153.446226
157.584141 164.745941 6.048113 8.514931 -109013.709591
157.350458 156.543636 8.178167 5.664844 -109938.810748
148.049932 161.954679 7.863858 7.657284 -109742.717249
146.316865 162.593216 8.083965 8.325257 -110155.480354
151.205357 158.321935 9.137885 7.476338 -109158.280896
153.495172 151.972225 7.889067 7.896282 -110541.097402
155.905678 172.357667 6.981962 7.496639 -110638.689888
157.185905 168.881574 5.917786 6.591913 -110279.813148
161.206793 157.757274 8.413373 9.117042 -109226.201667
148.291314 164.088510 5.381260 5.900391 -110757.973602
147.640463 159.513636 7.455112 5.530845 -110776.410790
163.370198 154.465361 6.929518 6.143723 -111099.115120
156.771944 159.267033 6.624420 8.070266 -108893.262174
162.752486 158.844785 7.320468 5.093664 -110783.140770
153.761879 158.466392 8.003436 6.100198 -109457.871833
156.223929 154.904035 9.183439 7.541394 -109512.064292
161.921322 158.559629 5.446147 6.203812 -110535.613404
158.979406 163.323182 4.544422 4.771439 -110980.117423
158.810262 157.652043 7.142507 4.577532 -110636.533329
166.760550 164.530571 4.939331 7.784568 -111018.853630
165.172514 160.645048 6.370901 7.440311 -110495.278114
146.632626 165.559309 4.550082 7.234784 -110892.577832
151.903380 170.121253 8.234443 9.245194 -109843.648850
151.709333 157.972821 3.982346 7.424243 -110428.166431
148.120082 166.809216 4.478308 7.262779 -110756.125171
160.752946 165.555272 8.447180 7.514283 -109283.392753
147.803456 168.908100 8.195457 6.523932 -110846.714033
161.882081 168.580678 7.313465 9.562450 -109877.818813
156.397544 166.923518 6.243026 7.556196 -109450.707144
153.744125 169.222275 9.520636 6.974262 -109708.142380
145.795289 165.833217 6.386812 6.968994 -110872.542690
144.147486 163.544356 6.289986 7.687164 -111007.584252
154.992361 162.105274 6.088438 7.023762 -109257.966177
150.127685 153.121401 8.254840 6.573063 -111033.653159
155.540294 156.183298 9.280624 5.890588 -109725.178019
152.288087 160.761746 5.075496 8.379058 -109462.148526
155.489904 162.879062 7.258584 7.995038 -108542.331810
154.024442 157.229044 5.362758 9.159204 -109378.029159
157.995930 158.620587 6.156723 8.021774 -109204.711167
159.437844 155.973691 6.159497 6.557096 -110227.933239
155.217702 167.476582 4.725538 6.540346 -110377.066090
157.914593 156.590771 6.335615 9.627004 -109148.046619
154.545807 158.573824 8.086923 5.689056 -109583.588461
148.358051 169.550177 5.460273 7.454988 -110805.496263
156.202702 155.928669 4.933479 5.618876 -110762.964503
162.413782 163.984345 7.779186 5.623562 -110368.939203
161.479458 166.992201 5.244849 5.655747 -110923.570746
151.329598 158.477795 6.599075 4.532701 -110850.452866
152.095954 156.250081 8.157081 5.237899 -110497.920535
152.669941 150.749129 5.810378 7.937275 -110976.759541
158.859569 155.049711 3.366434 8.309197 -110684.240602
164.627955 155.846507 5.947839 6.597476 -111078.230211
162.548342 163.620371 4.672537 7.857157 -110227.562516
156.401678 154.611900 6.825564 6.509204 -110225.558992
160.605397 159.993143 10.365774 6.879090 -109000.350635
146.642214 160.442986 8.499790 5.231713 -110977.269763
153.097028 166.031804 5.746475 7.213855 -109679.919922
153.336643 165.067325 5.602111 6.111975 -110047.156121
157.259309 169.991290 6.583320 5.760545 -110706.424809
153.797265 156.890020 4.479151 7.160733 -110284.116414
150.810941 170.678191 7.183735 8.259469 -110291.339968
156.196704 155.417030 5.218271 5.315712 -110889.355163
145.870392 162.191721 6.790537 7.911856 -110428.817270
157.148381 153.162371 5.953160 7.581328 -110379.995236
157.180705 151.113125 4.420574 9.762582 -110545.570225
155.229506 153.267089 2.969697 9.490019 -110758.347427
145.507249 159.915022 9.865903 6.051003 -111102.680599
163.245276 168.495827 7.667256 6.101475 -110944.077740
153.543847 159.223608 4.520601 5.160320 -110803.480325
158.841342 161.772799 7.457090 7.934203 -108708.912748
163.867265 154.604288 7.230608 9.413753 -110471.810218
160.563939 163.193046 9.179243 3.929688 -110783.719397
149.597689 165.473944 5.920643 7.016544 -110093.040140
149.314306 155.672891 10.121435 7.311506 -110348.767773
163.376550 168.855635 4.116732 7.909199 -110954.456068
155.368697 165.527097 8.596238 5.038616 -109865.396267
156.530481 163.106849 6.489497 6.383990 -109420.703194
153.743509 163.144838 9.968852 6.725622 -108449.016611
150.532760 157.038391 5.827884 7.408762 -110100.551840
148.009229 169.042939 4.120398 8.899896 -110722.392631
150.395813 154.100539 8.402908 9.565586 -110074.632719
163.515459 157.996927 8.681996 8.957160 -109846.800744
156.125917 152.900430 6.334948 6.167494 -110835.084134
157.248258 153.269189 5.331738 7.497916 -110503.842239
151.260617 166.801134 5.392236 8.347066 -109756.668971
147.453739 158.737622 7.447910 6.486476 -110550.843729
155.580518 148.646910 4.992064 8.975198 -111085.321331
154.199882 160.329447 7.584245 6.221924 -109238.940813
147.546488 160.345935 6.710021 8.347685 -109930.750616
162.193440 157.483197 9.501138 6.661332 -109950.739699
162.681189 157.688778 5.381688 6.727284 -110568.237641
152.207105 161.848577 4.251133 8.135482 -109863.644772
161.163442 160.865665 5.540318 6.360686 -110206.354320
159.329477 157.046351 2.645346 7.960583 -110924.026714
160.813513 157.055499 2.952432 7.181222 -111039.706899
155.107582 164.209844 6.076797 9.289083 -108758.989762
151.732413 163.189891 7.727307 5.695038 -109708.884381
146.681424 165.924081 4.063117 8.262365 -110781.763545
149.149156 162.465538 4.210492 6.955320 -110567.626106
153.002969 159.001880 4.122040 5.228398 -110941.744830
158.966926 164.252054 5.822504 7.812095 -109359.828618
163.640601 163.130515 3.202776 7.608778 -110957.001904
152.692961 162.541013 7.424937 6.357098 -109290.948166
154.174390 165.268205 4.028542 7.056236 -110265.044156
157.180259 166.846867 5.733050 8.493247 -109372.297677
153.227131 157.556764 7.160870 5.175472 -110325.283822
155.897216 161.840697 3.839423 5.684930 -110689.360718
154.469523 158.062834 6.571580 9.616350 -108808.309922
158.181457 167.427770 7.640480 8.211137 -109161.758801
147.152201 163.788199 5.869914 8.920395 -110018.618789
159.357317 166.264875 3.683648 7.116933 -110608.036546
154.475666 158.090486 7.632580 7.203773 -109076.162072
155.039085 164.308773 6.204370 6.604677 -109481.436107
161.972328 159.818282 8.783621 5.241217 -110292.224087
159.990930 157.087339 3.049932 8.186277 -110718.180177
153.968028 153.784976 6.757780 8.693428 -109849.521290
158.624827 162.617806 4.302107 6.486596 -110301.963441
158.225922 158.651772 5.503714 6.319937 -110031.260560
158.592701 151.996914 9.453018 5.954115 -111050.920469
158.641855 171.148139 8.569206 5.609782 -110942.726102
153.846419 165.337320 8.588628 7.286753 -108736.700738
154.826493 155.816917 5.259560 6.490092 -110376.414952
154.755772 170.386079 4.442126 7.784748 -110545.954406
147.811031 162.674273 3.379275 6.916953 -111043.711678
151.977921 170.366853 6.809672 7.744665 -110215.587795
155.542707 159.118531 2.815967 7.453694 -110720.772959
149.266352 161.515371 8.618941 4.144638 -110851.396571
161.088654 170.056859 9.823701 7.326438 -110512.850738
154.188608 153.793890 4.901739 7.643463 -110484.956386
154.164503 168.211112 3.631390 6.125392 -110996.905572
151.647245 152.912124 3.980589 7.877690 -110957.244714
156.901009 155.755891 3.547127 6.704588 -110862.359084
152.911483 162.365330 5.282070 9.341716 -109097.273957
150.404534 160.790522 9.836130 7.708341 -108906.761576
154.141178 151.036002 6.977586 6.908644 -111065.381652
158.298117 170.875096 6.816735 7.230354 -110430.118502
154.771758 157.883673 7.400804 6.693207 -109353.469189
150.716946 162.296092 7.955645 9.628994 -108750.132743
153.973330 172.287779 7.643395 7.425658 -110636.659532
163.866724 163.287983 5.630474 5.863509 -110878.448676
153.594681 168.913663 7.090381 9.073680 -109392.432686
147.053474 159.333675 5.266890 8.725824 -110279.813168
160.753179 165.852319 6.704583 7.499275 -109641.649046
154.307916 157.600266 5.541315 6.588917 -109996.572756
158.289176 166.217361 7.170047 5.576749 -110067.820082
146.157372 159.919822 5.647747 7.131071 -110778.579459
156.766794 150.364765 7.132512 7.341715 -111068.336077
152.926534 162.432448 7.070764 9.925525 -108501.965972
156.796750 155.943075 6.525394 6.244642 -110107.045663
154.963401 157.360497 8.954743 8.672961 -108642.028464
153.889592 163.785640 11.403896 8.577745 -108110.634295
153.444033 164.760712 6.152528 8.899512 -108926.126330
153.427178 165.813070 5.634547 6.524395 -109929.128074
147.765407 164.053892 7.626669 4.472649 -111086.043467
156.127276 155.259631 6.044694 7.993748 -109749.717076
158.905761 156.390079 4.283207 7.384135 -110397.580979
158.418243 163.450667 5.922534 4.511689 -110729.326682
154.982720 166.296370 8.792547 6.119590 -109311.404849
159.527096 158.198628 4.617937 6.884829 -110278.331222
154.675568 163.419051 9.946112 6.363937 -108560.599553
163.200328 161.034752 7.973339 4.443369 -111035.904423
162.364221 156.842181 3.744542 6.573511 -111073.295225
154.689346 159.107525 7.437659 5.241007 -109918.180110
163.236337 161.458946 7.450722 9.873767 -109410.115551
161.393930 167.986305 3.384982 7.167936 -111034.486754
153.590915 172.558589 4.834687 7.208639 -111043.210946
154.316572 157.041831 5.184034 7.698860 -109814.224242
154.151111 165.150703 8.703969 5.606463 -109464.161669
164.173417 164.567330 4.748800 9.130402 -110243.998305
157.708800 155.334016 6.052958 6.720223 -110184.318823
158.273079 160.387233 4.848380 6.086807 -110243.571218
163.048504 154.083411 8.319971 7.815900 -110681.616886
157.766193 153.946514 3.853341 7.692569 -110746.990081
152.663776 170.512565 6.846829 6.702466 -110502.351387
150.261617 166.827582 7.920520 5.017126 -110638.067374
155.747868 164.670731 6.504218 4.246189 -110727.456254
161.680705 163.381970 9.522016 5.803451 -109829.247612
157.192162 159.144795 5.888479 4.796096 -110560.020211
157.440033 163.397592 10.520614 5.331850 -109155.907075
164.942311 159.193630 3.768022 7.494174 -111018.639550
163.698420 156.942473 5.677612 9.009646 -110190.877713
155.106401 163.480298 6.365078 7.365083 -109064.910700
152.960014 152.761727 2.780668 8.868472 -111065.233988
159.144024 159.742606 6.857777 6.096880 -109718.120750
159.739613 158.583686 5.077142 7.802735 -109812.875820
149.919029 157.244462 8.126429 4.377669 -111069.974693
152.644717 161.537642 6.096847 6.811345 -109507.350845
159.032114 156.789424 7.071947 5.276055 -110412.053663
159.911914 162.520997 4.294854 7.937689 -109962.026498
150.998851 162.531441 2.589251 8.909443 -110678.190529
165.177415 165.274272 6.551548 7.866931 -110499.411277
155.328980 152.855034 6.319830 7.104243 -110540.585110
154.940368 161.755098 3.505715 6.188949 -110653.993869
153.512819 158.041298 6.070925 4.997955 -110569.199899
145.945623 157.184827 7.252098 8.343486 -110679.056230
163.225771 157.673779 7.113383 7.384794 -110166.553636
146.314649 153.785164 6.705499 9.016490 -110994.274482
150.310030 161.892236 4.929384 7.093033 -110108.565430
152.620852 169.750325 7.043879 8.661247 -109758.738451
156.996826 153.805133 5.734246 6.090594 -110766.752814
155.903039 161.396721 7.504499 5.542025 -109540.057436
153.161236 152.103842 5.640927 7.505196 -110786.064234
164.512142 157.291161 5.031622 9.947860 -110264.370945
160.061196 169.459540 5.455698 7.113398 -110548.363479
150.659122 163.394179 6.800876 5.556989 -110166.592603
153.169134 158.453506 4.664149 7.076607 -110098.518566
160.272686 167.425139 9.634324 3.887820 -111104.603973
146.783266 167.348123 8.182361 8.758809 -110389.773601
163.960190 164.748703 5.896921 7.866892 -110249.946981
150.965300 152.951568 9.579233 8.405134 -110592.918600
158.359727 153.161478 7.153590 9.705483 -109849.188083
147.628670 159.490247 7.810056 6.043575 -110545.884159
154.034576 158.551627 4.453933 5.910536 -110542.170984
150.759905 157.369581 10.583857 9.058465 -109382.448596
154.993061 166.286494 6.068460 6.757004 -109688.096991
160.891432 167.497684 3.941613 9.722209 -110179.833285
151.446975 161.761645 3.278038 8.663425 -110301.878723
147.901851 167.472686 7.546231 6.059220 -110756.666757
152.967977 169.352709 5.479091 5.895043 -110780.321756
147.745650 163.762630 7.473041 6.416310 -110292.450978
151.053640 161.581960 7.178106 5.975783 -109789.396239
151.515995 152.429878 5.747029 7.174194 -110940.719510
160.805658 166.760510 7.260224 7.974206 -109550.007768
149.713714 153.909683 4.887375 7.485182 -110898.800615
158.092224 169.597878 8.147634 4.392934 -111086.801913
153.603103 165.491612 8.351946 9.049193 -108501.111929
150.658028 165.551193 2.952183 7.816863 -110798.435934
159.582108 160.385306 4.559863 5.528170 -110681.015630
161.840815 163.719582 5.708644 6.536806 -110240.946718
158.249218 164.798047 6.062514 6.648465 -109672.752572
155.726751 154.326366 5.069896 6.717864 -110590.754517
159.790151 161.693180 6.869437 7.916222 -109017.983944
151.076788 170.888050 6.016860 7.249182 -110674.034250
155.267096 157.041177 5.786921 8.363617 -109393.199528
150.802145 152.562288 3.459847 8.788119 -110987.447200
155.407746 162.933698 6.309073 7.599596 -108977.066340
147.384497 163.813822 9.863895 5.618406 -110504.603200
167.120187 161.635535 7.412586 7.923299 -110856.898854
158.290130 164.448417 4.826892 5.695616 -110477.821922
152.630306 154.370364 6.011001 7.141029 -110386.504962
166.317507 163.036763 10.698116 7.341132 -110994.366185
161.558285 159.204790 7.378772 5.877024 -110142.012520
147.635461 158.658738 4.596805 7.724275 -110622.298722
153.473888 160.075863 3.533037 8.741137 -110056.095771
147.543632 156.075926 4.291386 7.445812 -111027.882961
151.095431 160.052706 6.607977 7.314342 -109463.305811
166.571436 163.425365 6.296265 6.784065 -111057.342467
151.162827 158.102872 4.605316 6.893557 -110403.958854
156.366427 169.531867 4.109435 9.450621 -110152.308293
145.098369 160.709689 6.170643 6.657506 -111058.105237
153.524879 156.334866 3.095098 7.127662 -110917.370692
152.092160 171.160535 5.687556 6.689017 -110858.180946
157.687802 161.053589 5.111137 6.931050 -109746.748205
155.956742 172.783328 10.487131 7.072705 -111032.441021
147.011348 160.915225 4.645122 8.237822 -110470.249128
161.649032 160.510839 5.512863 9.141625 -109494.942813
159.754220 162.971775 6.070608 4.753855 -110663.008559
160.445940 159.336646 7.588131 6.481066 -109600.196649
151.389140 170.299341 7.888605 8.987402 -109977.859336
161.585192 165.104478 7.485978 6.026685 -110140.611930
159.461305 157.253832 5.757988 6.587614 -110120.409564
167.793926 162.961926 5.068644 8.302387 -111048.031958
161.219684 158.287045 5.369830 7.272289 -110100.054511
157.270709 156.410992 6.319505 6.707187 -109895.926101
161.950563 170.059054 8.955622 6.674939 -110813.914054
155.799367 165.693752 3.863459 5.917335 -110734.293243
148.554295 165.420659 7.542029 6.700069 -110104.880644
153.163116 152.665434 7.598149 6.906360 -110659.571630
156.940702 157.414983 6.281971 8.511347 -109158.081856
155.875635 162.221560 6.351144 4.443565 -110536.073090
146.911581 161.429035 5.086135 8.427280 -110321.532507
152.525527 151.993082 5.217606 7.461265 -110925.366857
152.148620 158.744461 6.273420 7.788377 -109383.428483
148.881331 164.131074 4.534197 5.974139 -110853.651370
152.949409 152.811755 5.663239 7.536462 -110632.822985
160.008933 157.700810 6.106256 7.888223 -109598.923957
149.569340 165.894498 3.152197 6.870597 -111044.312744
147.708750 160.748966 3.187903 8.689933 -110758.914978
155.482243 162.473310 4.170991 5.272963 -110736.273892
159.733113 163.048223 6.427533 7.535926 -109276.386354
151.074080 153.524353 7.302409 9.975246 -109978.689112
158.262639 153.898343 5.325832 7.562725 -110399.807259
153.134332 155.365761 7.333511 7.304757 -109817.495498
162.437204 160.024706 7.043634 5.281506 -110608.314367
157.035891 165.893851 8.799896 8.142661 -108558.626724
153.877301 168.623248 3.404872 8.009923 -110628.511008
157.917029 164.125318 5.646310 6.902386 -109627.837727
147.580113 169.893521 5.718925 7.576263 -110923.679918
161.183239 155.686382 5.279379 6.371932 -110732.209414
165.335029 160.302143 7.562295 9.308553 -110120.081122
153.738710 164.575877 4.453120 7.052895 -110049.720946
159.450732 151.086624 5.090949 8.010311 -110960.947117
156.720257 159.905001 4.751225 7.896820 -109602.843083
166.926683 160.185700 4.971088 8.520115 -110845.860892
146.342898 169.127924 7.155500 8.354878 -110830.860793
156.366413 157.321405 5.847076 8.277508 -109347.464783
155.900706 168.185197 4.572833 7.977273 -110083.076021
152.152132 170.193027 7.959715 5.071004 -111006.273537
144.310112 161.279801 6.385209 7.361540 -111040.798571
158.391775 168.698800 8.148787 6.266461 -110054.297095
155.393155 168.189606 7.838375 5.394237 -110257.017988
162.004971 156.221205 6.889891 7.708042 -110067.789084
154.445175 160.108645 6.786413 8.006210 -108795.119354
152.683619 160.663539 5.253034 8.654450 -109291.630952
157.085849 150.703412 6.141275 7.994014 -110838.656233
148.406244 162.415404 5.298158 6.730798 -110429.842058
150.049727 157.034525 7.074714 7.550334 -109896.426931
165.667033 160.755323 5.310264 8.134136 -110585.590866
157.236909 153.307559 5.249882 9.141538 -110089.835432
152.462931 161.189422 5.166441 8.146240 -109448.909205
160.342792 166.190566 4.836535 6.456486 -110500.129733
155.926975 161.138955 9.091813 7.086079 -108363.008942
160.599988 152.927762 6.061047 6.310332 -111026.037657
153.847510 161.788638 4.834215 8.147025 -109469.516330
155.073077 161.607145 4.820333 5.459922 -110422.980711
151.005903 157.070338 9.207620 6.831879 -109675.477328
163.596556 153.067898 4.907291 7.919629 -111089.716985
157.091864 171.207007 8.706693 6.037250 -110692.282108
164.524308 162.642939 7.305134 7.914684 -110072.311632
150.852843 159.942365 8.294897 9.997548 -108819.940313
161.622651 153.813510 6.298627 8.440411 -110380.447855
157.663808 156.657458 2.459736 8.216034 -110939.631673
147.760231 161.021232 7.109471 7.420572 -110015.459283
164.937942 161.138098 6.301161 6.807610 -110629.480878
155.246625 155.288684 7.035101 9.302488 -109266.249815
149.978905 169.522019 4.739115 8.764544 -110407.771177
161.894417 155.599138 8.276226 6.053694 -110538.484361
163.013767 166.291619 5.706421 6.273934 -110758.090325
147.436349 170.025602 6.599471 8.298318 -110758.945052
154.840853 159.393002 6.762688 5.898692 -109690.020938
149.338052 166.289601 3.028375 8.988290 -110697.292706
154.905245 169.232875 8.138662 9.354413 -109312.258346
162.496357 166.957851 4.420637 9.086407 -110268.264949
147.236309 159.385903 10.209049 5.598661 -110718.682183
160.954508 156.523303 3.610330 7.200287 -110839.483465
158.096511 164.805628 7.987622 4.809936 -110166.697316
155.348393 158.574371 8.832173 6.895679 -108802.194262
145.238341 159.356294 7.047519 9.311318 -110486.753068
149.382265 155.960873 2.992290 7.895600 -111091.316662
154.754603 160.308088 7.050859 4.420702 -110434.007821
160.376072 163.996218 4.342134 7.491480 -110166.199580
149.537760 159.800777 5.734830 5.829232 -110550.573043
153.445799 152.543673 8.395135 6.456015 -110796.046188
160.399464 162.318079 3.103294 7.747181 -110618.269541
152.607266 164.016890 6.635980 4.142565 -110835.679104
150.741314 161.966087 5.465718 7.817224 -109631.992215
161.957853 158.012547 6.929922 7.331056 -109875.835476
151.892641 168.292861 5.886612 8.711000 -109702.820617
151.215703 158.174135 6.853680 7.385801 -109579.976390
162.533109 168.732661 8.457618 6.983564 -110522.829923
152.905296 154.333831 9.048187 8.086230 -109802.021893
159.100591 157.373967 5.088882 6.613495 -110261.381029
152.790387 159.567037 7.942518 7.695909 -108790.476308
149.792185 154.689897 6.380624 7.304679 -110577.604118
153.414488 170.059912 11.111857 7.815850 -109952.609435
149.487339 161.459923 8.057048 9.761524 -109059.426481
152.682805 153.906790 7.701869 7.073369 -110292.074725
157.089092 160.686654 5.514800 5.979150 -109974.712876
161.815967 166.766306 4.864736 6.015355 -110893.601824
165.609023 161.976194 5.440978 7.004559 -110844.386541
164.903544 157.871049 5.854404 8.802006 -110363.380020
155.197623 157.676376 5.805403 4.896813 -110652.670992
150.879476 157.941762 7.251005 8.406773 -109317.243095
155.145006 160.797188 2.719958 9.439345 -110354.653949
156.638131 172.962061 8.548441 7.635336 -110829.372473
147.435736 163.671084 3.922975 7.911304 -110685.088918
152.489099 171.734649 9.117204 8.306767 -110453.942332
155.707160 157.196655 7.114367 7.818412 -109131.169683
149.215119 156.384308 6.857467 6.918761 -110421.947603
156.639850 151.147993 7.138745 8.382983 -110576.973164
151.601416 167.567305 6.711540 5.265950 -110638.218205
152.883508 166.522997 7.403638 4.133246 -110903.546849
164.130918 155.159155 3.423233 8.830161 -111009.473314
155.810509 166.764910 5.218814 5.911401 -110376.547869
146.605824 165.761720 6.334338 8.835323 -110240.529221
152.379971 158.728724 10.312960 6.771771 -108926.831601
149.725813 159.006830 3.374501 6.433067 -111052.727822
151.591480 160.944957 7.657451 9.242407 -108652.498303
155.233966 156.870237 7.004180 4.001169 -110999.563562
145.588677 165.594649 10.120435 8.496961 -110851.661916
154.966752 162.342990 6.961290 6.040140 -109415.694728
151.439013 161.481738 4.281476 5.298759 -110869.932892
145.176824 160.513604 6.970935 7.171183 -110853.267369
156.499319 162.520287 7.744581 7.328575 -108607.254045
164.282850 159.508698 6.884001 8.719883 -109958.870807
163.673680 156.980777 5.260537 6.254589 -110980.985153
148.002015 164.475757 7.817111 6.515473 -110188.873543
149.806043 154.232649 5.080727 8.460668 -110529.614450
145.900291 163.732558 5.735877 9.116110 -110309.273148
161.409788 162.669248 4.781239 5.942019 -110636.232572
154.878080 161.535299 4.273581 5.565961 -110577.845858
165.655075 163.527447 8.940830 7.597243 -110526.751533
160.718173 160.585250 6.007034 9.738100 -109106.033526
152.582259 167.776164 3.358836 9.381208 -110342.745681
166.079488 159.307799 8.336412 6.268504 -111052.052823
158.605502 158.332799 5.021753 6.889239 -110039.892151
144.399242 168.056054 4.213096 9.597383 -111038.172009
154.971266 157.517472 4.497607 7.335167 -110098.361468
150.594664 163.048376 5.497366 9.733278 -109263.101551
148.956792 153.316244 6.376647 7.201753 -111024.024676
157.034038 170.119075 6.170318 5.351080 -110952.062247
161.002580 169.234766 5.113228 6.728003 -110810.121866
159.275912 161.373349 7.162522 6.757767 -109267.314274
150.638376 161.665384 9.726504 7.900966 -108762.674526
145.204802 159.565434 7.396021 8.906547 -110548.903673
151.483874 159.794802 6.623254 6.348888 -109795.072850
147.407235 159.368537 7.218478 7.390613 -110230.640547
156.337930 157.797694 6.653059 7.753662 -109166.020942
153.078008 166.061124 2.902979 7.700661 -110730.832356
164.916023 154.473412 6.326812 8.450549 -110875.331284
155.080056 171.071786 4.626084 6.564226 -110964.205987
151.401666 162.293038 5.457437 4.790375 -110770.284471
166.516095 163.008786 9.949033 7.796585 -110910.474950
156.769474 163.248797 4.166384 7.092984 -110072.752021
156.267962 159.098728 2.837041 7.885744 -110616.635682
149.392072 164.896472 6.505828 6.285637 -110214.353691
153.646694 160.409067 9.109205 3.189663 -111039.900605
156.741759 163.103423 10.879837 4.829563 -109402.683972
155.102310 160.036249 3.592137 5.159513 -111025.300095
148.810550 158.608168 6.429403 4.810312 -111069.755960
146.787878 164.774658 7.272173 6.393606 -110631.594011
158.544838 171.775301 4.849555 7.253062 -110937.584746
158.798019 152.637613 5.132010 6.705080 -110964.678821
150.105849 160.149767 4.998476 8.018711 -109902.849061
158.362552 159.685073 4.745057 7.922656 -109695.005386
161.294008 168.797246 3.091141 7.807049 -111058.191419
157.966375 159.522719 6.804742 6.678845 -109362.642941
157.219586 158.266291 5.640207 6.602854 -109855.535316
155.869328 167.330576 8.423167 7.263045 -109116.785133
151.870657 157.719782 7.635891 6.165624 -109867.138689
158.268573 163.850090 2.807543 6.175677 -111060.244883
153.599164 169.899145 8.842207 5.952619 -110355.672911
159.188977 162.356535 7.251833 6.296466 -109441.805329
151.259217 162.824219 7.592573 6.247995 -109521.574893
157.686179 160.791563 6.223870 5.717115 -109899.786692
145.280887 164.245816 7.715432 6.581042 -110935.206996
152.283370 156.658952 4.790806 6.905761 -110400.360752
149.790625 158.166516 7.838949 8.064846 -109513.129418
146.172916 157.645884 7.762947 8.143401 -110597.070901
153.573794 160.136504 9.440360 5.923177 -109045.002305
157.503107 166.873910 7.420873 7.309021 -109276.165312
162.855391 167.308084 8.580972 6.716309 -110376.214629
159.485638 156.529996 8.655149 5.177045 -110302.353483
156.427341 166.218768 7.228039 6.985841 -109258.914658
152.230987 166.973592 7.338995 5.969063 -110007.831507
158.206698 158.382234 5.691340 4.592861 -110816.935239
154.487143 153.625747 5.923359 7.594524 -110294.011264
150.488920 157.094228 8.820688 9.588652 -109344.229658
156.385590 165.773609 7.710124 7.038739 -109038.829436
160.191139 158.234071 5.799253 5.751702 -110418.073928
148.820355 155.090876 6.927727 5.961147 -111069.291519
162.568872 160.173562 4.778458 7.056903 -110431.734892
160.194722 162.167191 7.614023 5.805630 -109764.521550
152.212682 163.538273 3.829623 6.160325 -110661.074751
159.018044 160.356639 5.289598 6.948328 -109803.708000
156.001041 165.011674 8.626697 3.746733 -110732.661542
166.161727 167.130118 6.944050 8.765374 -110781.711488
163.700253 163.433066 7.727967 7.749473 -109863.667195
148.706941 161.160977 3.819423 8.054668 -110497.642600
161.797345 158.980371 7.006726 7.232914 -109744.388570
161.651638 163.633462 10.810186 4.355931 -110586.702247
151.711147 167.792603 2.827996 7.469280 -111012.393574
148.596284 157.088270 5.466422 6.181716 -110902.485382
147.525565 162.924122 7.170967 6.629777 -110290.588058
157.205386 156.293764 3.202444 8.487125 -110525.411714
150.054290 169.489322 5.410612 8.771586 -110243.046355
154.299867 170.753239 8.125062 5.936487 -110620.833630
162.555276 164.585923 4.730227 6.683685 -110622.605649
149.049961 168.093533 2.380528 9.409057 -111075.730237
162.840466 166.332662 6.335434 5.602784 -110889.491897
150.890539 156.782254 4.301020 9.225478 -110073.885268
153.203390 169.609303 5.418474 8.161684 -110088.921522
154.928082 151.377279 6.664099 6.916164 -110953.620177
165.047436 154.566048 7.465470 8.579509 -110900.855042
162.519013 159.684757 7.466349 6.399040 -110072.894202
150.620480 166.819114 5.217809 4.996944 -111053.365419
154.999085 168.261627 2.935110 7.055611 -110996.962281
159.302360 154.977474 5.374626 7.110629 -110391.047455
161.861414 155.967109 6.192311 7.286284 -110314.147849
158.490389 163.987749 5.560429 5.932318 -110115.576042
145.174203 158.333862 7.140587 7.099692 -111041.149263
152.264934 161.235104 6.332713 6.527285 -109601.984773
153.060519 156.651871 5.230901 7.514423 -109995.540514
153.477549 159.610915 5.724192 6.784665 -109678.910580
157.673562 160.859947 5.997397 9.304236 -108787.700528
152.300490 158.718711 6.294699 5.371447 -110349.992335
149.631325 155.156586 6.884884 8.605861 -110099.753241
148.450761 167.471980 4.356518 8.460847 -110511.547081
153.669102 152.373371 4.928119 9.227069 -110357.529517
150.416947 162.214010 4.274027 5.779798 -110778.095631
156.011010 171.320187 8.386680 7.207017 -110333.059482
150.254741 159.531738 6.552984 7.055081 -109769.562712
158.665054 151.585154 8.759300 7.884529 -110717.105749
161.773988 155.170820 3.348360 7.884045 -110977.431955
149.714812 163.889569 6.402961 5.644348 -110388.729010
161.891708 165.691629 7.815304 8.321371 -109459.330185
163.294106 162.564372 8.262403 9.384066 -109433.833645
146.953994 163.937765 4.671067 6.462966 -110952.431643
149.471231 158.792873 4.121321 6.580631 -110804.742165
161.045740 168.936059 5.832379 6.313052 -110770.594859
150.745491 170.897285 5.653524 7.214374 -110772.260506
156.447141 161.966723 4.721640 7.321894 -109714.410309
161.368103 162.833480 7.873056 7.667382 -109199.363290
154.225873 158.078113 4.522552 6.733663 -110248.172075
155.475575 159.920618 5.675845 4.028658 -110980.975718
147.486318 157.193881 6.366225 8.488588 -110284.214039
149.744495 154.582421 4.657537 6.756044 -111051.857260
162.830953 160.241799 10.040847 6.157372 -109948.736862
164.226386 157.435986 7.670849 6.236257 -110755.265031
151.554984 169.972913 5.466069 8.531988 -110196.707218
154.901550 161.697416 3.291768 6.468175 -110664.577759
159.278495 170.595585 9.499971 7.029005 -110400.050917
166.910579 162.694869 6.392818 7.671612 -110875.373360
151.060576 164.777057 7.288640 6.874427 -109483.380120
144.374544 163.086215 5.834478 7.601533 -110987.334184
152.647403 166.718239 8.772139 3.881649 -110931.283421
149.738060 162.897230 9.975730 4.942091 -110142.767565
158.384724 152.144362 6.540455 8.404734 -110397.705832
150.876820 163.807385 3.958323 8.307226 -110118.976546
159.132805 164.691392 4.218730 6.740799 -110371.711885
161.392438 163.248787 9.296762 5.532613 -109919.369282
146.562532 156.377762 7.641775 9.447593 -110477.101147
148.831832 163.905288 7.991123 4.176573 -111008.747649
163.204830 159.306339 4.036781 7.273377 -110735.239601
154.105466 156.314838 5.801271 5.967845 -110388.887499
148.507489 153.858549 6.523939 7.609753 -110864.533984
153.355642 164.436771 5.807052 6.397944 -109797.520396
162.698966 162.639321 7.561157 7.338856 -109687.842110
157.475677 155.632462 10.126780 6.020204 -109764.065853
147.398528 160.312649 6.423651 6.147324 -110671.388869
146.551520 157.218378 7.070638 6.370575 -111037.109003
146.149154 162.523905 8.870539 7.480179 -110375.477329
158.428479 168.125234 5.717456 5.722773 -110620.770595
162.130761 152.788552 8.477693 6.505987 -111105.412430
153.019237 173.040333 7.449865 7.181994 -110978.939113
150.427084 157.636599 6.573370 8.314644 -109598.330199
148.980268 156.324330 7.905160 5.866688 -110765.196161
153.743802 161.265167 6.900913 9.500705 -108488.802815
156.310505 152.889883 5.717006 7.362631 -110536.681503
157.312521 156.164365 5.726485 5.173844 -110736.899113
153.114962 161.387478 4.435210 5.517298 -110609.402235
158.952891 166.272923 7.671066 7.008121 -109377.464637
159.909218 165.667605 7.722539 7.044211 -109405.495531
166.158345 157.801250 6.577858 9.400706 -110549.590177
152.992644 157.015199 7.008344 8.296306 -109233.769693
156.775077 169.634431 4.417189 6.473224 -110824.652602
160.997935 168.647174 5.692526 6.788427 -110578.756140
162.236796 167.785942 5.461252 9.399137 -110009.828645
160.847447 167.115090 6.484053 7.464904 -109911.413703
147.344741 160.393500 4.236502 9.316659 -110316.709754
153.165469 155.492080 6.277738 8.256100 -109698.456684
152.580822 167.571424 3.468051 6.061860 -111065.450789
157.215153 162.775598 6.336697 8.331705 -108802.744620
153.426460 155.377514 8.049788 5.146005 -110602.231176
153.915632 163.880451 5.799347 5.954951 -109932.607816
163.174217 158.805071 4.193056 7.550774 -110634.285158
145.872769 161.646632 4.875323 8.665510 -110532.929397
147.162950 166.600216 6.772080 7.347893 -110476.864398
145.328856 166.748712 7.985653 7.341565 -110956.685846
155.063964 161.771310 4.855387 7.878426 -109484.907252
145.286426 155.275796 5.544483 9.486960 -110882.540206
153.934509 162.798750 4.684909 7.401076 -109749.348399
154.841463 154.347111 5.603389 8.019909 -110064.343925
167.179685 159.341773 4.324468 9.813151 -110791.552347
153.028928 151.970074 8.362963 6.576454 -110972.505387
157.324341 160.206262 6.547533 7.027104 -109198.018200
157.521778 154.073201 6.139931 6.523285 -110492.120553
146.308641 166.562100 7.325971 8.713648 -110386.626579
158.193259 159.115736 7.375633 6.810709 -109211.037659
151.138506 168.482191 5.149270 6.248658 -110725.846356
149.748981 159.444594 4.873652 9.571004 -109710.265897
150.020586 161.163314 4.982302 8.343788 -109794.183707
159.497121 171.462670 6.601546 7.741665 -110579.335619
150.936006 157.485604 7.003694 6.670674 -109968.757788
156.568995 155.097893 5.456821 7.133348 -110205.064445
156.809147 173.222265 8.199418 7.482597 -110936.188233
147.268381 164.955824 7.979591 7.199598 -110206.225548
151.031753 155.428304 4.602831 6.251377 -110966.154285
148.965291 158.048521 4.363185 6.066437 -111023.559731
146.236478 161.878316 7.684911 8.561457 -110150.262146
155.269353 158.831937 3.620009 5.828170 -110828.978135
155.005500 167.023365 6.923975 7.375948 -109332.099036
151.151890 155.738821 3.632443 7.311133 -110873.592269
156.013250 169.125154 7.538473 9.536020 -109293.423613
165.119533 157.575021 9.652357 6.940294 -110798.417022
147.579094 165.483026 4.125317 6.518022 -111038.022202
155.026910 161.678278 6.207353 6.120618 -109617.107990
149.950517 171.752777 9.435383 8.507796 -110898.294239
155.863146 165.575721 3.996078 9.350352 -109734.332769
149.453543 168.809255 5.871032 7.554654 -110417.787614
148.910439 169.061959 6.278018 6.336504 -110861.722175
158.674448 162.035424 6.428821 4.142997 -110821.897229
152.647499 158.024205 4.851958 4.926792 -110960.296670
151.944901 159.939675 10.102674 5.268542 -109589.566151
147.307406 154.943918 7.237104 6.910997 -111068.485986
147.688637 161.326548 5.848629 5.874694 -110762.304052
153.632632 164.319340 7.374744 8.028959 -108690.069697
152.314192 154.282140 4.289283 7.093776 -110838.000176
162.199736 166.960855 4.143973 6.602018 -110948.884857
158.028181 161.636732 5.391566 6.836276 -109683.079452
156.645383 160.760761 7.158458 7.119918 -108896.189354
160.861912 164.893631 8.429410 4.591595 -110612.191770
154.343192 158.751616 6.450016 5.441374 -110109.244588
148.967927 158.985839 5.688946 6.644957 -110418.321979
152.603600 156.938666 9.865922 8.133473 -109030.958848
149.921525 160.798149 8.888838 5.145935 -110158.387642
158.619981 164.148295 7.331068 6.492331 -109348.625215
153.049480 156.829324 9.273773 4.457939 -110565.730690
156.688438 153.137982 4.878048 6.248707 -111002.524442
145.022713 159.861510 4.362857 9.198396 -110754.111190
148.764173 155.988577 5.757154 9.387135 -110079.872799
161.545487 159.596306 4.426087 7.198285 -110378.326268
152.963867 161.701607 6.296840 5.721301 -109910.533913
152.232761 168.559225 7.095340 8.329183 -109563.730661
160.291569 162.111289 8.258363 7.535595 -108900.372800
158.157198 163.056997 3.238563 5.607983 -111028.467671
161.632959 161.597615 10.947546 4.743855 -110236.265041
151.178144 160.332254 9.636032 6.725613 -109038.418432
152.331606 157.052632 3.046977 7.781496 -110776.899649
159.848545 153.994547 5.152603 9.515660 -110076.697360
147.201364 161.029723 7.217424 7.487825 -110138.901013
155.759335 156.066400 8.436415 4.023724 -110901.386119
157.466708 153.978263 4.533343 7.838935 -110481.917412
149.952420 150.554654 6.984320 9.184187 -110996.041460
161.040806 164.196950 3.898816 5.458122 -111090.944461
152.071455 157.676580 5.531222 8.017351 -109695.270962
156.532758 155.052124 5.986331 7.646867 -109913.684096
151.809764 157.719706 4.094781 6.954444 -110538.723044
152.368518 161.154042 7.463946 4.993312 -110097.426032
161.185260 160.327303 6.883702 7.185080 -109551.353229
157.397958 166.983135 4.589290 5.565112 -110778.175461
158.032801 171.013250 7.472461 6.719265 -110540.655119
159.009077 162.121640 3.377465 6.173851 -110817.960958
159.300286 166.893626 6.018053 9.354593 -109316.453815
163.924332 168.423057 5.072323 6.789067 -111092.881384
158.275144 149.584737 6.316189 8.654037 -110990.286978
149.937344 169.856620 9.324744 8.554132 -110245.046067
158.719622 162.453767 6.437654 6.358081 -109590.818900
165.064391 169.844040 5.866440 8.172524 -111068.324540
154.522284 165.588134 4.425419 7.801089 -109884.041184
146.729252 165.021734 2.660917 9.776174 -110953.801559
163.114443 160.076208 7.387788 9.270936 -109475.636694
151.435600 160.563925 5.413104 6.113373 -110201.724057
144.379151 161.831307 6.000886 7.734024 -110944.127844
156.589880 159.038731 6.349620 5.713731 -109931.957678
149.728178 167.682237 4.435020 8.607420 -110304.694214
146.406477 164.067720 6.762381 9.929287 -110006.526171
151.002083 161.065644 7.825820 7.739129 -108988.643979
150.717543 158.777716 5.573790 7.068620 -110026.487525
159.760065 162.670064 8.459015 8.532248 -108553.431831
156.125418 170.499957 7.675452 7.487539 -110039.018263
157.876861 151.678613 9.842362 6.546317 -110984.258040
151.728243 171.563649 6.513943 8.345524 -110435.338528
161.681944 159.468160 5.925551 7.528155 -109835.751099
151.062383 154.634725 7.819699 8.366869 -109956.586250
163.557350 159.344218 5.368247 5.965943 -110863.658924
157.615202 158.667549 11.884010 6.327639 -108693.046546
155.411477 151.164621 6.354563 8.791174 -110492.816118
155.124725 164.662033 5.814215 9.175434 -108904.129230
162.442131 161.014038 2.314592 8.279126 -111091.620774
161.721559 167.829917 4.193608 9.889174 -110193.689817
150.591046 170.789295 9.644991 5.484592 -111102.887631
152.443444 159.719562 6.804203 9.026600 -108808.156334
144.826095 161.635519 6.454656 7.148394 -110943.328619
159.842008 162.562552 4.278279 7.082191 -110213.071758
154.868562 165.111775 3.358736 8.457489 -110212.136292
149.951654 157.604435 7.697583 6.549151 -110069.461016
146.020859 162.544307 4.766713 8.755053 -110501.586430
160.345232 165.709156 5.009788 8.826061 -109694.630946
151.938154 155.153712 4.533278 6.319121 -110917.490153
159.232373 166.094878 4.624698 5.661865 -110752.911688
156.784106 167.048264 6.626060 5.090207 -110472.794705
159.510649 156.693326 6.417661 6.639289 -110022.023385
150.379865 164.322713 4.978759 7.594957 -109980.074863
153.838088 165.128120 3.973802 5.201726 -110961.742618
158.328781 154.125695 7.333485 6.454550 -110356.376342
159.050583 160.226929 2.305210 9.354698 -110728.181312
162.999083 160.274174 8.994893 7.547820 -109607.094295
144.344681 162.431541 7.270499 7.792190 -110902.050939
163.194044 161.410992 5.051202 5.587235 -110959.087969
152.235899 161.515228 7.085406 9.114572 -108646.710546
164.849143 160.578321 7.640792 6.994463 -110415.711942
161.111442 153.535545 8.145455 8.043238 -110373.111788
160.978690 160.200707 5.535450 6.337323 -110212.205816
156.928364 161.319222 7.036186 6.252488 -109310.549905
151.908751 158.378779 8.145271 6.570459 -109468.732222
152.681340 163.035243 5.149458 6.289329 -110057.784566
151.816787 160.785657 6.337843 9.133610 -108927.293237
145.061638 164.732149 6.702555 7.317131 -110872.717173
152.185664 152.332598 6.418259 7.591049 -110701.962573
160.971692 167.987225 5.725585 6.478817 -110571.263986
152.484456 159.663935 7.807894 7.047924 -109067.860168
155.703934 156.039898 6.540311 7.388717 -109645.238219
163.582829 159.829448 6.767539 8.755072 -109754.728595
163.741002 155.135502 5.661821 9.979382 -110295.811605
161.235650 159.377184 9.427871 3.982845 -110837.254653
154.000835 158.564653 8.308600 6.196594 -109305.455801
150.279967 159.053725 7.709980 7.840487 -109336.604342
151.279116 158.022635 7.131843 5.835819 -110160.112405
163.524045 160.788754 8.186200 5.127334 -110746.788268
164.984444 163.783981 7.120685 5.741926 -110982.646894
159.269094 169.132454 3.323034 9.153095 -110587.274399
160.926558 157.909942 4.926993 7.591482 -110137.904813
156.475730 153.609338 6.732011 5.325927 -110943.370548
149.652223 162.020307 8.460257 5.813810 -109889.358824
147.758350 166.163795 6.764596 9.977028 -109823.511076
163.743321 155.942865 9.472146 9.934415 -110504.836053
145.151372 163.805960 7.598527 9.091416 -110477.265671
149.924217 159.888443 6.730377 5.895782 -110226.091050
150.651166 160.263049 6.500167 9.172575 -109104.306142
159.587562 158.672823 8.891630 4.904498 -110118.271097
154.747829 168.750291 6.457619 8.128871 -109594.905984
158.234405 156.966001 5.345178 8.751857 -109541.327211
149.034821 159.736212 7.048352 4.958356 -110773.881948
163.298355 156.548287 10.894716 5.718316 -110751.770178
161.778347 159.063007 7.507397 5.884887 -110172.517883
158.739613 159.584455 7.554404 7.508849 -108920.667695
159.416615 167.383035 5.735531 7.555685 -109904.554908
160.327011 154.292536 2.986787 7.932721 -111077.637097
151.861095 151.256504 6.915523 7.676456 -110958.058334
153.917408 167.763267 7.963496 7.978497 -109152.879333
145.213641 158.449371 8.792048 9.231177 -110802.475493
150.996067 160.973950 11.015807 6.902410 -108837.717828
153.939089 156.558467 10.679765 4.329480 -110482.044909
157.681540 169.325089 6.730359 8.617554 -109637.925373
148.184815 156.012068 7.341989 6.230211 -110895.873515
156.649528 159.108047 6.889930 6.621186 -109329.437936
155.370112 151.601980 4.123187 9.618186 -110551.521380
148.172847 159.382912 6.514266 7.529545 -110089.714909
148.054785 168.577218 6.547761 7.543593 -110539.703253
153.651560 158.573133 2.744096 7.655322 -110784.146851
147.386099 163.033571 6.253756 5.066687 -111044.540273
161.384206 159.690842 5.328993 7.188076 -110052.224084
145.833299 165.345197 4.818598 7.613044 -110875.767480
154.536577 169.257708 7.425699 5.115720 -110700.049107
158.283421 166.778143 5.415850 6.065873 -110352.210593
158.235963 160.265339 4.000217 5.487477 -110798.698786
159.379668 164.338624 4.489937 4.824128 -111039.113521
155.297854 163.765715 8.270091 8.176854 -108295.337628
161.986908 163.538870 6.421086 9.587526 -109278.948462
161.526094 160.894817 5.123042 9.048481 -109602.649434
154.882868 169.299321 4.855779 6.534323 -110617.309891
161.757644 169.571272 8.511245 7.110827 -110520.129465
150.864190 152.326319 4.367070 8.648097 -110823.554896
148.630405 151.903807 6.213157 8.743001 -110958.314271
153.323076 162.522300 5.231250 5.478214 -110341.440779
146.499616 164.434295 5.960140 7.605582 -110488.879560
151.632527 157.412338 6.571511 7.453816 -109679.389296
156.482655 155.379520 8.051568 5.797192 -110139.520824
163.407230 164.412565 4.275810 6.031343 -111079.419607
154.909414 169.376765 5.403120 7.572050 -110143.200598
151.668491 164.735001 7.413545 7.580025 -109101.345823
156.238770 152.436836 4.889689 6.314579 -111105.383793
153.440796 163.937737 7.832392 5.177470 -109846.854810
159.002065 161.569542 3.689898 7.641653 -110241.703798
151.018874 156.296326 4.953607 7.481164 -110352.173504
154.251633 155.715508 4.019838 7.449699 -110505.275657
151.326600 156.476857 9.620896 8.919520 -109356.537593
144.421466 157.378840 7.607542 9.078021 -111023.777290
157.569805 156.680202 4.018366 7.508573 -110361.567648
152.866288 162.293408 5.807438 5.132419 -110373.476788
150.395138 160.758412 6.173934 5.540698 -110379.272347
154.992061 157.888110 4.257520 7.933336 -109987.147655
145.915429 164.767361 4.151333 7.397287 -111025.680927
146.246634 167.941633 6.820061 7.281586 -110887.564188
159.060786 155.952395 8.485617 6.373924 -109848.340274
146.404884 156.149096 6.622839 8.771626 -110622.687416
159.109178 157.535845 4.444686 5.571972 -110833.406427
155.965329 156.136089 6.167653 5.771739 -110355.509484
157.466925 157.076386 4.234865 6.168746 -110648.324042
159.304327 156.960414 8.560414 4.304716 -110709.486744
162.850731 159.631858 8.422283 7.610603 -109636.714078
148.953312 164.284990 6.495661 5.126698 -110754.139008
155.080896 162.596429 7.633566 9.860977 -108240.930866
155.971079 161.822568 5.755189 8.563607 -108918.326987
162.900495 164.278569 4.920860 6.722034 -110594.979453
158.856047 162.711122 6.007450 7.122792 -109432.451738
149.617682 161.473274 2.795618 6.896056 -111085.941210
159.564706 161.419811 8.904022 7.130342 -108767.167810
155.835792 164.655000 7.051250 4.532690 -110426.552332
158.387070 157.617391 3.215146 7.352492 -110695.091476
154.729732 151.916701 5.874035 7.924187 -110596.900752
159.441791 165.655585 6.722278 7.008360 -109571.346941
156.831771 156.061629 5.167175 7.295378 -110071.144813
149.897319 161.467258 6.950092 7.781437 -109388.275247
147.930264 158.017460 5.315459 6.504027 -110828.848275
154.691474 159.534931 5.062097 7.317203 -109677.310775
150.672086 156.968984 5.394530 5.576803 -110865.182027
152.244172 168.750550 4.759855 6.097286 -110823.985625
150.070313 169.451443 7.625092 8.124095 -110103.176801
148.569212 162.128271 2.436305 9.091378 -110933.302179
153.070331 160.767749 7.478729 5.895804 -109507.912285
158.132271 163.216700 4.969964 4.960808 -110711.004792
152.193510 168.261002 3.612547 9.244442 -110324.569316
158.643329 157.444628 6.489905 7.416481 -109511.788235
165.932694 158.123839 9.310919 8.042100 -110811.229500
164.958909 159.453089 6.226200 8.826500 -110190.849692
164.183032 161.976052 5.796977 6.194334 -110755.918722
147.906608 152.943278 7.355727 8.689176 -110926.745555
166.098960 158.847491 4.262934 9.369889 -110701.259858
158.967843 151.298985 7.379182 7.478867 -110867.268686
150.736726 159.687290 4.768361 8.724702 -109752.558206
150.680867 167.319097 7.219776 4.881711 -110816.552457
164.491666 155.154945 7.181440 7.533828 -110836.026627
155.970569 167.468318 6.299209 5.063937 -110599.195479
163.350014 166.195600 4.749950 6.048437 -111069.800156
149.941523 158.557170 7.145211 6.823314 -109906.011832
155.240693 167.634664 7.065474 4.744526 -110647.832228
155.129213 169.734390 6.422511 7.302523 -110065.186718
147.950286 163.295332 5.291807 9.015460 -109930.237134
145.317085 162.497708 9.773546 6.464929 -110939.843482
153.221554 154.377437 3.523086 7.372097 -110926.355546
148.851228 159.931688 5.828965 7.900767 -109930.304352
154.146321 165.927376 3.281226 6.118227 -110929.937070
150.274602 169.763206 7.225565 9.691102 -109953.193261
163.572778 165.192731 5.058147 8.325300 -110269.766315
150.360047 156.048734 6.192670 6.262012 -110623.334429
160.953524 158.685588 4.721200 6.002493 -110666.793167
162.202171 167.945886 7.345922 7.347034 -110231.962465
151.271484 164.812537 6.570159 6.061960 -109977.715796
163.281415 157.110229 3.418099 8.115662 -110888.745340
152.636732 159.542959 4.428217 5.309159 -110801.416652
154.415549 170.538709 6.988332 5.424138 -110888.879576
159.287931 158.586138 5.385168 5.675973 -110437.434690
163.136566 159.742004 4.908885 5.785800 -110941.329785
162.803298 157.881598 6.384912 5.811089 -110705.252617
162.457992 162.861904 9.185472 6.403121 -109772.910213
156.128899 155.994011 8.491411 4.305229 -110737.665614
146.391265 163.044855 7.524853 9.039306 -110042.656732
153.092861 161.248134 3.933145 8.344718 -109911.174965
151.368167 166.359085 8.536118 5.899659 -109842.930949
152.391702 150.830301 3.468940 8.903405 -111090.047213
159.436748 156.030576 8.400696 4.120714 -110975.342361
154.138065 154.044164 4.310278 6.179321 -111050.847779
157.384549 166.222657 4.915795 5.484310 -110637.146040
161.174973 168.692471 4.951715 9.318649 -110121.223315
156.052761 171.944710 7.424619 5.958594 -110963.915321
157.373025 163.448868 9.968080 3.827756 -110420.218076
162.078584 158.986622 7.935241 7.048440 -109713.416212
158.199917 154.266821 6.926524 6.901107 -110215.130577
148.344725 159.859231 5.429576 5.075178 -111096.629392
147.044576 158.270346 4.179575 7.555435 -110900.841018
145.802002 157.316607 6.741203 8.542038 -110660.169200
150.345046 155.998384 5.369869 6.083350 -110853.483404
166.324457 168.045960 7.446865 9.118150 -110961.126262
147.287820 166.927924 9.434118 5.129672 -111063.883639
157.525095 164.027485 7.322492 7.883503 -108702.412230
153.418984 162.162200 6.642606 6.367611 -109437.730942
158.445001 161.659154 6.810025 7.597574 -108944.606062
155.614501 161.178190 6.587844 4.804859 -110250.731059
143.348243 160.705410 3.668129 9.539644 -111109.294231
160.681813 160.243515 5.802604 6.271063 -110115.869450
157.498695 159.010444 5.164222 4.674667 -110829.782879
161.036926 156.618726 6.420959 6.349546 -110346.716047
165.786002 157.527669 5.650876 6.937147 -111066.633462
161.810971 163.810774 8.298413 7.158635 -109466.370589
153.281183 172.934026 9.042071 7.154885 -110996.028328
148.684366 158.625885 7.623551 8.542929 -109652.231201
151.013970 152.280573 7.357752 7.739686 -110770.307665
145.515522 160.231428 7.579592 6.705975 -110873.631229
152.198820 171.823300 6.955621 8.042284 -110497.753878
161.934941 162.592709 5.288135 6.258455 -110440.526050
160.438348 158.374848 8.207356 6.639592 -109531.140209
166.090111 157.018538 5.815094 8.773778 -110741.329032
154.968896 174.075411 6.636247 8.325434 -110958.358745
164.612883 159.049534 6.145710 6.498948 -110767.208800
162.013432 162.308568 5.238955 6.192152 -110488.242806
147.845549 162.742558 5.954318 7.280155 -110213.558414
165.733571 163.049429 4.556068 8.447320 -110675.223149
157.299171 161.811803 4.573668 6.683859 -110030.702855
158.672322 171.105327 5.533076 6.675402 -110862.915732
147.175384 164.585689 5.205831 7.759445 -110448.958907
160.724572 161.216782 3.652484 5.718675 -110997.907830
160.748420 167.622672 9.110528 6.328627 -110045.194762
153.220301 162.790475 6.413429 7.798512 -108992.915877
145.429916 161.010452 5.431067 9.552901 -110383.832005
154.718368 168.454429 6.891632 6.395410 -110021.439421
162.942257 155.746822 4.837687 6.723227 -110942.148070
158.819469 167.735371 5.539548 5.621074 -110678.586973
146.692736 164.881161 7.852227 7.942492 -110209.370554
151.842731 169.796903 4.741185 6.295737 -110941.552982
155.720248 154.905486 6.195084 7.448830 -109956.027124
161.531875 155.516682 6.869459 6.677705 -110421.951802
151.248883 169.453041 5.975614 7.155303 -110392.653103
153.119393 153.567616 6.201805 6.637196 -110665.565003
159.764824 155.260288 6.562266 8.276761 -109802.404689
165.118215 161.802108 4.872559 7.603493 -110679.003730
152.787842 155.615239 9.916294 7.794331 -109457.479705
158.038201 157.826642 9.427201 4.379917 -110321.518814
151.195785 155.512522 8.438303 8.256730 -109699.053794
154.688613 155.815699 4.307918 9.403200 -109895.375634
152.623246 155.772660 3.768238 6.928731 -110820.589969
156.075799 158.857338 3.295387 5.665418 -111006.079123
151.704517 166.738108 4.466565 8.051433 -110093.915953
146.960991 157.521805 9.675975 9.485625 -110488.998639
159.623474 158.802470 6.553515 5.735589 -110112.730439
149.733603 162.756712 5.904052 8.527422 -109492.856718
155.688455 158.382175 4.630950 7.150790 -109995.971267
150.700361 153.281568 5.380734 8.194870 -110606.475203
