122.824345 21.002082 7.204200 7.674008 -111228.407868
40.367475 88.879905 11.503455 9.812071 -107721.286860
81.134011 67.256342 11.503455 9.812071 -107721.286860
60.323363 78.164371 11.503455 9.812071 -107721.286860
159.300627 134.514009 11.023432 8.586723 -111130.616300
166.317851 120.855684 11.023432 8.586723 -111130.616300
185.161934 87.336265 3.101139 3.707583 -113020.620283
162.000464 13.660319 6.497342 5.178984 -112172.646217
139.232549 158.452558 3.004424 4.660027 -113135.450633
32.570129 184.043540 2.229911 5.553258 -113080.792661
