31.820113 189.344579 2.137988 4.896542 -113135.797323
30.180689 182.890604 5.237575 2.575303 -113086.687973
34.059219 181.519842 2.229911 5.553258 -113080.792661
34.164361 189.450032 1.261867 4.678229 -113158.337441
34.429907 184.269920 2.165701 5.135936 -113093.282721
27.422138 187.722162 2.090399 4.741277 -113121.460467
36.134828 180.785367 1.386738 3.330403 -113160.239039
32.307831 178.874316 2.430005 8.887428 -113131.437418
28.018649 187.348804 1.478148 3.181704 -113158.124534
34.640950 191.550773 2.265956 5.364650 -113185.224449
35.170921 184.481849 5.454067 1.757055 -113175.810657
31.794482 188.000579 2.533965 4.523204 -113115.033440
33.960209 181.750435 4.814104 5.712940 -113151.158609
32.911247 183.262711 6.705028 4.306852 -113138.113308
35.380167 189.588671 1.878062 5.867924 -113155.054816
29.033425 179.486636 4.570389 4.497957 -113091.392985
35.663895 180.836273 1.719343 7.715653 -113115.477354
32.333403 186.754052 3.348130 2.411984 -113145.602610
31.556825 188.950446 4.543699 4.646816 -113180.197726
29.811437 176.588508 1.124187 4.582611 -113146.468911
34.180265 175.610287 2.109506 8.939264 -113168.980547
26.279269 187.006107 5.163341 3.828152 -113173.179037
35.386422 178.841353 2.543736 4.296342 -113132.341382
35.042440 182.130656 5.889802 3.939747 -113155.526136
