60.449349 114.911738 3.796419 5.081309 -108862.954374
60.137207 114.067088 4.226020 4.005417 -108859.932697
59.675715 113.356040 3.169528 5.265546 -108862.960932
61.351731 111.747463 3.663423 4.752777 -108870.163665
59.894586 114.719452 3.761686 4.449122 -108866.136527
60.338541 111.587492 3.841213 5.251223 -108868.878657
59.287245 114.190355 4.124041 4.920973 -108861.995508
62.372146 113.771185 4.305431 4.324781 -108868.098715
61.590992 114.588314 5.360436 3.832966 -108865.805675
59.299638 113.645751 3.381886 4.789546 -108864.949450
61.827109 114.436780 3.882252 4.166838 -108869.448317
60.202175 114.086155 4.267324 5.410190 -108864.712062
