112.585064 69.651170 1.749525 7.144657 -103694.372320
112.827575 75.078561 2.113749 7.260061 -103739.584978
107.309718 74.939854 3.720557 6.597883 -103661.203757
109.805292 75.586664 3.612923 5.095314 -103737.347536
103.075592 68.380986 3.185507 3.963901 -103702.780069
103.406450 67.889082 3.825211 7.471499 -103604.271642
113.213625 68.907960 3.386572 7.070318 -103672.257473
104.534327 70.768497 5.351753 5.552795 -103584.146841
105.248256 69.871534 1.904243 9.204008 -103618.133392
110.362088 69.736305 3.860386 6.163663 -103591.482825
111.860127 74.604058 3.371448 7.040361 -103718.848620
104.102193 67.195221 2.197348 4.825703 -103695.782386
108.179171 70.582272 3.415563 4.764235 -103617.950225
99.233915 66.898621 3.638273 5.790610 -103751.820139
114.694914 70.513330 3.422031 7.065197 -103734.358701
99.723451 68.361526 3.535919 6.800446 -103709.534693
107.934454 71.461497 4.685682 3.496560 -103681.039923
102.736895 72.880629 3.668518 4.474690 -103704.606034
102.406752 71.632160 5.436404 4.950651 -103679.013272
106.031086 76.130631 2.848525 4.759300 -103749.825557
101.649224 68.833317 3.025582 5.233711 -103673.432316
107.247235 73.890138 4.352738 7.247954 -103656.494368
107.592525 66.459534 5.576349 4.278952 -103620.110398
103.130413 71.634205 4.406374 4.933936 -103641.010698
107.483370 75.353696 5.022580 4.586338 -103732.829222
115.163479 69.983831 3.588036 6.701412 -103757.291990
104.333454 63.674410 2.994194 4.221651 -103744.719040
100.240462 73.112254 2.588420 5.009664 -103760.815037
102.931443 63.955005 3.045147 6.247151 -103692.593157
111.319287 69.548810 3.027732 5.056665 -103671.319749
104.138556 70.339762 3.640428 8.718646 -103630.204454
100.995488 70.201956 1.968011 5.753918 -103717.538769
103.406522 74.869325 3.908593 5.792305 -103700.387401
103.268728 70.345234 1.214278 6.635505 -103726.881599
113.608276 65.075696 2.755577 5.648250 -103751.882503
112.224196 71.181227 2.125513 6.851131 -103678.452867
114.144224 66.243027 3.632411 8.386898 -103757.956423
101.506044 69.206544 2.914240 6.794774 -103639.287005
101.898245 66.843851 5.770849 3.834528 -103730.653170
103.024334 70.015403 3.924717 3.067073 -103754.376566
106.614525 72.387279 5.553640 5.486177 -103607.330881
114.213839 71.275124 1.487708 6.476748 -103760.784708
112.142936 66.284777 3.711961 5.135095 -103705.225063
106.930399 69.922789 3.449828 5.980046 -103553.378884
101.888912 64.829568 1.810036 5.587736 -103747.627667
103.993013 62.785371 2.303325 7.558777 -103703.346079
110.433220 68.690838 3.886292 3.472877 -103720.910540
102.082792 73.642431 4.219827 6.698756 -103703.497819
101.353276 67.235329 2.738876 3.951206 -103756.769583
116.312095 63.400491 2.063116 9.100617 -103763.520521
104.062330 68.681677 3.044479 4.610097 -103651.277711
99.231720 67.068029 2.254950 5.950067 -103747.432430
106.001173 65.737060 2.769322 5.719997 -103631.462279
110.785561 71.779551 3.212417 6.857410 -103620.815246
104.117889 70.459748 1.619840 5.849248 -103698.024439
110.974644 70.986892 5.920851 4.205158 -103699.455641
112.458097 67.060987 3.226028 5.451396 -103694.501114
102.520273 71.088146 5.836149 5.613432 -103682.071086
106.725991 69.622372 4.010386 6.083487 -103536.371117
107.341462 71.577005 2.222866 3.805681 -103740.925884
100.422808 64.205284 3.610189 5.636726 -103764.891085
99.212754 70.845580 3.961741 5.672130 -103751.002474
109.465771 72.119865 4.409185 4.805841 -103636.293445
113.429856 70.613984 2.656703 6.096995 -103703.028118
110.646702 73.367734 4.815663 5.122359 -103695.151432
114.223523 66.535295 3.871222 7.494229 -103755.704307
104.553965 68.015010 6.942354 2.926290 -103707.261406
113.386455 69.736401 2.994492 6.130726 -103691.479644
102.326344 67.597859 6.010127 5.926356 -103713.482812
108.927847 66.780700 7.317506 3.257431 -103699.055452
114.311536 66.534092 2.460638 8.329793 -103698.588524
108.426474 74.357336 4.108614 3.679819 -103739.353006
112.040616 67.342076 2.904517 5.248977 -103694.860161
106.437033 70.677692 2.324139 7.097233 -103594.195058
101.629475 76.069537 2.327653 5.941829 -103762.427443
106.784814 75.834904 5.250050 4.688600 -103758.153425
107.084419 69.008670 2.815952 3.842976 -103692.331593
106.627247 62.916419 2.029155 4.818388 -103760.325314
104.625712 72.410750 3.146894 4.823950 -103657.940391
101.901293 63.838759 4.003859 4.699188 -103755.483071
105.236440 63.466253 5.594017 4.367225 -103741.241227
102.361921 71.347118 3.206804 4.357667 -103705.800413
105.469026 72.030133 2.487953 5.056082 -103665.156475
112.876515 70.282249 4.058832 5.530444 -103694.022100
111.479860 68.968868 4.123223 6.926205 -103631.408116
104.050244 72.341347 3.852725 5.403316 -103621.032647
107.307706 70.684384 3.634007 6.151386 -103551.858591
111.915491 69.151807 4.139089 4.509183 -103694.702038
108.763208 74.153538 3.688156 3.776652 -103737.728587
99.442315 69.925005 4.587747 5.793081 -103758.521255
100.759000 68.989816 2.023653 4.608386 -103760.031254
110.641313 68.921963 3.278973 5.418817 -103630.469695
108.506280 66.526848 2.464507 7.175266 -103605.896361
113.474214 64.553010 2.087375 6.379443 -103745.755223
107.947361 72.994614 2.834820 4.282002 -103703.186004
104.755425 71.333976 3.910028 6.497880 -103568.570556
106.331576 66.544647 3.281609 4.381029 -103652.256579
105.292882 65.449768 1.987009 8.545193 -103641.033976
110.695832 71.624525 2.917838 6.395302 -103629.081850
106.151246 63.416333 3.474960 7.155283 -103668.496484
101.000991 67.431297 5.452911 4.607946 -103732.287004
104.781502 72.110185 5.046660 5.606565 -103602.653291
104.593848 61.101857 2.629842 6.836148 -103754.510913
103.488597 67.548220 2.239096 7.157303 -103627.532567
106.340132 69.632702 4.157006 4.634429 -103583.997742
107.126368 73.404699 4.371056 5.023187 -103634.042735
107.481616 65.906502 1.755695 7.826686 -103649.826093
102.172923 70.393020 2.414991 5.339025 -103685.420543
101.513613 69.299490 2.510594 6.845753 -103649.634145
109.463236 68.292442 7.394893 2.743730 -103731.539216
103.618300 67.354179 2.701586 4.083304 -103710.983895
108.315614 74.243543 2.522960 5.122542 -103702.767789
102.894355 70.664372 5.018184 4.276777 -103663.342930
106.055429 74.515721 1.858663 4.585259 -103758.873179
111.524163 70.375697 3.623310 4.641559 -103684.839172
107.633631 74.892696 4.614271 6.335547 -103692.128382
112.442819 65.538569 2.381671 5.018423 -103750.815461
106.395438 66.618424 2.788123 4.966348 -103644.416526
106.670240 65.200500 7.336844 3.717092 -103704.969111
103.294205 70.316721 2.057609 4.303909 -103735.698576
114.090752 70.740217 3.221312 5.210412 -103744.663655
109.387964 76.271066 2.507116 5.312421 -103754.970829
103.327503 68.618719 1.201856 5.217775 -103762.581777
103.809611 73.839216 3.143109 4.715926 -103704.064620
114.854078 66.203015 2.849181 6.940552 -103737.478975
108.229394 68.303392 2.933717 4.501315 -103652.415387
100.557259 69.008302 5.145177 5.014144 -103726.646207
110.267358 70.743504 2.004339 5.097871 -103706.932198
99.814873 74.379231 3.134827 6.613013 -103755.370021
111.563333 73.224448 3.193044 5.692839 -103690.681239
103.619281 69.271424 4.425323 5.942372 -103578.355168
107.477109 65.087827 5.082458 2.980643 -103732.274725
111.822666 65.983551 2.399525 5.485229 -103713.379584
103.351620 75.567478 1.928536 8.246079 -103699.899889
101.698926 71.743078 3.218030 4.974545 -103695.115607
104.544450 65.274521 2.943388 3.854113 -103728.611374
112.832789 72.466364 3.376237 6.403620 -103696.954913
106.728693 75.879924 1.792234 7.963829 -103698.466458
102.379742 75.020585 2.768955 6.579283 -103704.560405
107.156357 65.347464 3.395514 4.790014 -103652.168957
105.347380 66.848740 1.484042 7.152742 -103680.288107
112.485107 69.145546 4.077869 3.987402 -103741.520931
101.705976 65.713175 1.652771 6.779076 -103719.888721
109.764619 71.351331 1.925440 5.724242 -103686.322983
115.247766 71.413218 2.371531 7.008737 -103742.000525
104.229693 70.108414 5.452163 6.203865 -103601.928358
112.301351 64.255907 4.024583 6.948795 -103741.705371
104.644127 64.316912 5.122494 4.990482 -103687.572788
106.341127 71.530679 3.248547 3.336572 -103727.573235
102.918344 68.597698 2.127859 5.575207 -103678.114162
111.455616 71.567875 4.203354 3.568391 -103749.755792
107.806178 71.723142 5.049820 5.515417 -103580.405051
108.483584 74.002464 3.046347 3.580063 -103757.456605
110.390771 71.603640 2.494190 9.636037 -103632.712483
105.643969 66.150382 4.219413 6.586025 -103587.132963
107.121159 74.388031 4.438282 6.926924 -103670.575936
113.855641 70.208024 3.235657 6.363503 -103703.435155
100.211790 67.639512 4.599716 6.184068 -103735.048569
110.308326 65.213760 5.361900 5.835396 -103706.009651
109.635734 69.334039 2.568951 5.963290 -103621.833560
111.397221 76.133929 1.803083 6.567222 -103760.819390
104.723214 74.501970 2.822574 6.728732 -103653.486273
114.540307 69.631645 4.097302 6.240654 -103753.975718
106.602390 72.793363 4.480223 4.892385 -103618.510750
107.376115 71.770358 1.500446 4.420238 -103759.093611
105.211627 71.131405 4.341383 4.444408 -103615.222311
109.797987 69.878511 3.881427 8.252392 -103618.574769
106.904133 66.589074 2.614933 3.887825 -103711.904595
104.260454 69.846896 3.762928 4.638391 -103619.481493
110.290652 74.961405 3.885305 4.833638 -103733.824503
110.685347 69.417505 4.082928 5.690888 -103608.449632
111.340313 75.294154 1.455863 7.955939 -103736.562221
102.804366 68.991258 3.378925 3.850001 -103708.996741
107.713316 68.344185 5.740191 2.937699 -103686.180683
110.692962 69.241090 3.904890 5.754743 -103607.839409
113.964734 65.398119 2.032755 7.170529 -103726.155313
106.655913 70.788735 1.717370 4.186623 -103746.353132
109.621821 69.498868 4.693727 6.305111 -103581.066660
111.221878 64.430550 3.850614 7.944224 -103716.709685
110.113017 68.698606 4.087840 5.210155 -103607.959033
104.323396 72.324371 5.033875 4.108260 -103667.212027
101.995675 71.779210 3.119492 5.202889 -103680.514402
107.939184 68.422373 3.841021 6.903080 -103546.325655
107.287693 68.154754 3.242077 5.199732 -103593.908610
111.090100 71.723350 4.016020 3.955632 -103719.585333
102.764899 66.939813 2.185343 4.408853 -103734.744600
102.236738 68.121494 6.482981 4.074937 -103708.250623
98.349522 69.185513 2.367175 7.846650 -103734.750714
109.270100 69.910794 2.991613 3.338299 -103739.095473
99.245766 70.666979 2.373735 9.813003 -103733.674703
101.263227 74.241743 4.200943 6.012889 -103744.518398
106.503525 68.149728 3.011581 5.952690 -103575.857361
103.886928 67.664704 7.859119 3.133311 -103721.058384
102.945422 75.479223 2.708584 5.361903 -103739.828050
