100.420009 61.502182 3.582690 3.171111 -108932.322948
100.825147 62.631493 1.289209 5.658135 -108925.083065
98.076031 62.965111 1.749716 6.845058 -108933.702470
99.671541 59.557100 2.308231 1.919874 -108913.855016
97.466076 62.658097 2.268358 4.678507 -108934.537370
98.239656 59.931955 2.905380 2.894924 -108907.195071
96.534396 58.440341 2.379809 4.457184 -108913.752131
101.213667 66.029668 1.348398 6.571242 -108926.100862
94.568605 57.806011 1.096840 5.431708 -108922.927339
97.035710 62.443425 1.846267 3.364156 -108932.987403
98.322968 64.961812 1.138304 7.045672 -108920.679120
103.701375 62.885282 1.244754 6.812167 -108929.112895
97.415633 57.723614 1.864641 3.974853 -108904.485479
98.802360 56.163481 2.071252 3.683796 -108903.225788
99.028366 59.133046 4.650264 3.523228 -108920.131030
99.860684 63.242116 1.363632 3.573144 -108934.218506
94.454238 58.880307 1.627153 2.926012 -108928.360800
99.190986 59.685087 5.051222 1.867789 -108910.607024
98.824770 58.318512 1.786630 3.897306 -108899.624409
