111.017759 93.562697 8.408064 8.370410 -98556.260801
118.190273 67.923070 8.408064 8.370410 -98556.260801
29.176990 68.258127 3.542774 6.832743 -100483.443668
5.754449 40.830551 7.417476 3.071782 -100555.342991
78.567614 64.423009 1.362830 4.972244 -100842.720499
80.050028 137.785135 1.811121 8.805377 -100762.742335
88.714137 132.394470 1.811121 8.805377 -100762.742335
41.734052 188.985820 1.894933 2.761324 -100829.588293
57.572308 191.062087 4.483634 1.247883 -100839.422406
57.774013 36.722107 2.996824 1.740297 -100848.365632
71.353896 62.447763 3.528279 1.966288 -100851.053225
15.838798 37.037875 1.828519 7.304851 -100839.541884
