14.655095 159.309823 2.552145 8.845691 -112453.470008
14.633323 159.309064 2.551146 8.841995 -112453.364660
14.671191 159.314469 2.537443 8.833377 -112454.297637
14.653637 159.329928 2.547768 8.839907 -112452.774120
14.648679 159.303517 2.548661 8.838984 -112454.126376
14.656415 159.316966 2.547435 8.846791 -112453.020183
14.648243 159.304996 2.559268 8.840191 -112454.021070
14.645109 159.315968 2.550366 8.828553 -112454.146094
14.636252 159.320112 2.566374 8.838765 -112453.156378
14.650755 159.313530 2.562780 8.844827 -112453.321958
14.641116 159.315231 2.572168 8.845038 -112453.105613
14.647714 159.305350 2.556164 8.849530 -112453.326648
14.628623 159.298274 2.553341 8.862322 -112452.445965
