168.293975 5.810256 4.100137 4.368447 -100559.388690
163.880687 6.987544 2.040456 6.411926 -100536.650298
161.690312 4.181908 3.031435 2.137493 -100532.067627
158.505943 1.404475 2.722358 7.743152 -100516.818367
163.069593 1.790071 3.987572 3.261932 -100394.050691
163.419627 4.525647 1.395674 2.572429 -100533.606967
166.056359 1.987994 5.307887 1.102103 -100489.369902
166.274252 0.415503 2.108092 1.598449 -100511.016595
165.032530 5.539518 1.745604 4.921359 -100502.936403
168.760566 2.549560 6.526810 3.648947 -100452.656712
167.462364 0.940361 5.174417 1.444201 -100454.963507
161.253645 0.881442 2.739624 6.336107 -100448.789998
168.651053 3.247184 1.777394 7.255169 -100490.569381
163.733087 5.159915 3.226340 2.171320 -100529.691203
162.868132 4.774496 5.698222 3.801560 -100516.344217
162.097845 3.869868 1.327507 5.529674 -100501.451910
160.456826 6.766979 2.127713 3.823705 -100563.866892
159.220804 3.283389 3.271976 2.447494 -100556.858252
169.568365 1.523549 10.549316 1.682675 -100512.865100
163.938625 0.142032 5.130552 4.791132 -100333.792828
158.996443 2.752842 1.884125 3.799034 -100533.774933
160.351955 2.332988 2.137309 6.220372 -100483.690288
166.646550 0.438548 5.891987 5.400204 -100369.211708
166.820328 0.684016 3.506819 2.901607 -100397.783018
164.362700 1.157730 8.826053 1.697150 -100365.673413
