179.920232 158.890594 5.314781 5.674076 -110393.681977
186.374407 156.073239 1.577791 8.865621 -110364.098642
189.458461 154.949153 1.099078 8.102951 -110403.676896
179.327864 162.167176 1.571772 7.027024 -110311.056030
179.739766 161.534765 3.053279 5.704407 -110287.271186
183.512955 158.333555 1.067372 9.007197 -110346.001067
184.315421 155.756732 1.927341 7.442507 -110358.069212
184.795924 159.056260 3.574242 6.911601 -110370.673271
174.913677 156.374532 2.452771 5.938575 -110376.415773
184.578034 162.015072 3.060195 4.374715 -110358.184583
175.120100 156.921469 2.475548 6.976471 -110360.407068
180.245674 162.365140 2.258868 3.157225 -110384.004731
174.853611 165.206164 1.489432 5.767773 -110369.974755
173.928062 162.945260 2.436545 4.530589 -110384.619498
179.459210 162.566950 3.852176 4.486054 -110309.997325
177.368857 160.986093 3.922131 7.349724 -110359.012372
182.702467 159.568092 4.375203 6.852699 -110386.757493
172.182389 160.800691 2.417197 6.372975 -110384.464172
174.003259 159.495274 1.572472 9.260790 -110338.888614
