192.029503 50.282222 6.405716 2.586418 -108794.983710
192.375592 44.556058 4.700133 4.665574 -108733.228017
185.037963 47.260483 5.859347 3.942058 -108743.025954
184.806208 49.571940 7.691767 5.917950 -108856.786222
186.579502 42.479116 5.436767 5.581185 -108833.721055
191.285597 45.815667 5.137997 6.471330 -108661.153734
184.707859 48.328966 4.252083 6.462249 -108628.111597
191.484275 51.021847 8.959669 5.128793 -108841.035751
191.136133 52.372250 2.581229 5.874903 -108645.490626
184.888630 46.818969 2.692006 7.026897 -108644.687222
189.348742 47.944773 8.169478 5.589383 -108777.608551
189.129004 48.944178 3.887805 9.068093 -108596.410632
185.963601 42.062908 5.136177 5.886068 -108852.445021
192.949899 51.617459 6.749541 2.919896 -108790.995385
184.798443 47.966419 4.940341 4.979528 -108676.209651
186.433096 45.581540 5.228908 2.961690 -108793.637256
182.180806 47.388508 2.537316 4.927289 -108782.386512
191.548928 50.423588 5.512254 4.953716 -108615.953589
193.505113 41.826417 1.605899 6.373382 -108795.353831
183.116081 46.078639 3.220658 8.995064 -108707.017762
193.730590 43.819294 1.313920 4.983521 -108826.921955
194.907777 49.507807 1.779175 8.472189 -108673.638815
186.405783 41.594521 4.858972 6.426478 -108854.144924
182.555967 47.857459 3.051551 6.403662 -108700.183264
195.852466 51.131309 4.686425 5.213100 -108736.571765
188.328280 48.190201 2.945234 6.332667 -108588.067007
184.685970 47.669235 6.831294 5.667468 -108790.802227
192.911812 41.196368 2.254063 9.568583 -108722.987785
185.273106 49.080625 6.063025 5.048440 -108664.891409
183.553873 45.409962 4.102346 4.219340 -108803.742216
192.250524 46.208665 7.726619 3.283939 -108785.029657
183.391091 43.035303 4.257414 6.094622 -108832.509464
194.732162 46.464440 5.786593 4.093782 -108802.645576
185.471803 44.778932 3.539149 4.323210 -108762.352535
196.524227 51.977755 6.445301 6.956562 -108836.923105
190.169698 50.102103 3.094762 4.277123 -108681.112413
182.560096 46.334996 1.601026 7.127787 -108747.642058
192.325053 51.916446 4.304688 3.161962 -108767.149700
195.643956 53.579664 3.789479 5.627287 -108732.373637
194.321856 38.949102 2.329007 8.455191 -108802.369868
194.665437 48.117199 7.107155 4.483342 -108815.897315
186.655092 48.345366 2.438661 8.237424 -108591.204653
193.932590 48.009119 3.131526 6.544873 -108641.353870
192.875597 43.862262 3.194653 7.328190 -108680.918735
194.948177 51.913499 3.375034 2.798278 -108837.021030
190.257237 41.913294 4.348750 4.626475 -108790.278828
193.394555 48.478259 1.682813 8.781390 -108660.003091
187.368459 48.482135 1.644702 4.808637 -108749.725520
188.131243 50.857110 2.565218 3.902180 -108732.507489
193.980466 47.347584 2.692348 4.460547 -108755.253740
190.053632 48.223465 6.931426 5.406242 -108650.894377
185.285080 45.171735 5.530763 5.625669 -108755.989623
186.693638 44.043907 3.960697 5.390944 -108710.297680
184.017674 46.814850 4.609159 4.835333 -108732.812234
190.415672 43.596683 3.227566 8.249001 -108662.302765
192.349937 45.222804 7.655197 4.698222 -108838.403794
187.299347 43.875720 5.150612 4.964556 -108739.983662
192.703538 49.129847 2.891589 5.266674 -108668.569839
184.348743 41.236908 2.258018 4.484715 -108851.647406
189.798626 48.467572 9.886180 2.704957 -108793.042667
179.827474 46.034408 1.448411 6.826153 -108812.530874
