137.657356 91.555067 4.745744 6.361204 -110952.639759
133.889810 92.869349 4.916921 6.118335 -111133.386263
136.017694 97.859290 3.709514 7.402788 -111228.927291
136.198544 87.810626 5.891180 8.820767 -110992.435855
134.025463 88.353293 5.017611 4.467762 -111206.092898
141.621651 85.154312 6.260495 5.051188 -111123.870613
138.575417 82.013450 4.538024 7.171125 -111165.655750
133.856281 86.963600 2.570507 6.412528 -111221.134884
134.802796 90.240937 1.619019 9.794006 -111182.078119
141.486427 90.995487 9.301272 5.080747 -111131.624562
140.970002 85.036159 5.974676 4.725441 -111142.432975
132.640562 84.900034 5.061361 7.155615 -111176.606245
141.274125 89.631423 5.400367 4.100165 -111165.956608
141.901755 85.305057 4.373243 9.341152 -111043.030498
137.867176 86.824697 7.877172 6.803062 -110989.324034
140.551620 87.692103 6.147943 5.402077 -110950.659751
142.528959 88.578988 3.061927 5.442643 -111213.186682
137.685339 86.426337 5.394707 5.128326 -111012.494087
137.774181 90.320667 4.063562 5.087157 -111094.457709
142.238185 89.267003 5.614667 3.939547 -111208.785884
137.733974 85.027411 5.988316 7.853944 -111012.574009
142.683776 87.967136 5.763932 5.244931 -111072.899907
138.851385 89.723381 9.453750 5.769325 -111004.461141
136.183855 92.626536 6.224222 9.371948 -111132.305592
131.875525 86.526589 4.563348 5.981783 -111220.489443
131.777002 89.385810 3.763461 7.014916 -111150.921263
140.809150 84.242043 3.460798 6.024639 -111169.432815
143.342544 85.373670 5.824159 5.348499 -111184.128363
141.136023 87.573089 7.592228 3.570979 -111193.737080
141.626668 88.218744 8.572265 6.570116 -111113.231275
136.124625 90.670796 8.028336 7.285481 -111101.364307
141.599071 87.244227 3.834615 5.845478 -111081.944557
137.010428 89.378774 6.169079 3.628381 -111193.701299
139.502251 88.491350 6.089619 6.852150 -110853.612701
137.626101 95.594548 6.019646 6.656812 -111181.774521
136.536278 91.149166 4.910635 5.024792 -111080.593786
141.421036 94.559699 3.890914 7.242926 -111123.076672
138.633880 92.818420 5.749503 5.799191 -111021.960760
144.441751 94.244444 4.171650 8.206232 -111188.156757
135.085189 86.696820 4.481544 7.046125 -110979.307088
137.756723 93.708006 3.517861 5.389717 -111215.806079
141.764571 93.145618 3.693533 6.140963 -111161.476008
136.655614 90.721846 5.019474 4.943088 -111069.474916
136.958453 90.559392 4.831206 4.779311 -111091.968901
136.760042 84.646441 4.642706 5.942490 -111066.469309
139.066516 91.584068 10.332520 3.776210 -111195.984030
142.433832 89.780785 7.727181 5.571741 -111063.014478
136.607875 88.475374 5.083846 3.678790 -111234.199596
132.314144 85.837241 5.275517 6.832012 -111172.287090
138.243692 90.662247 3.020378 8.660818 -110956.894360
135.011627 92.476389 7.207326 4.354019 -111226.349274
133.177376 92.679410 4.719144 6.579434 -111129.130797
137.286680 89.885788 8.563700 5.974830 -110962.965651
138.561490 92.394304 5.547172 6.256383 -110968.017429
135.061288 94.371350 2.885638 7.100914 -111176.496943
144.229489 89.959552 3.818963 5.428337 -111228.494628
141.448186 85.483450 6.605528 6.343810 -111038.019265
141.678989 90.446531 6.833097 7.283825 -111017.145372
143.610335 91.640828 5.676497 5.769096 -111154.611011
138.911197 87.014458 3.805016 8.855857 -110909.213568
142.496223 92.048536 8.487557 5.454331 -111225.116338
135.152585 85.324185 3.615576 9.245421 -111014.896715
135.814242 91.653491 3.866528 5.475881 -111133.741915
136.793438 90.240694 5.325846 7.956737 -110870.639889
146.219043 90.983066 3.884638 7.552541 -111214.506986
143.913702 94.996999 3.009018 8.451678 -111193.628144
133.850766 88.711431 3.102023 8.571980 -111024.128755
138.501936 86.491067 6.773227 3.736831 -111163.516725
136.454355 91.374268 3.570380 4.834641 -111210.015825
144.516652 87.008559 5.020320 6.508868 -111139.009463
138.417307 82.115851 4.431115 9.858014 -111204.054297
143.820782 87.720643 6.055232 4.464770 -111219.269939
139.716212 94.694888 6.803890 5.377167 -111224.496484
134.075029 91.623326 4.951128 8.712561 -110986.355413
135.367250 86.970518 4.949291 7.005483 -110947.273029
132.434118 91.766429 3.444991 6.657894 -111184.144619
136.330221 89.192949 8.945907 3.514063 -111184.591039
131.540340 94.353554 3.379446 7.317309 -111229.826756
136.069079 93.593173 6.095702 5.807813 -111104.946444
144.807392 85.488263 4.599001 6.211272 -111219.529888
137.101031 92.055548 2.523061 6.031247 -111214.737185
133.978911 89.699122 3.208279 6.377129 -111136.340126
138.111604 95.523471 5.880805 6.115150 -111198.776384
139.427855 90.141837 7.178992 6.123964 -110894.503032
133.102733 86.434608 4.592585 6.820351 -111094.146230
142.450753 88.143282 5.040609 4.613282 -111153.560095
144.548574 91.500046 4.801574 6.479231 -111168.200197
143.067340 98.340651 3.207616 9.727740 -111224.646013
139.372177 91.242957 5.434171 4.498497 -111104.711767
144.085456 86.021398 5.313253 5.820459 -111174.062106
139.592559 90.467201 5.778260 4.037115 -111140.455517
135.587486 86.248570 2.822439 6.647802 -111139.134841
133.118735 87.676981 6.830750 5.653263 -111144.981166
134.925106 96.274656 4.892127 7.271119 -111182.334711
139.715701 91.849918 4.016342 4.350472 -111234.196767
141.396734 85.217617 3.995305 7.432298 -111024.658816
138.454775 85.457380 3.037208 6.389104 -111117.340701
141.813449 89.365492 6.701279 4.186570 -111124.109739
137.197679 92.200210 6.135061 4.524401 -111123.737863
141.499896 86.554035 3.603980 8.769157 -110977.468341
143.543832 89.312354 5.769991 8.655888 -111118.304630
136.094957 86.112819 7.307197 5.651001 -111004.390494
136.813520 90.578547 6.626851 9.440010 -111169.414285
137.195118 93.342210 6.000205 4.731307 -111164.161218
139.305769 85.092679 7.810126 6.928327 -111116.048960
140.759964 83.752540 4.619738 8.043924 -111064.417195
139.973685 90.629217 2.090397 9.669858 -111076.073299
136.778242 88.713014 4.834673 8.993420 -110886.842552
139.200308 90.089181 3.699589 5.815049 -111047.421136
133.973716 87.941077 3.992904 9.180669 -110974.946734
141.898848 88.091414 2.041526 7.172647 -111215.339879
140.835374 92.450405 4.610849 6.564635 -111019.580595
137.669753 91.172901 6.655924 4.889591 -111009.767191
142.092505 92.186130 3.703000 5.147070 -111226.635978
136.111148 96.469985 3.940186 8.757094 -111069.620463
140.873259 91.153538 3.472043 7.211724 -111013.904362
139.320578 88.149023 6.422320 5.544961 -110895.290949
134.644776 89.026771 5.653114 7.616720 -110951.340038
135.057978 85.409011 3.038481 6.493869 -111157.989928
137.434638 90.675937 5.514654 6.438447 -110891.826834
135.100061 92.521736 7.730875 7.244296 -111196.306123
138.821230 88.082021 3.490410 7.498852 -110946.342369
136.680383 91.485464 5.182310 4.807381 -111101.673859
139.695420 87.223610 3.236097 5.063959 -111180.817914
142.029486 91.092641 3.354866 6.045413 -111140.545623
134.429342 90.131123 2.533628 9.984745 -111019.076263
133.090311 87.135937 5.609166 8.076477 -111096.190311
138.729153 88.593447 2.505967 6.100421 -111167.390139
137.549975 88.035946 2.945369 7.572035 -111012.436171
141.371534 93.481499 2.386680 8.434296 -111138.074515
139.177199 88.499094 2.199065 8.766110 -111079.609362
137.399902 89.524483 6.200712 5.378639 -110923.646572
139.113139 88.849266 3.748496 5.040348 -111113.828991
139.704763 84.541081 7.723794 6.835292 -111152.939993
135.787441 88.911947 5.355693 8.096263 -110898.714192
139.765005 82.752224 2.603463 7.893683 -111188.666610
134.057999 86.912063 3.736560 7.106427 -111054.601362
138.798982 93.349776 7.165439 7.716957 -111136.336050
143.545984 92.247327 4.898707 6.484646 -111132.209909
138.181918 85.634574 4.461072 4.199474 -111213.959015
138.108522 85.815860 3.274073 5.440821 -111160.035189
131.614649 91.314086 4.295823 6.438891 -111203.002578
141.307193 91.363669 7.330153 4.778508 -111085.797452
138.419541 90.443394 1.865003 7.283098 -111212.684652
140.306120 91.401093 2.489507 6.258946 -111196.039987
139.862918 94.669078 4.801271 6.580171 -111113.029724
136.520007 87.606283 3.314922 4.901004 -111197.051258
136.070239 94.033228 3.369306 6.614915 -111143.803309
139.291058 91.590949 6.478162 3.602644 -111221.868722
139.408300 87.003626 6.518122 4.866371 -110985.076551
139.218413 97.328241 2.697841 9.722160 -111109.156028
138.134320 82.739928 7.282930 5.848452 -111233.615318
141.575983 92.375250 2.869222 5.812567 -111230.061895
138.693862 91.223563 2.658921 6.752344 -111118.691660
138.604188 84.099838 3.524251 7.442346 -111059.930071
144.622520 94.049483 4.318202 8.484780 -111188.686128
136.785950 88.382650 4.661989 9.016532 -110886.103586
139.460277 82.660434 5.413765 5.210768 -111225.551547
142.674275 88.439505 8.845109 5.184157 -111133.513601
139.980312 89.777260 7.844210 4.959041 -110959.864182
140.339465 88.649202 7.745653 5.906233 -110921.148986
142.897167 96.125964 4.027030 8.705345 -111181.291765
132.584900 87.525680 4.553254 8.723618 -111064.115075
140.791674 91.226480 7.770063 6.484804 -111033.472175
140.812013 87.114908 6.033146 7.094306 -110921.040293
142.991820 87.594630 3.132225 7.289988 -111093.657805
136.515929 94.178754 5.668251 5.086622 -111195.352579
142.066182 91.450790 3.331878 5.327790 -111216.660684
142.713769 88.769543 5.516818 4.149022 -111201.494321
144.997316 85.734445 2.783185 8.298721 -111190.343371
144.896429 88.807248 6.054422 8.229031 -111233.963226
144.875357 88.590434 3.921168 6.671633 -111157.167323
