180.388171 236.363270 4.374737 8.903963 -47367199.570874
180.274177 234.710040 4.498079 9.128575 -47367203.181251
183.624812 241.766956 6.961450 4.957030 -47366932.602613
186.054088 236.306025 4.289042 5.996736 -47367060.807876
183.744887 237.058567 5.110240 5.382505 -47366873.148592
184.169812 239.904707 5.120233 4.143407 -47366882.407606
182.382377 232.764945 6.966446 6.964492 -47367139.628484
188.391814 239.250869 10.351936 5.711420 -47367009.270689
184.383856 235.366067 9.960426 7.356060 -47367233.788989
185.788613 239.996764 4.998253 7.078338 -47367027.395123
