140.200987 89.268482 9.960909 9.731986 -46965667.936990
108.646085 118.875010 9.960909 9.731986 -46965667.936990
122.740333 189.824510 9.960909 9.731986 -46965667.936990
97.834927 47.196315 9.960909 9.731986 -46965667.936990
238.046186 142.451384 10.939690 7.700735 -47309195.744718
211.769206 139.710061 10.939690 7.700735 -47309195.744718
269.267566 157.582055 10.939690 7.700735 -47309195.744718
140.688487 240.922295 10.678856 8.491851 -47364133.185964
201.406425 47.734110 10.849858 6.854086 -47280381.260579
196.306192 15.291050 10.849858 6.854086 -47280381.260579
21.752468 58.504773 11.529019 8.726655 -47280181.882416
240.091130 255.067700 9.307135 9.364005 -47353207.184274
238.768283 389.236717 10.344463 7.809937 -47270572.954559
353.324571 37.235891 10.809972 7.762909 -47341721.387113
293.913060 50.107252 11.048623 8.016690 -47332954.300986
268.076075 69.717706 11.048623 8.016690 -47332954.300986
367.340470 306.282004 10.746614 5.711366 -47351712.449009
357.079385 281.202757 10.746614 5.711366 -47351712.449009
205.640967 342.778700 10.085891 7.954459 -47352870.800846
284.552756 242.038424 11.678792 8.839608 -47331139.275052
300.132111 306.730239 11.678792 8.839608 -47331139.275052
332.038620 330.694051 11.678792 8.839608 -47331139.275052
279.615777 282.338521 11.678792 8.839608 -47331139.275052
330.786020 226.775074 11.997567 7.823614 -47331577.643657
394.568238 158.268940 11.377327 5.979739 -47362040.970290
322.118132 388.429747 11.443965 8.991434 -47274255.475238
82.406713 257.269819 11.965992 5.150011 -47365403.372677
365.449358 77.689419 11.707858 7.794753 -47356362.190013
8.339119 150.934874 11.580230 8.465544 -47332738.081024
125.747035 392.276326 9.262606 7.621112 -47363473.631120
19.242967 390.784435 10.043041 3.621219 -47366712.858869
127.798401 323.368528 9.467186 4.643388 -47366139.356384
118.711933 296.453872 10.607448 5.826302 -47362645.972196
5.472009 272.430187 8.661518 7.158876 -47361994.531212
3.170999 384.942876 10.358852 9.720839 -47362494.933915
392.175088 132.696318 9.943501 2.829350 -47366410.658248
183.920261 237.348821 5.110240 5.382505 -47366873.148592
