83.756107 175.312482 5.783290 6.160148 -114472.194095
83.646853 159.029113 9.412569 2.550208 -115837.772163
84.883043 179.520788 5.017526 4.501048 -115540.045198
76.550901 179.510308 2.180890 3.217083 -115888.856132
87.568876 174.714267 5.674675 9.517024 -114236.215656
76.086003 173.904504 5.170569 6.639380 -114780.873061
86.906903 163.721818 7.160800 4.931981 -114755.079042
90.679252 163.664407 2.614890 4.114404 -115673.867562
97.996980 170.117848 4.072593 8.022879 -115645.645897
76.891899 155.548090 2.890014 4.508806 -115856.980703
69.794069 168.687644 1.509085 8.469741 -115616.515274
92.204376 171.635684 3.974614 2.316956 -115849.488265
85.192803 168.892723 11.935047 7.915726 -113594.050822
68.613767 169.729041 3.274707 5.097804 -115859.084475
84.187656 168.290321 2.157002 5.146453 -115228.217026
80.116650 175.434382 6.704632 1.087929 -115909.660590
74.663644 175.872765 5.741910 6.203779 -115217.309404
76.059084 163.797167 7.635816 9.299545 -114695.803132
74.316994 172.612989 1.094637 9.629226 -115472.076333
84.164158 168.205123 1.076124 9.427583 -115290.129707
75.043372 155.788966 3.277002 4.366680 -115900.227766
81.282742 177.831874 5.516209 4.943168 -115220.703075
78.456007 181.334210 6.050180 7.549062 -115459.728639
80.779209 161.146189 6.346551 9.958403 -114448.933322
85.339526 184.542819 3.518745 4.219635 -115890.566623
93.029649 175.848255 5.033105 4.554985 -115725.247318
86.480354 169.345346 3.181742 2.579366 -115627.735639
85.369132 166.649370 6.613157 5.875458 -114008.805271
72.796627 168.565630 1.258441 4.141405 -115834.403524
85.435343 176.752347 4.160214 7.247245 -114766.576280
87.544879 156.893924 4.019595 6.339542 -115589.125812
87.027372 173.947565 5.170282 3.765049 -115271.827181
76.916251 155.222059 4.402173 7.472155 -115680.445107
72.727542 168.378944 3.085813 2.663706 -115851.267559
72.516274 177.015270 8.031933 4.030471 -115910.765203
73.275994 162.022760 4.008822 5.250002 -115607.731177
70.288756 164.323984 6.390397 5.523442 -115881.374905
71.757578 169.855998 4.468473 2.158559 -115906.922808
90.106184 166.138207 4.028837 2.298352 -115766.624342
89.081285 163.389740 9.167010 3.350767 -115483.501884
80.748820 169.709596 5.131661 8.609022 -113739.966951
72.856519 166.661586 4.964487 2.383926 -115839.936405
85.633584 179.479622 6.842317 7.241596 -115089.779003
82.023708 166.141158 1.507867 2.048230 -115859.301790
84.836809 168.604140 3.157578 1.182536 -115889.973390
95.287045 171.198491 5.978607 2.911076 -115901.574165
82.269897 168.529511 6.044226 4.272064 -114542.812203
79.858609 177.976803 4.222293 4.489165 -115474.986145
85.671899 178.868876 2.139704 5.319823 -115609.864593
80.702183 158.740459 6.872720 6.394005 -115152.766796
80.270210 163.904382 1.922987 6.384093 -115268.929461
80.198964 164.429056 5.694516 6.008928 -114373.891356
79.272055 171.186235 10.533826 4.921130 -114034.799470
90.358823 169.799440 5.381285 4.408056 -115161.618980
83.371635 165.749904 4.666388 5.153240 -114625.152795
74.942533 171.672984 6.153668 3.466044 -115471.589311
80.415432 170.960172 5.382796 8.317572 -113767.603917
75.416646 174.686250 4.192037 4.615067 -115431.200981
72.828969 163.711235 5.318355 4.724264 -115612.837517
81.311803 170.241775 4.965980 3.256433 -115179.751613
78.824729 160.424367 6.009366 7.643591 -114775.554045
83.509914 168.169363 7.990151 5.336899 -113757.298624
82.556678 161.936171 1.984233 2.583913 -115830.541221
90.615719 176.971304 4.447322 8.757824 -114985.520607
79.708126 168.066978 5.429254 3.637715 -115032.255335
87.104376 165.841026 8.202211 3.183183 -115122.146382
94.255073 177.203402 4.460284 6.522776 -115686.300610
70.334982 167.790169 1.903615 6.470421 -115693.615164
74.606424 164.084063 2.768184 6.488530 -115333.569072
73.852410 168.772713 3.706619 2.216391 -115841.446358
83.334595 158.915180 4.586884 4.940068 -115433.426092
75.043547 162.728081 4.577284 6.890808 -115083.684082
73.161608 166.586914 8.996483 6.969753 -115251.708396
71.475820 157.731091 2.101789 6.986370 -115802.801352
72.114254 172.525037 4.954576 4.666090 -115599.691294
71.861859 174.519330 9.224426 3.887261 -115899.816225
83.993649 173.589713 3.499008 4.639850 -115125.129290
76.944140 176.813190 9.936825 7.947097 -115281.258421
92.452049 170.445779 5.664166 7.679690 -114816.671196
72.356248 175.227750 1.414502 7.759794 -115618.287079
86.676047 170.910616 11.871339 2.395574 -115212.054713
93.603945 173.347328 2.815318 2.662814 -115895.965426
87.953911 158.676028 1.241785 3.254958 -115913.699748
74.892510 157.047539 3.574208 8.388521 -115514.699197
72.957634 162.831060 1.363691 3.110218 -115909.885487
93.228207 162.809023 8.457493 4.007908 -115847.877592
69.486319 167.505769 2.632886 7.114101 -115634.528594
78.367364 167.474879 5.068283 4.249014 -114969.185409
92.141333 171.031673 2.765045 4.708157 -115567.232117
82.248340 158.503109 3.569867 7.067308 -115202.469355
72.805450 168.345787 3.451342 4.866519 -115548.305344
86.604543 175.098900 7.318948 2.646181 -115557.057962
78.578254 159.318823 3.783566 8.987537 -114954.943267
94.911998 175.895695 4.821118 3.648440 -115922.444575
84.204487 152.044530 3.417809 6.362202 -115892.912870
92.858189 175.592845 5.960063 2.892401 -115883.317539
84.291534 172.873559 3.513056 1.845898 -115780.369555
75.355542 165.852057 6.749664 6.456970 -114689.218087
77.843956 171.810212 4.080911 5.417768 -114893.706496
88.473333 155.729441 3.345802 4.834778 -115863.666866
78.532653 157.830881 4.843585 7.009106 -115318.807046
73.365569 168.019653 10.903654 4.791720 -115488.449739
89.659079 160.343773 1.241156 5.192204 -115792.816693
90.122837 181.289624 6.897175 6.611359 -115889.461020
94.637759 168.888485 6.134397 4.567519 -115636.100762
73.094190 164.141632 6.970495 5.120901 -115507.354295
92.414248 171.266064 7.328793 3.490320 -115601.452498
72.464971 157.178380 2.197962 5.321156 -115877.562424
74.883950 159.143093 7.646473 8.996235 -115770.845508
80.433240 180.362523 6.587966 6.730553 -115299.421107
88.354541 157.123859 4.020045 6.550568 -115577.649672
98.024405 172.997914 1.542317 4.792663 -115913.176107
71.492086 174.860282 2.250467 2.965161 -115899.326503
87.856698 169.746207 7.972156 2.329627 -115428.374640
78.431111 155.864812 4.521376 3.830060 -115849.153652
77.780924 185.066994 5.013608 7.180703 -115927.243798
78.329217 161.633292 4.173278 3.162444 -115644.272458
85.935803 181.185967 5.052199 5.480925 -115582.637464
74.691928 163.522314 7.151799 5.771495 -115169.260165
89.792395 169.728934 8.693909 7.915706 -114228.214136
86.411866 165.100847 5.126866 4.507424 -114931.184031
72.009102 170.696406 7.436048 3.030260 -115823.552052
79.801388 169.685121 8.117732 1.119554 -115823.633159
76.728876 159.116349 8.132824 2.666507 -115862.201245
80.530336 168.509134 6.150529 6.684329 -113785.967383
86.694599 164.066044 6.016813 3.001460 -115446.958105
80.638805 170.110878 9.166260 4.685941 -113989.141366
79.843612 182.584212 6.368570 4.111663 -115906.213219
89.648308 166.887908 9.595993 7.196212 -114341.470552
93.241496 166.325635 6.255099 6.445624 -115188.241652
73.525701 164.797503 6.234172 5.064928 -115394.871695
73.152764 178.350180 1.619607 5.554234 -115796.152404
82.708630 176.609590 5.383808 1.491699 -115871.906705
88.187756 170.420493 9.201084 6.273872 -113976.876722
91.144740 172.518780 1.102053 4.624586 -115785.525562
88.877245 161.862217 2.579570 2.407467 -115883.358873
92.063368 176.375233 8.666622 7.612931 -115637.720294
70.236825 168.235077 2.492211 8.357279 -115448.503796
88.455455 151.110830 2.099945 6.634576 -115921.579808
76.220629 163.113540 6.255561 4.982920 -115153.513143
85.039823 148.852626 2.362502 9.319764 -115857.596982
82.367660 160.204226 8.792932 2.393332 -115748.532965
83.656924 172.634653 5.853672 1.071996 -115860.345204
72.171321 160.803611 5.243304 5.683912 -115745.160756
76.558981 167.554643 1.600868 4.648221 -115612.693672
79.894566 161.291256 11.311375 1.313897 -115855.006003
87.025304 167.086661 7.228190 8.226379 -113705.096910
79.809815 173.870147 5.959649 8.627551 -113962.404344
92.186619 181.105972 2.541590 4.245405 -115914.068049
84.506000 172.597897 1.717650 7.355466 -115153.775933
84.403582 170.009456 3.601529 3.569800 -115265.073853
86.207343 183.338108 6.052960 3.975752 -115916.877883
71.421544 168.573434 5.842711 6.461172 -115398.337713
70.735109 170.439826 7.669426 6.631078 -115677.560925
87.160013 159.576769 4.252308 7.716224 -115032.592161
73.241001 171.520855 4.066123 4.430357 -115544.600598
90.486229 175.458888 11.151121 6.809580 -115544.559904
84.108927 170.844329 4.963817 6.975865 -113991.255732
80.325026 162.844347 3.038260 6.577795 -114976.584439
73.456036 171.449282 3.120065 4.358052 -115609.281351
78.351327 179.467457 3.352540 8.145527 -115159.787869
74.733181 175.785427 3.506686 2.430388 -115851.428565
92.876259 172.482305 2.251886 6.182779 -115520.769565
81.933930 158.233482 6.154070 2.508764 -115838.391379
78.751311 178.926846 6.353811 2.930668 -115806.968408
84.844791 171.878319 1.941664 4.430229 -115459.468031
86.391656 168.648925 2.979331 6.257773 -114821.156170
93.094907 179.669406 5.342660 7.951485 -115718.901667
85.671768 176.674673 3.093780 5.634052 -115262.487961
84.803133 159.067254 2.507502 8.202693 -115201.324638
83.697335 178.338271 6.874035 7.310719 -114745.546342
78.898453 165.296866 4.986874 4.348542 -115007.558410
74.762365 179.152777 7.099210 9.185325 -115590.866406
81.456374 161.060385 2.902571 8.533914 -114874.973089
74.849367 169.176304 5.117531 7.340251 -114638.521149
80.884128 163.539646 3.465443 2.761032 -115644.991287
92.477197 156.166207 2.511161 7.221865 -115787.592611
80.039235 181.424218 5.972614 8.149167 -115327.851695
72.702777 166.424802 7.157813 4.524188 -115551.213601
81.660582 174.854330 1.116850 1.596370 -115931.963713
84.613411 179.009713 3.131439 2.336433 -115878.900025
75.339580 174.326235 2.156071 7.318810 -115305.622814
80.455819 172.180999 6.944671 5.009236 -114318.564670
74.802408 162.776906 4.830254 4.544270 -115499.451491
89.135354 171.726706 3.175202 7.170980 -114855.197880
85.827573 158.720674 5.020149 9.858419 -114858.554644
79.605458 161.108698 5.751974 3.316445 -115525.871433
83.916548 164.283371 3.640776 5.649232 -114857.429987
82.571452 162.121040 11.278635 2.281647 -115597.880583
86.286840 168.832400 8.588411 6.898645 -113504.725908
87.396629 184.797591 3.148968 7.580245 -115735.610427
97.335081 168.327656 4.898559 4.818828 -115855.336789
78.236648 161.236052 6.772124 6.319845 -114861.576115
74.896627 177.769493 5.498022 5.895333 -115447.842230
81.702595 162.886788 10.025314 3.675424 -114972.161054
78.115767 157.678497 6.587888 3.022624 -115832.168572
88.132164 172.532567 3.190397 4.142042 -115401.543206
73.271839 160.924878 4.028915 4.961465 -115699.635660
77.003615 166.664956 5.375149 3.874362 -115205.865866
71.333665 166.002932 7.496709 3.574029 -115881.052081
89.513897 177.068560 6.872241 7.580557 -115003.346696
73.983947 179.974666 3.657527 3.024879 -115933.407584
75.285248 169.671729 8.021794 1.314824 -115860.322927
82.732401 157.408778 6.951122 6.245737 -115421.204342
79.100444 155.574524 6.220933 5.842888 -115785.719005
75.125358 173.159495 1.912015 3.779167 -115745.861319
91.515690 169.803464 4.820931 4.274752 -115376.597331
81.186164 171.032915 4.676203 6.815040 -114132.872418
74.732711 163.107348 10.314118 4.059872 -115601.341648
86.172283 163.730941 9.453695 3.854558 -114955.067656
74.989043 162.610107 6.182776 6.913069 -115038.512644
76.111336 166.588038 2.061073 3.968954 -115648.124656
84.302681 176.090991 1.466844 4.894111 -115639.266162
78.898148 172.634574 4.424419 1.021865 -115904.966004
77.694723 171.496840 9.557666 4.732084 -114470.455082
71.346558 177.133455 6.457698 5.204248 -115870.883572
87.505930 170.219241 7.063697 2.494347 -115402.022713
91.955046 175.141209 2.084092 7.678272 -115411.940543
77.867520 172.616006 4.392136 4.497261 -115123.081516
88.995823 181.025253 2.503337 8.661762 -115432.923541
89.336723 164.581664 10.050374 3.572429 -115300.849932
88.298495 162.670485 3.756176 7.655178 -114831.351843
95.362737 173.990509 2.708040 8.257985 -115464.773107
78.334325 164.951746 4.614525 4.998891 -114938.875106
89.881432 177.557086 4.067877 4.211283 -115673.119430
81.283530 174.459657 4.229196 5.721745 -114776.385154
80.671869 154.980580 4.064358 3.585098 -115878.944947
90.355907 168.136189 2.749191 6.022112 -115210.260644
82.525356 181.304407 4.985906 4.309864 -115716.179436
73.182511 176.861854 5.012566 4.547455 -115705.187970
83.409815 164.187284 9.619211 5.642163 -113985.173200
79.816950 169.359143 3.087946 2.888112 -115569.578806
88.147333 169.964927 4.602327 4.546229 -114986.665661
67.849139 171.438546 3.291355 6.180754 -115828.771469
75.550624 164.732470 3.972465 5.898387 -115119.610260
75.741968 172.814452 9.540823 5.360780 -114846.370088
83.926228 171.897328 9.094908 8.456352 -113466.506483
88.699546 170.701320 5.048834 8.541671 -114153.941473
77.118387 180.178545 4.789645 3.666872 -115826.930895
78.165509 173.477634 6.014280 6.734993 -114335.725348
74.651156 168.844388 2.184005 5.041242 -115536.452706
68.660799 168.513470 3.941338 4.833885 -115897.496023
91.909886 180.273168 5.651136 4.722696 -115924.964101
83.576800 160.593030 3.708723 3.768044 -115582.137198
88.857515 164.121459 4.689432 6.772909 -114732.455517
77.986446 155.770777 2.231409 4.398320 -115851.825204
84.259188 173.077886 4.162487 6.076304 -114568.727148
73.993976 153.765361 1.820151 6.140685 -115898.265927
84.517786 173.915040 2.373257 5.534484 -115229.659247
86.852752 179.517464 4.973325 8.461092 -114998.588182
72.908501 167.970333 2.255678 2.355158 -115894.190557
88.804291 167.640284 4.179390 7.931389 -114410.033241
75.649533 163.348598 4.912339 4.741672 -115335.939541
66.651278 174.560046 2.935748 5.908184 -115921.078561
83.491622 160.264219 4.239840 3.257297 -115667.376727
94.411137 170.539018 3.159752 6.756615 -115414.636037
78.306749 165.125929 7.285878 7.371944 -114034.131917
70.268004 169.531968 4.245675 9.209255 -115258.347765
78.988986 182.739257 3.073026 8.688271 -115427.239114
88.574582 166.250711 11.758569 6.845482 -114346.879440
86.959431 159.261915 3.980211 9.073986 -114926.782480
77.403691 167.233876 7.761747 5.721289 -114274.900259
81.664428 159.266213 4.207454 1.744370 -115904.620190
71.229700 160.698373 4.989790 7.715745 -115678.318109
83.732549 162.570072 6.135536 3.060101 -115442.322484
85.405486 176.725238 3.471841 7.674131 -114830.872640
86.424947 177.804165 4.723881 2.475411 -115801.284902
90.822440 165.525737 6.804219 4.455774 -115222.293059
68.261434 157.322328 1.104789 8.558110 -115872.366367
95.579433 176.715423 4.826905 6.888690 -115775.932710
86.152858 172.994421 4.060383 5.959852 -114702.112537
84.245987 177.247361 6.980905 2.260852 -115763.545201
84.137040 164.988677 4.664781 5.554392 -114585.851218
76.974983 170.734616 4.493468 5.997137 -114716.559255
82.398645 177.237578 5.693019 7.490496 -114531.295481
85.381578 172.083688 2.741566 7.266351 -114758.469176
75.388313 164.825211 8.152105 3.285076 -115487.627202
82.136498 169.724431 8.357897 6.278670 -113402.965405
75.010743 162.540841 10.005310 2.950024 -115751.843203
67.211421 169.014386 2.408409 5.217904 -115921.565453
72.775880 173.984620 4.596755 5.235137 -115502.286521
94.909049 178.086478 2.945226 6.447845 -115772.553358
76.295942 168.792704 9.511197 7.265507 -114221.541836
85.738907 162.327574 7.530265 9.060048 -114295.718842
81.584705 159.956580 8.906349 8.139112 -114909.286738
93.883184 168.771781 2.549152 3.208813 -115832.399779
74.776156 158.853257 5.382861 9.420625 -115357.924301
73.227158 168.152126 6.216977 4.720552 -115382.598853
92.635283 167.444276 6.262431 9.325389 -114786.401910
74.958690 172.891567 3.842157 4.229719 -115488.856966
84.955390 173.203137 5.058496 4.371012 -114919.688100
86.493397 174.344264 6.843252 2.534882 -115550.325322
72.644358 170.546128 4.069758 3.646845 -115708.695456
96.184567 164.429085 6.186663 7.399542 -115759.867005
92.592785 173.100097 4.220173 7.476129 -115080.522946
82.448352 174.145999 3.475258 4.295245 -115249.709734
69.572302 170.059976 6.117474 8.841659 -115614.309086
87.820735 179.275672 5.841711 6.050058 -115355.419305
78.336588 182.410923 7.393728 8.665691 -115888.581687
91.260081 174.089041 2.880402 6.148959 -115367.275183
89.225917 166.798711 9.654216 4.378241 -114781.325446
77.691304 156.146439 1.981529 7.750964 -115613.197736
76.778940 164.342136 10.132193 8.368545 -114797.696057
85.813467 174.206126 7.326321 5.155492 -114520.038867
81.120359 168.738177 10.849747 2.071036 -115326.936440
80.821164 159.401979 6.220383 4.290160 -115435.589189
76.162779 162.175794 2.952506 9.228254 -114959.558378
76.540485 171.917967 6.832859 5.659297 -114601.745075
82.981752 171.203918 4.225010 6.351574 -114339.346296
74.109861 157.360743 5.757083 7.263360 -115783.559310
86.945390 154.724712 4.431187 5.224688 -115883.476186
90.244250 167.363010 5.760439 5.859376 -114745.347966
84.087768 160.920271 3.558371 3.192803 -115687.586114
76.884600 176.970043 3.710317 1.736778 -115910.523611
85.629953 171.603422 1.355251 2.216096 -115860.292286
77.339707 160.986097 6.945784 8.201060 -114831.629501
80.368631 179.303234 4.578808 9.034854 -114831.042226
83.264201 166.426751 5.304068 6.221174 -114109.421833
78.759010 172.437950 2.017725 4.788704 -115453.303326
76.442090 161.780143 11.592327 7.833728 -115813.470712
92.821435 171.076036 1.576287 7.109860 -115529.396606
92.687859 179.989479 4.089952 4.529269 -115900.998752
69.957745 169.202190 1.846504 4.333135 -115871.655321
91.278549 179.430017 7.515117 9.153590 -115861.348310
85.839644 171.172498 4.332594 6.174577 -114446.564103
69.507253 171.296802 5.725243 4.317216 -115905.118248
87.397725 162.714893 6.374245 5.657101 -114808.571227
86.933639 172.112827 6.926862 2.117018 -115583.403560
81.750010 179.477732 1.357364 3.700042 -115859.351047
87.442851 171.250298 10.221977 1.583024 -115664.186125
76.419352 165.418999 5.126197 5.987661 -114787.925974
84.891700 164.048430 6.720615 5.931873 -114259.046096
82.710791 184.215030 1.526984 4.642720 -115890.751597
73.184351 168.646793 5.588975 7.030416 -114966.871056
77.420928 164.490129 2.568208 4.347479 -115503.432579
76.597589 182.832895 4.659957 7.242946 -115700.294079
91.851070 165.320862 10.582405 3.261921 -115648.388597
87.110535 163.120387 2.048831 3.855111 -115678.541276
73.698535 168.016526 7.323456 2.147115 -115801.105213
72.226335 171.074722 5.944085 5.865492 -115348.364137
89.773356 181.522053 2.520327 5.753311 -115764.219860
83.680837 159.610616 9.337397 3.326747 -115639.529292
78.341181 169.924130 6.133808 9.941239 -113845.548268
83.841571 162.499076 8.819692 3.258898 -115263.735258
95.734262 165.215320 6.525976 2.588059 -115930.675727
81.260088 164.472391 3.330450 6.752942 -114707.830296
88.489978 162.098164 7.078131 4.929244 -115181.309786
85.460351 161.559192 4.204997 5.305155 -115149.447812
89.847170 170.935781 1.610391 2.056239 -115896.013038
77.163499 161.492932 3.638467 7.883263 -114954.361369
77.394935 186.911242 3.702435 8.330143 -115877.779781
98.724552 175.485833 4.716961 8.850279 -115920.688766
82.928690 181.799545 5.477882 2.666190 -115903.042829
87.672947 158.529529 3.719424 9.016415 -115088.767519
89.143237 170.256331 1.741869 2.129301 -115867.768212
94.339142 173.862709 3.771309 6.044879 -115561.025408
88.563109 165.604235 5.176926 6.048137 -114644.642757
76.609712 161.448504 1.559611 2.712269 -115885.858209
89.345177 172.327525 3.979498 2.192852 -115782.709823
90.611496 183.024356 2.567358 7.474398 -115733.137575
83.528025 170.580914 1.733531 4.308218 -115495.014517
75.485906 169.383917 6.476906 4.340624 -115101.552228
81.970834 160.687479 1.489240 5.686431 -115597.732707
74.085413 165.314981 4.419399 5.080858 -115367.107566
80.003322 174.598567 5.907483 8.752637 -114043.957991
79.121041 162.511542 4.820103 4.381027 -115226.451084
75.772010 161.502299 7.532413 2.127541 -115842.681676
79.785230 156.632378 1.836818 4.383016 -115828.371698
88.400142 156.575225 4.793439 6.932533 -115609.509013
86.553845 161.394827 1.829095 4.861529 -115636.038076
75.353410 177.700576 3.350146 5.631068 -115528.353814
80.805025 162.642835 8.065210 4.426656 -114838.298798
86.184200 172.801065 2.205030 3.279818 -115651.850589
78.489641 161.766425 6.593435 3.240043 -115499.305972
73.757109 176.630983 9.598085 7.955431 -115914.091545
82.961747 178.512969 2.846721 4.539271 -115588.665202
88.694366 165.399848 4.490897 7.813291 -114462.523117
86.240112 162.313139 4.680930 7.129011 -114635.702149
81.918221 183.715427 5.736869 5.718862 -115839.140935
77.725998 167.701000 11.144683 8.999905 -114599.070817
87.055900 162.899676 5.996204 6.381154 -114600.674177
71.412820 177.118514 3.439772 4.203064 -115843.165844
87.656291 164.183912 4.743538 4.689269 -115100.808216
76.837184 163.954490 5.592811 3.666218 -115393.320585
86.354117 156.357191 3.307090 6.319053 -115617.012659
85.493836 184.885099 5.575980 8.520009 -115862.372386
81.461929 161.626327 4.386211 6.452918 -114803.571137
89.137119 159.793340 2.437808 2.342182 -115921.780071
84.010815 186.349184 3.538618 5.324613 -115924.949825
83.884970 178.451263 3.292903 5.629364 -115349.514485
84.149638 177.286601 3.371530 7.152091 -114959.079346
80.086998 167.362442 3.079704 1.118695 -115909.039401
82.624270 159.340877 8.767515 3.321636 -115639.549371
102.374997 171.090348 1.312882 8.891869 -115853.164814
84.302200 170.749313 3.163544 4.718388 -115051.225035
72.713228 174.839838 4.684424 1.785933 -115911.227612
77.675505 174.245234 7.324816 9.722284 -114334.878977
79.822188 156.963044 4.936666 2.283837 -115883.598827
84.192526 160.288089 9.588070 7.837057 -114921.776657
78.213224 183.740876 3.261038 4.833972 -115876.466807
73.879969 167.867569 1.423503 3.997861 -115797.266824
82.564854 175.201543 2.272143 8.290732 -114939.020457
76.325360 173.190408 2.050931 4.579517 -115588.471263
87.751880 163.606976 4.042454 6.288541 -114882.000959
86.028677 148.941068 2.880606 9.606402 -115890.591928
86.582026 159.718775 5.579342 2.187880 -115869.002798
89.134506 186.477492 1.862538 5.241891 -115932.426233
80.414471 165.878228 5.151259 4.762961 -114705.628280
79.789707 177.309794 6.580828 4.307933 -115318.294431
77.931280 169.242346 5.403460 7.913303 -114020.790192
88.606291 176.692782 9.359401 6.438351 -115093.518467
80.881950 165.101117 7.146213 7.930362 -113695.799673
77.524914 169.904900 6.256055 5.089368 -114585.710236
86.023963 155.210659 2.427569 7.571140 -115613.295318
87.361755 159.491117 7.117857 4.383391 -115585.106950
74.810319 175.143388 6.195195 8.123558 -114855.227414
80.552946 182.529501 3.343240 3.829276 -115858.672526
85.536575 163.779041 6.721897 8.578491 -113960.339246
78.220214 179.741696 3.980735 6.214020 -115415.397764
77.408557 156.577881 5.692975 9.459217 -115492.501692
90.836845 165.933115 9.168519 1.731638 -115802.594458
75.239950 161.045951 2.878550 4.642697 -115665.985387
82.440549 170.322993 5.585601 9.315581 -113577.802237
74.335395 167.860367 5.283692 7.539223 -114702.889603
71.231483 177.718383 3.052037 6.246996 -115718.433523
89.404431 171.099975 1.847339 5.142974 -115506.686892
78.982321 176.338510 3.667020 1.554833 -115913.675464
79.552243 177.304015 6.539088 6.583366 -114778.607653
74.822534 170.762118 6.532851 5.382708 -114945.500509
86.122111 176.694528 7.331377 6.494399 -114651.152497
72.607704 160.529916 4.731146 5.566607 -115713.344504
88.129341 178.276979 3.753679 6.728829 -115239.853862
90.880927 168.032485 9.654475 4.233216 -115096.425896
71.264610 176.070234 3.806611 8.943301 -115353.859516
80.982226 157.618370 3.720589 8.151789 -115167.874888
96.757609 164.793590 3.253261 6.368267 -115719.204668
86.400899 170.846455 4.855537 1.405159 -115815.236814
91.491284 162.964735 4.131237 8.477520 -114977.178890
81.074388 165.671395 6.687435 4.630971 -114481.586095
89.499293 169.423472 7.776701 8.586526 -114116.802043
78.969065 169.718598 1.670609 3.691528 -115647.301760
84.674200 155.260847 5.581613 5.739541 -115781.956357
82.337572 159.856168 10.976710 6.433808 -115190.447686
82.718108 178.094260 4.011096 7.595339 -114853.417446
83.653113 176.171197 1.501784 6.094413 -115499.442965
71.262124 171.546760 4.559448 4.048430 -115755.116526
86.901546 163.101163 7.219269 3.334041 -115380.552234
80.041186 164.109718 6.202039 5.801737 -114401.571666
88.118605 161.999581 6.153054 8.978550 -114545.599745
80.069645 181.374803 7.036728 3.458880 -115880.343212
83.663238 182.345590 6.294446 6.148747 -115654.021430
95.115541 167.102493 6.693889 5.419772 -115633.761375
76.005897 169.382303 5.678307 3.919057 -115225.441832
94.522747 171.515146 9.949867 6.663038 -115911.311659
82.062660 174.895643 8.752656 1.642000 -115709.491137
