187.877955 49.460613 4.690590 3.341555 -107505.517531
192.772601 50.252393 2.717932 2.665345 -107493.056599
188.280473 52.911621 3.485167 3.787179 -107482.465806
188.217134 51.177559 1.079210 2.344578 -107501.507845
188.819725 53.727047 3.420060 3.685432 -107484.250800
185.682455 54.074821 1.571076 2.635056 -107501.996183
187.090612 50.892105 3.183886 3.463736 -107480.301976
189.115773 52.737232 1.619219 3.059384 -107484.151711
185.907407 47.307705 1.374574 5.562693 -107500.672398
192.157153 50.209461 2.868356 5.179334 -107493.479186
188.649890 48.306881 3.146190 3.790125 -107492.222940
190.187484 54.236826 1.946536 5.136512 -107475.773899
191.286515 52.885893 4.732072 2.176891 -107496.969881
188.346278 50.584833 3.240427 2.909019 -107477.407917
193.436666 51.217998 2.662166 3.482522 -107487.019965
192.588965 48.907458 2.990713 3.781253 -107498.129925
187.758864 51.158121 3.026096 3.416631 -107474.458709
