148.022752 50.269199 4.068878 7.438194 -113110.462556
152.394500 51.294757 5.328488 5.138830 -113106.804899
152.511151 53.479282 6.094063 8.059002 -112762.549413
155.281622 54.659579 7.544144 6.836008 -112870.004790
153.248781 55.133133 6.460783 5.457790 -112907.143879
152.013632 55.053698 5.967974 6.330990 -112808.420385
150.615147 52.337564 5.535097 6.843365 -112845.420691
148.721627 58.501687 4.723541 6.156936 -113146.537842
155.160819 55.776924 5.267928 6.344744 -112955.391690
153.070703 54.719030 4.185459 6.354383 -112988.590947
152.219200 50.828752 6.472723 4.895278 -113102.868757
150.999758 56.304176 6.728227 4.506953 -113111.045793
155.162327 57.578874 4.236245 7.900702 -112991.594372
149.728650 55.351513 6.917531 4.995510 -113012.962069
150.784083 55.086357 4.315550 6.519252 -112960.872445
154.278546 50.363279 4.661845 5.889982 -113132.135802
152.886945 58.500516 4.889505 6.840504 -112996.018618
150.987447 56.495157 7.633780 4.273482 -113135.882095
150.483274 54.035942 4.471458 5.661905 -113057.283073
156.878223 52.528225 4.303827 6.351310 -113134.954784
153.511986 50.224111 5.046415 6.103862 -113064.402059
153.165897 50.899127 7.987041 5.714314 -112964.051600
154.901640 58.324812 6.860973 8.197116 -113066.560076
148.003563 53.544547 5.314408 5.955432 -113043.029162
154.962632 53.059288 7.852432 8.447689 -113089.223653
150.694324 53.339300 4.064259 8.022171 -112886.912182
153.430038 59.641460 4.174701 9.202751 -113039.206090
152.678810 49.410661 5.209311 7.107816 -113015.126587
149.629724 54.826205 7.167768 5.335925 -112940.718373
152.781666 53.595249 8.747615 4.601396 -112976.487564
150.993109 52.359315 7.792587 5.984280 -112841.033909
154.971967 54.320161 7.116926 4.537332 -113095.528025
149.994363 56.301785 4.430217 6.103527 -113039.543636
151.875905 55.038501 8.847653 6.013678 -112802.109305
150.836538 49.237949 7.698758 5.444624 -113150.313578
153.482437 51.417172 7.930744 4.991144 -113020.008088
154.073601 50.780031 8.538725 7.479178 -113117.316941
149.970753 52.849732 3.031476 7.461451 -113102.107757
147.359907 55.587242 5.778328 6.102130 -113056.587350
153.690937 51.629983 5.040142 6.454278 -112950.154157
148.572717 55.610936 5.352522 5.679063 -113053.149808
148.774235 58.413628 4.970136 8.002994 -113010.953725
150.874456 55.077828 6.301983 5.590653 -112897.353083
154.727971 58.673175 4.955265 6.109088 -113127.007210
156.421345 58.308939 5.578748 6.307404 -113142.896624
155.310462 51.339989 6.571576 6.628948 -112957.968941
151.876160 52.121134 4.904634 7.096733 -112865.423981
156.462028 54.313966 9.878622 5.572499 -113115.789616
152.716689 51.541922 5.750230 6.941104 -112850.373240
155.066474 57.687083 4.808634 6.323438 -113068.074846
