93.521176 156.206456 3.545296 5.556664 -110278.011680
93.988079 158.632867 5.658865 4.245473 -110296.835385
94.778936 155.687067 4.027914 4.565717 -110280.644599
92.993836 158.105051 3.525756 6.037082 -110301.000856
93.797675 157.172425 6.496892 5.272888 -110317.122256
96.188042 156.603758 7.320689 4.288719 -110328.414989
97.007354 156.666330 4.507552 4.491546 -110323.263102
92.671694 155.392247 3.689856 5.126584 -110285.188404
95.493304 157.331640 5.961426 4.872583 -110295.044638
93.434713 153.557120 4.955725 4.187106 -110317.759677
91.429880 155.116884 3.989871 5.852494 -110309.153380
93.976388 154.250817 4.304435 6.433931 -110329.414622
95.393090 156.243691 5.200472 3.553447 -110297.200415
95.346906 154.997005 4.371052 5.554871 -110295.341217
92.796955 157.412733 4.178827 3.925936 -110306.279523
93.493334 158.669264 3.497467 5.002594 -110309.674262
92.608834 157.657315 4.192921 5.843637 -110291.967423
94.642535 156.318453 3.449498 4.352629 -110304.248330
94.832585 159.424235 4.633944 4.213568 -110333.920523
94.353352 154.913109 2.971754 6.194952 -110309.332223
92.704816 157.036239 5.537318 4.005711 -110272.812439
94.036826 156.947582 5.266273 5.883994 -110306.706737
94.667262 154.754946 3.309525 7.088633 -110331.446777
95.281736 156.139560 2.570768 5.817310 -110325.298327
94.479002 156.631169 3.073239 5.152210 -110300.252022
92.081372 158.577808 3.353043 4.751782 -110330.828544
92.218792 154.270365 3.744228 5.841324 -110308.761048
95.345236 156.879383 6.343642 4.005871 -110275.586717
96.090155 158.716904 3.629659 5.023309 -110330.121820
95.310073 158.970077 3.792100 6.199313 -110332.948393
95.919779 156.047178 4.719961 6.066602 -110327.796871
91.501589 157.871697 6.439271 3.876781 -110326.326571
94.507969 154.050436 3.171912 5.453424 -110317.287068
93.862112 157.893608 5.332490 5.705516 -110310.390963
95.109245 158.339905 3.802771 5.041008 -110301.627143
94.757608 156.516591 2.843729 5.158436 -110313.178231
95.073939 153.478049 4.641391 5.523973 -110333.218826
92.821325 159.281069 3.242388 5.710190 -110328.580561
92.537105 156.926349 5.287464 3.666042 -110292.244011
93.368626 155.308007 2.895168 6.785023 -110314.101288
92.321696 155.721413 5.370706 5.725410 -110311.823112
96.480196 157.075060 3.054520 6.111170 -110329.189271
95.335839 155.177138 6.385447 4.617302 -110297.259852
94.681541 158.356497 4.439339 4.260816 -110300.356577
91.285322 154.087015 4.210884 4.554485 -110332.519117
92.034388 154.234475 4.337778 5.975214 -110321.215355
91.344352 156.147603 3.730783 6.738591 -110330.993688
94.208140 159.387274 5.003839 5.245798 -110326.596079
92.503364 154.176475 3.477780 5.890833 -110310.101148
95.172632 157.558128 3.806571 4.990217 -110289.781594
94.039817 156.581399 3.639521 3.774505 -110320.650428
91.369951 154.678262 4.548680 5.909773 -110328.813344
95.351187 155.075176 4.645564 5.648959 -110300.730186
90.863188 158.247872 3.872546 5.377657 -110330.220860
