15.481683 166.588128 3.175853 6.170426 -106217.273021
19.840538 170.840177 1.370705 8.743802 -106189.474596
18.085650 171.385872 4.374753 6.296926 -106190.672296
15.655394 167.446196 2.626366 7.081141 -106187.550807
18.848987 174.779435 4.225461 5.514777 -106190.228673
14.424643 170.830064 2.600091 8.777242 -106150.930427
16.679769 171.871417 2.472473 4.476257 -106207.642442
15.573328 173.861319 3.701983 5.326355 -106163.179908
21.738062 174.228343 2.932768 5.912324 -106207.381567
14.791812 170.067364 4.070863 7.474713 -106217.842021
15.999725 175.294556 4.723074 6.658922 -106217.449649
