172.682512 83.312154 1.396475 5.830464 -103051.413572
166.809929 90.951493 2.678667 5.544617 -103002.824599
165.728739 95.128257 2.064607 5.134870 -103051.312948
166.450505 94.974137 1.362588 7.288951 -103026.007003
160.466646 86.812615 1.654111 6.510161 -103041.085502
172.680151 86.126751 3.549314 5.466660 -103034.589666
168.896043 89.501350 3.622376 4.733256 -103023.393016
169.037172 89.664990 3.285512 4.395684 -103032.778627
171.029477 90.600563 3.660468 4.600457 -103044.721977
167.672435 95.356868 2.276596 5.281023 -103046.144229
164.375614 83.725468 3.137472 5.812207 -103029.129688
163.439645 95.747234 1.540355 6.946630 -103041.361147
176.466685 91.410844 1.915794 6.853535 -103042.723131
171.139876 84.641832 2.994972 3.904848 -103059.353679
165.407527 95.418322 3.110930 5.955874 -103048.486150
165.152397 90.248144 3.724015 6.486328 -103012.163928
170.441758 83.746542 3.495451 6.455084 -103026.247309
160.761074 88.583910 2.082371 6.303100 -103032.645064
171.120631 89.662587 2.625741 5.817252 -103002.387821
175.638525 92.414084 2.736361 8.367810 -103052.116986
164.563791 85.418921 3.022134 6.021708 -103007.549692
167.051649 91.414089 2.606992 5.467468 -103007.650436
171.950773 93.616999 2.920494 6.745113 -103027.266925
169.654924 86.456113 1.744740 6.775071 -102992.726992
168.018410 88.350098 1.797691 6.923970 -102982.217126
169.008352 82.409122 2.925550 5.792064 -103028.552774
162.915246 92.480213 2.835580 4.556316 -103054.429411
167.624068 85.666680 3.720771 5.634519 -103010.403423
167.088889 82.940225 2.742019 4.987593 -103037.385915
166.279302 85.456623 2.883644 3.715792 -103057.451286
168.085932 87.821314 2.578887 6.145875 -102980.778401
162.265768 87.303628 2.506172 6.273183 -103015.291436
174.030168 84.821729 3.109651 4.927883 -103055.584091
166.310554 84.189312 3.332257 4.649668 -103037.498334
165.589135 85.908941 4.651169 5.192328 -103054.498314
168.466549 82.296830 2.746321 5.033012 -103043.022776
163.887267 90.459400 1.885544 4.507429 -103054.882264
166.972085 85.036706 2.830772 4.827312 -103024.660788
167.663856 91.509944 2.074805 5.694063 -103010.889928
160.820890 89.128716 2.186463 6.985211 -103021.239123
176.377753 87.613557 3.098370 7.292627 -103058.886344
171.922349 88.367847 3.494951 4.953948 -103032.656152
169.376894 87.570440 4.647394 4.520899 -103048.072236
165.298577 85.728719 2.714721 3.835722 -103057.291168
171.264790 85.900003 3.039823 5.422627 -103015.186932
162.598482 86.928763 2.664568 7.548214 -103002.384483
162.084423 85.324077 2.947218 4.838427 -103052.895987
174.144371 95.186606 1.488152 6.460565 -103058.712019
159.535646 87.548781 2.466007 6.525245 -103050.779251
173.495009 92.583026 2.455618 5.838621 -103038.222278
165.605744 86.627392 4.119259 6.471547 -103030.638303
162.468272 83.505116 2.815515 6.023256 -103042.529828
168.656735 85.143967 2.217105 4.570120 -103039.523117
170.520792 90.186849 1.836739 4.909850 -103041.623554
170.569983 84.737804 3.199483 5.180258 -103024.525404
170.941006 92.139763 3.646149 6.867017 -103031.734127
159.865049 90.157907 1.848433 5.769418 -103055.527356
164.537623 85.171984 2.105955 4.969151 -103037.267473
165.405618 88.628756 3.779875 5.834754 -103008.945386
165.726995 84.296037 2.021742 4.242197 -103058.614706
172.071122 93.422862 2.826253 6.603081 -103024.770937
170.880661 94.605086 3.214453 7.689472 -103048.055728
164.811180 90.231763 2.579216 5.988087 -102997.603086
164.592110 90.778371 3.309771 4.220421 -103047.498088
169.059198 92.252476 1.838488 4.375757 -103059.525958
171.863311 77.637746 1.692660 9.909354 -103054.752105
163.870082 90.910050 1.986530 5.551098 -103025.527461
171.920519 89.202026 4.096093 5.945573 -103040.768593
162.586637 91.834377 3.067249 5.827317 -103032.467859
169.025649 90.417203 2.388026 4.462313 -103039.493518
168.863265 93.556242 1.744705 7.407257 -102998.236271
166.604776 84.456296 3.570053 6.725329 -103016.446056
166.951786 87.965901 2.479751 5.052635 -103013.127196
165.936821 90.339605 1.372191 6.004089 -103028.647017
165.334227 86.682828 2.859363 5.654380 -103000.902512
162.535859 90.824522 3.083337 4.978423 -103042.716546
172.811240 89.495532 1.871747 6.064903 -103019.487409
165.549622 87.500554 2.483020 3.807660 -103057.393132
169.435601 84.335777 2.828885 6.585124 -102994.145245
167.443632 87.470084 2.308252 5.163370 -103012.881998
164.857717 82.801029 2.844272 5.085701 -103043.259427
173.495754 91.458157 3.580367 5.496899 -103056.966917
165.046757 82.712116 2.322396 5.115224 -103043.470082
170.273158 89.711974 2.973085 3.870449 -103056.123303
171.399469 95.741229 2.650842 9.892702 -103058.023008
168.874463 89.685343 2.868567 6.333601 -102979.432972
168.590318 93.798483 3.833392 5.603527 -103047.619945
163.862537 93.818003 3.227038 5.268795 -103047.420199
164.403957 83.434173 2.788040 5.825104 -103026.435172
169.909360 92.785044 3.742494 6.243000 -103034.420711
165.282296 87.677079 3.026086 5.094158 -103012.969615
172.677958 84.855280 1.828331 6.041084 -103025.871189
162.310311 84.877187 2.047881 5.771613 -103036.220854
169.946492 87.839289 2.781399 4.471442 -103031.959539
161.572797 83.401688 2.810970 6.399621 -103052.817759
163.136653 85.713489 2.032084 6.029037 -103020.414160
171.354451 87.436795 3.481850 4.153853 -103048.248644
168.122816 90.741753 3.158152 4.044617 -103046.677659
163.220137 83.926707 2.669091 4.848879 -103048.587497
174.935025 87.957313 2.260615 5.263216 -103047.957855
159.940142 90.162505 2.037519 7.351908 -103029.391684
170.368984 87.093905 2.930935 5.093402 -103014.270770
171.653551 86.409786 4.013675 4.104553 -103057.848263
166.187826 93.346252 2.165360 4.590251 -103050.483432
164.088241 85.445892 3.306480 5.552564 -103023.161228
172.461299 86.611666 3.992730 4.550300 -103055.789161
162.207438 91.523785 1.971342 5.873326 -103032.397514
171.770802 86.331847 2.673415 4.073659 -103054.405554
169.044930 82.309081 3.630515 5.649897 -103049.747761
170.901304 89.060887 2.367287 6.961042 -102976.460469
164.013326 86.436030 1.906244 4.471784 -103054.412446
171.076420 93.450708 1.884986 5.543534 -103039.841655
161.875208 94.417751 1.287959 7.233992 -103044.044214
168.819110 91.057589 3.144972 4.465736 -103035.440445
166.040511 79.465212 1.643829 6.737469 -103052.058108
169.928396 86.304398 3.878241 3.921791 -103050.542855
163.299709 88.243047 2.441239 4.976921 -103032.919589
169.074023 98.064988 1.670462 8.936230 -103029.279913
162.716443 83.356005 3.268219 6.293145 -103053.759201
171.454373 83.336166 2.755924 7.384139 -103008.727447
170.995159 91.418391 1.829648 5.727756 -103025.163761
167.815521 98.060248 2.330755 6.771475 -103057.862382
168.104915 84.495085 2.359591 8.183231 -102972.520525
174.261807 87.079280 1.585534 5.279645 -103054.731720
163.675901 91.440930 2.765882 4.951785 -103034.642728
168.310231 88.585346 4.370958 6.867653 -103041.133050
172.465689 85.731126 3.363857 6.661831 -103018.531778
171.292203 90.425546 3.247127 4.752924 -103036.934840
170.058061 86.757716 3.376880 4.581695 -103028.508060
164.471958 92.363567 3.900152 4.967987 -103048.931253
167.411408 83.546412 4.035817 5.764347 -103045.810174
163.748590 89.077266 2.864513 4.971746 -103027.110203
178.122684 87.929308 1.263076 8.199198 -103041.421973
170.558929 83.054591 3.768799 6.396436 -103051.211910
161.650382 93.613245 2.743632 5.690198 -103052.268189
167.905645 83.637066 2.672934 6.529334 -102998.629649
162.154761 90.454455 3.156748 7.020038 -103027.445072
175.924723 82.756444 1.412936 7.183472 -103048.926855
175.489575 80.887475 1.254941 9.472317 -103036.914831
164.933649 89.328371 3.033647 4.275516 -103040.394063
166.729134 84.142601 3.109162 5.546557 -103015.378846
162.259949 88.407665 2.774899 4.933987 -103041.810444
164.603894 89.971678 2.757067 7.233572 -102981.045457
165.465743 95.483838 2.206114 8.030909 -103011.968522
164.675808 81.999071 1.271060 6.417502 -103049.281055
165.738690 91.683261 2.457108 7.838230 -102974.490461
162.570788 86.120899 2.532505 6.393857 -103014.175601
171.407391 87.097221 3.350688 6.450638 -103000.739093
171.029220 85.763152 2.927437 4.454791 -103039.264580
167.440579 86.849078 4.772806 5.759342 -103050.989469
172.053446 94.117127 2.960081 5.050827 -103059.119853
172.824469 91.907684 2.263582 6.027171 -103023.876278
173.295463 86.083528 3.930426 6.351320 -103056.519075
166.411930 89.165186 1.965211 7.285169 -102972.203161
166.846979 90.732966 3.662258 5.786949 -103006.476305
161.696768 92.116189 3.078165 5.774154 -103046.388101
166.479480 88.639362 3.401981 4.342492 -103031.285308
171.479590 92.307762 3.728536 4.901438 -103055.128816
167.680859 86.901296 5.020674 4.459551 -103058.312885
167.411939 91.588918 2.408293 7.397820 -102971.819532
163.306084 93.622863 2.400737 4.948597 -103050.341893
169.244831 89.599023 1.869291 4.509957 -103047.825778
171.486019 93.204704 3.249144 7.694820 -103033.743533
173.250593 93.732875 2.758631 5.313263 -103058.355202
166.407747 90.810890 3.963325 4.727958 -103033.779746
163.435927 82.968167 3.296601 5.742260 -103051.621615
174.093683 87.402436 2.809165 7.753717 -103007.966014
170.587418 86.859028 3.082617 6.113241 -102993.076897
173.672788 88.191208 2.198267 6.743807 -103004.026106
167.283451 89.207395 4.097786 4.056449 -103045.451289
162.822217 89.153278 4.028498 5.071234 -103053.713485
169.399487 88.311474 2.815791 4.608177 -103025.558072
173.327846 92.345965 1.128451 6.249142 -103055.912623
172.268896 92.946291 2.384406 7.097061 -103007.870390
173.704345 82.217339 1.703114 5.801753 -103054.735761
171.587557 86.382026 2.327259 4.469644 -103045.675046
169.498187 93.446531 3.585328 5.928199 -103035.187713
162.745381 86.991230 2.544667 4.226948 -103058.526395
160.812149 88.565036 2.234874 5.577971 -103044.757384
170.576297 89.281945 3.465221 5.982724 -103002.256090
168.352180 83.001191 2.519984 4.321414 -103055.333657
170.963227 84.988355 1.650975 5.650937 -103031.862689
172.782398 91.950346 1.530882 8.168017 -102999.517177
171.236096 92.518822 1.160793 6.984446 -103032.927847
173.315885 95.454007 2.115281 7.223967 -103039.592611
163.378313 89.505458 3.624825 4.079520 -103058.771652
176.662968 93.376890 2.059071 6.954504 -103056.813375
176.858556 86.722452 2.506871 6.766884 -103045.762746
170.243138 87.121491 3.256974 4.514127 -103030.409785
167.373532 85.677443 2.794790 3.617756 -103058.658511
163.468972 91.864004 1.347807 6.356932 -103035.463929
171.316676 86.289607 3.658618 4.476348 -103042.233536
168.600269 86.988960 1.525096 6.303971 -103010.516922
169.084405 92.925013 3.208923 4.789068 -103038.993325
179.701284 85.868825 1.268551 9.863561 -103039.808493
169.889035 82.889071 1.557352 6.782569 -103020.087506
166.394690 93.250534 1.451397 7.125259 -103012.854122
165.253731 85.843634 1.726438 4.467415 -103055.957654
168.979349 86.527768 3.638324 8.362641 -103030.674780
166.380060 90.054109 2.956883 7.229026 -102973.623257
168.990283 89.839384 1.991860 4.852869 -103033.725339
171.951690 86.219363 2.960750 5.262699 -103022.387307
163.478077 83.713594 2.131558 5.842012 -103031.265053
172.269903 86.351206 2.151893 6.630730 -102997.448586
167.606611 86.158398 1.752529 5.259401 -103028.755868
170.508013 80.194612 2.559718 6.018592 -103055.504336
165.156547 87.021372 4.217765 3.823066 -103059.479402
163.257657 91.079335 2.868864 5.071527 -103033.472398
171.263542 84.299666 2.069652 6.424467 -103007.361083
172.552654 91.745726 3.265686 7.978672 -103032.658031
168.052700 88.817723 1.923459 5.787578 -103005.242691
162.300497 93.334022 2.276775 7.412888 -103017.859445
171.315161 89.103528 2.456738 6.379758 -102990.047988
166.774195 91.176985 2.069028 4.941181 -103031.639196
165.108679 93.907604 2.299839 7.945005 -102996.493802
176.340176 87.884657 1.867931 5.689483 -103054.799659
171.818389 91.028492 3.721352 5.179667 -103043.005221
163.363536 96.313919 2.721754 7.868423 -103058.905373
167.538821 87.903654 2.848957 3.597846 -103056.914761
167.097707 91.219559 2.999917 4.874211 -103021.643300
173.120901 87.251967 2.770190 5.551585 -103022.984339
164.838799 95.104995 2.479055 5.536188 -103043.215169
173.646619 87.396652 1.544859 6.348966 -103027.938380
169.093992 90.338386 2.645257 6.282585 -102983.637793
165.381034 88.166418 4.148384 4.623804 -103036.953997
161.285860 94.838398 2.593129 6.404796 -103058.239060
171.882014 90.984354 1.881205 6.013827 -103019.228467
163.097353 87.224309 3.333970 4.835599 -103039.799313
166.788438 91.725725 3.464745 3.949215 -103054.284201
170.785086 90.545153 2.955977 3.967418 -103058.243100
170.589791 85.091380 3.269752 5.116960 -103024.217008
167.245747 87.959812 1.666711 7.803508 -102972.880899
158.091033 86.266088 1.591935 8.084220 -103049.577052
175.469793 84.615882 2.038351 5.415714 -103056.999026
169.075456 92.620274 2.620109 4.425162 -103047.351918
168.984116 84.048439 3.768127 4.543001 -103045.533989
168.703072 84.550452 2.664426 5.310061 -103015.667883
168.974010 85.090354 3.726835 4.297538 -103041.834371
168.067177 90.750527 4.048980 4.522602 -103039.102002
170.344281 95.162202 2.170969 5.386792 -103049.063339
171.290610 85.609403 3.147085 6.671674 -102999.555841
171.118149 88.157868 2.511254 6.125443 -102992.999654
163.918203 85.240967 2.299401 6.288582 -103007.567067
166.620477 87.234579 4.669722 5.178580 -103042.179105
165.425688 94.932900 2.795335 7.283037 -103024.119026
166.695554 90.843706 4.176834 6.377140 -103030.630152
165.331889 85.666593 3.337072 7.008135 -103002.358383
165.867650 95.085480 3.297461 4.945927 -103057.711670
166.252889 86.055929 3.618838 7.899737 -103023.857261
162.558298 85.095130 3.069245 6.299545 -103031.193970
169.479024 81.504355 3.204391 6.022125 -103047.032378
169.844568 89.169167 2.393182 4.101133 -103050.652888
162.055014 89.109411 2.381181 4.573700 -103054.787557
173.893860 86.203328 3.333241 5.619701 -103041.119149
166.195012 85.006897 4.202141 3.916197 -103059.164345
164.077479 86.640173 2.019621 6.498540 -103000.379080
168.273894 85.307363 2.187026 4.038703 -103055.047577
159.977477 88.897535 2.611832 5.526317 -103057.793958
165.298970 91.215569 2.831778 4.644061 -103033.367352
171.418288 92.612804 1.060889 6.559784 -103047.571077
164.072263 85.616245 3.166009 5.992103 -103013.699879
172.641996 90.498045 2.985197 7.532994 -103003.024779
166.511531 90.940316 4.109330 6.588094 -103030.879104
163.916290 95.430705 2.827392 5.651087 -103053.545785
159.912653 84.467589 1.831576 6.565469 -103052.739444
166.891858 85.530463 1.816402 6.895537 -102990.271104
169.910329 83.408711 3.958998 5.058831 -103052.452059
173.058317 90.279570 1.294691 5.803525 -103049.748301
168.223304 88.580577 3.688419 3.890900 -103045.991970
165.394027 88.122098 3.988439 4.342679 -103040.430239
171.297892 81.857142 2.540293 5.303557 -103048.773884
163.013733 92.394286 3.286635 5.376944 -103041.915183
175.359702 87.280931 3.036913 6.392931 -103041.672560
167.204400 88.635732 2.072605 5.621391 -103005.141560
168.630118 88.659260 3.613548 5.133713 -103009.920739
160.444490 84.406908 2.473769 6.044651 -103056.071189
176.569325 90.361307 2.543921 6.740345 -103047.639982
174.636994 88.760418 3.352960 7.063222 -103042.997375
168.931881 92.826272 2.320798 5.936357 -103010.116496
167.248765 90.915597 3.191156 6.753596 -102984.735868
171.273333 88.560213 4.111553 4.867472 -103041.925665
171.155341 89.559514 3.180505 4.673217 -103034.308215
169.348837 89.189634 2.373090 6.740351 -102973.330051
164.607263 85.462102 1.925625 5.376152 -103029.511856
170.364567 87.708175 2.857005 6.229027 -102985.576795
172.451888 85.254880 3.953361 5.895605 -103049.786585
168.506435 85.816439 3.152525 4.745707 -103021.788412
170.432021 86.170729 3.539781 5.408910 -103015.074939
168.486553 92.302169 1.801395 6.268628 -103009.561312
166.187484 87.053606 1.668076 4.496481 -103053.035819
172.294010 92.807241 2.199463 6.115870 -103024.511050
169.410941 89.137324 3.114552 3.697129 -103056.732983
174.073064 82.772827 2.019706 5.692080 -103050.970386
166.035029 95.960913 2.839101 5.603124 -103051.662862
172.365015 93.305316 2.596073 4.874218 -103056.385809
174.530373 90.503136 2.476214 6.441578 -103024.720751
161.100630 89.512806 1.679249 5.642323 -103048.904888
167.955340 87.690492 2.058874 4.633667 -103035.410268
166.099741 87.363434 4.560028 6.147193 -103046.850031
174.309666 92.801893 2.360121 7.057386 -103027.576551
171.775668 97.101664 1.782957 7.077668 -103048.241061
165.181742 87.199060 1.985851 4.642127 -103041.822985
166.609874 91.524851 2.467400 4.191208 -103049.534328
165.148131 95.501208 2.533129 4.876742 -103058.799122
163.877446 90.193004 3.770219 4.760098 -103041.835371
172.237893 91.013926 2.730130 4.496610 -103052.993145
166.687423 91.059823 3.496393 5.427015 -103010.982342
168.242356 95.032554 3.000459 4.779343 -103054.545680
162.271165 95.168492 2.305485 5.813605 -103054.472702
162.640324 93.613385 3.005214 6.324241 -103041.400210
167.577319 91.679378 2.381329 3.987547 -103057.679181
162.152411 89.203857 3.842948 5.754826 -103053.758052
165.481924 84.417806 1.185706 5.342903 -103059.156707
163.674401 87.327738 1.530433 5.426671 -103041.583853
173.951127 85.356352 2.444019 6.303160 -103020.989529
166.758724 82.412870 3.355378 6.710001 -103036.351423
165.837114 92.440873 4.076596 5.072778 -103045.490148
170.206702 93.652518 2.998600 6.270949 -103020.815588
169.448794 88.610579 2.406204 5.150796 -103013.797991
165.021503 90.744392 3.505715 5.004361 -103025.563683
171.934427 86.670424 4.100579 4.624608 -103051.799683
170.946085 84.136277 3.481914 5.334333 -103033.547661
161.221178 85.103058 2.097657 5.169867 -103056.531774
173.100995 88.462205 2.864229 8.390128 -102999.314953
172.953772 87.689788 1.567577 6.660770 -103015.752906
169.091629 87.538786 2.818536 5.285381 -103003.528080
164.032212 82.881938 2.315401 5.274687 -103043.428982
164.051965 94.850339 2.368321 5.974171 -103036.823828
