42.583857 135.798895 5.977623 3.218710 -103835.889610
41.477816 137.186865 3.311073 4.086782 -103886.114556
41.580491 136.271832 3.278610 4.883282 -103883.635455
42.124105 137.542775 3.333187 4.990895 -103882.979551
43.766038 136.201369 3.811587 3.847864 -103848.675978
46.009672 135.608987 5.478617 2.858835 -103877.563731
41.292902 136.498665 4.502660 3.548568 -103872.134839
42.296913 137.129269 5.344334 4.202597 -103856.766314
45.048448 136.295949 4.611320 3.862546 -103844.865949
41.712388 136.651572 3.669135 3.942385 -103871.974800
