41.719099 148.909911 6.206560 7.971754 -109342.138964
33.855952 156.411961 5.196507 6.042604 -109266.084969
42.904411 148.380262 3.658554 6.976795 -109173.766276
37.671611 151.076584 1.273536 7.978270 -109293.458463
43.988091 149.289314 3.008198 6.860384 -109216.990610
39.867646 154.012936 4.207644 5.640711 -108983.059661
33.184037 154.181806 5.797742 7.513521 -109350.505015
35.533975 155.243515 8.308184 2.368099 -109348.815572
45.216237 151.056283 3.886431 6.329901 -109251.228048
37.919957 152.352083 11.048451 3.510284 -108792.670437
39.476336 151.462284 5.799489 5.772085 -108867.741090
44.110235 154.961921 5.669298 4.529915 -109278.465587
44.230361 156.212282 4.526474 5.936811 -109293.770322
36.625749 159.269913 1.297631 8.014357 -109377.191543
33.452421 147.505338 4.781349 5.519951 -109335.270764
38.969252 148.984920 7.562681 6.100346 -109079.746993
42.297513 149.618914 7.733868 2.068429 -109337.882870
34.248708 156.561476 5.074249 7.817107 -109319.079754
33.041442 153.959477 5.340217 6.836307 -109250.447974
35.770990 154.678783 3.934954 2.608237 -109365.124397
35.884354 147.620944 4.995535 5.979939 -109178.756316
37.741674 145.704550 6.620037 6.248866 -109412.345932
38.539916 149.051190 2.892863 7.913809 -109118.127362
38.910574 146.231120 8.205778 3.082975 -109405.100869
36.026595 159.831228 3.492454 9.332800 -109373.799964
32.979588 150.224354 8.412604 3.858199 -109367.809106
40.647621 144.663967 4.310838 5.059654 -109383.190262
35.819745 146.153635 1.742372 6.543614 -109360.577003
37.367502 160.035100 3.295125 4.753080 -109426.403547
42.468786 149.855444 9.076706 2.927378 -109198.817065
32.106150 151.838163 5.208463 3.962253 -109357.862767
42.384877 152.240384 4.546807 1.917455 -109400.109045
38.808420 158.187362 5.381159 3.331092 -109383.210167
47.104352 152.816526 3.205354 7.943151 -109346.601149
41.599340 150.160666 2.813154 6.243782 -109137.500430
40.263768 157.371443 5.740774 7.284907 -109283.979064
35.217578 158.280753 3.446346 4.155621 -109415.474636
37.600548 146.033350 2.811939 6.514459 -109265.763247
40.374680 143.992309 2.155698 5.527008 -109421.958473
41.951874 148.598764 4.233393 4.532450 -109183.241221
40.883123 148.843288 1.829197 4.990533 -109312.694746
36.375045 155.913071 1.442241 9.466419 -109289.822819
42.225120 155.786931 1.581869 4.414364 -109400.738163
43.837211 145.466158 2.297992 5.453818 -109412.222282
36.488103 152.195473 7.924423 5.306844 -108913.450960
39.472678 146.933149 2.055631 4.130245 -109383.857364
36.013258 147.261007 4.369634 8.543462 -109294.911733
36.618828 154.122736 2.617224 9.577838 -109167.973569
44.039453 151.041899 5.556385 8.502879 -109398.079462
33.242077 149.218033 8.826599 4.199926 -109418.788947
33.307024 151.257539 3.531439 5.132667 -109232.308739
33.413688 152.125108 2.779292 8.356021 -109207.607342
40.761887 149.848336 8.319108 3.560165 -108978.789262
38.147526 147.528235 2.168169 6.555372 -109244.478364
40.347798 154.224024 10.643328 5.818023 -109327.307788
31.072933 149.149838 4.563631 6.350046 -109413.987828
40.455579 149.132649 6.740048 2.855141 -109169.878133
42.950717 154.285139 3.505192 4.049839 -109261.339066
39.091068 148.099991 7.426512 6.059154 -109154.731160
30.830596 151.266761 4.331029 7.209151 -109379.034435
32.626801 154.354998 4.577876 4.080394 -109350.149827
42.198115 147.414651 2.114973 4.995158 -109348.463191
42.240892 149.565167 3.759662 3.010795 -109323.062888
34.931901 154.926468 8.020391 5.909130 -109263.347989
34.242146 157.828310 4.787742 7.833952 -109362.445088
40.479973 148.940962 7.001001 3.117643 -109136.817357
35.374973 151.361279 1.856118 8.068912 -109227.497227
43.544456 156.923900 4.879289 5.776095 -109295.940429
44.216645 151.901872 5.847153 5.981292 -109200.156954
39.841061 156.387868 7.278620 7.081560 -109352.189824
39.215968 154.017999 5.153686 6.850335 -108974.438955
40.840090 148.613590 7.535034 5.554430 -109098.527095
34.485978 151.541940 1.629470 7.082556 -109286.079391
43.628295 158.603167 1.918395 7.990593 -109360.088273
36.382919 152.020705 5.340481 1.853594 -109364.138203
34.237965 150.038008 4.373176 4.697087 -109186.085556
39.724862 148.392737 5.141117 4.404387 -109083.995209
37.869482 152.653663 6.766654 6.456070 -108951.375698
39.647588 157.559492 3.511971 4.153707 -109305.862211
33.329368 148.898757 6.222053 7.020009 -109420.423660
36.620903 148.459391 9.126202 5.849538 -109342.402819
39.995489 148.668416 8.894088 3.887243 -109039.600165
43.619820 154.334101 2.901626 5.756902 -109234.662883
35.608791 156.517804 6.282799 3.272757 -109334.892992
36.485749 149.395361 1.805768 7.221500 -109245.596314
34.364282 154.342824 6.369713 4.971406 -109141.643233
38.526037 150.633804 1.921528 5.776448 -109219.724545
37.409338 156.822158 4.229803 4.485407 -109210.348818
38.051354 152.109352 1.336333 6.466279 -109295.556337
37.093217 148.317296 3.893134 9.023346 -109209.136455
37.546460 144.121919 4.747939 6.374099 -109427.316780
38.476446 155.354821 4.115638 9.409253 -109219.310760
44.423279 147.869180 4.510604 5.102571 -109326.214653
41.859194 147.046701 4.792882 2.964685 -109412.220598
37.996167 149.690327 4.587374 5.725274 -108977.818849
43.147074 152.810360 9.782677 3.812024 -109165.667797
39.138370 149.561671 2.828131 7.938358 -109108.705619
41.628200 158.287211 3.074298 7.163663 -109267.816678
46.499725 150.248118 4.563381 7.209798 -109374.448626
41.325363 153.951919 5.655707 4.146345 -109020.762019
32.633079 153.933994 3.868202 5.961966 -109240.954486
37.299413 157.622947 4.513568 5.277396 -109212.368838
37.945905 153.289769 5.833137 6.817946 -108968.207285
34.620445 155.942585 1.782978 5.531531 -109348.789668
38.839405 148.812035 6.998783 4.447580 -108979.899037
35.046291 150.284460 7.129685 6.829075 -109265.401209
43.651366 150.802899 8.582769 5.401550 -109300.648206
33.187258 158.489490 2.841663 8.342343 -109326.057757
36.305996 152.045029 6.434657 8.043057 -109293.113128
39.489149 148.411719 7.176163 6.304980 -109139.057269
31.103808 151.250908 4.404996 6.391579 -109348.741150
31.146399 156.427278 1.614822 7.116150 -109400.990420
36.297310 153.828644 3.992408 3.487261 -109199.003851
40.442366 159.482127 4.775678 4.325307 -109411.177222
41.677959 147.576080 1.300438 9.039668 -109318.701081
34.722229 152.785471 10.549625 3.296458 -109180.337663
41.810131 153.212173 5.557903 3.266961 -109129.019080
39.324999 146.053906 2.545635 7.213924 -109252.312198
35.387744 153.335786 5.825046 4.983744 -109009.524361
38.537584 151.593644 5.860308 3.613929 -108940.230372
38.574987 153.131110 3.167334 3.850745 -109159.475648
32.706950 152.638184 1.702240 9.567781 -109298.132572
40.275012 148.003087 7.103214 5.145327 -109094.340219
42.163677 154.484743 9.302959 3.146947 -109165.016866
38.963454 147.417289 2.866985 4.243142 -109292.631131
39.158212 147.249275 3.077575 5.226748 -109223.174374
46.946246 148.688335 3.020782 6.608303 -109376.211530
34.191164 156.917256 4.291719 6.407175 -109248.003527
31.823288 150.314691 4.145908 7.047553 -109307.595604
37.289693 152.251834 4.118841 6.699241 -108974.676021
43.638815 149.757382 2.336746 6.428666 -109252.790469
37.746514 145.885383 7.226784 5.200589 -109378.545987
40.076265 147.590430 9.317437 4.276656 -109208.624748
39.919499 152.319161 6.012101 2.879519 -109059.810817
34.805525 154.366291 6.110930 2.836350 -109304.067947
35.939814 156.320323 4.321124 3.603897 -109304.642376
40.593019 158.986701 4.652742 3.988420 -109398.379004
37.625897 155.098999 1.426465 7.037587 -109293.550604
43.208827 151.416169 1.922334 7.881791 -109238.639175
42.375851 155.313239 7.149337 2.087328 -109409.720788
34.428256 150.796468 7.014417 5.842084 -109150.674933
