118.568592 183.798173 4.456883 1.624853 -101811.206147
125.569063 182.824146 1.708041 6.624295 -101826.470624
117.278738 181.242296 2.707462 2.962449 -101793.258195
119.658183 184.348915 3.817811 4.512402 -101822.866510
117.680228 181.434794 3.078205 3.575626 -101780.424236
118.338737 183.777840 2.556058 1.744672 -101818.956180
118.890395 183.397634 1.954319 4.323927 -101790.782223
118.361948 180.282215 1.679241 4.087763 -101792.580078
120.991029 183.633684 3.835412 4.406586 -101820.920764
116.967924 178.269973 1.039494 7.541186 -101813.235498
118.710327 180.900356 6.844336 3.175936 -101825.581172
