83.411794 121.361456 8.158788 5.657564 -102587.894740
82.344792 123.301396 5.616646 6.036377 -102574.229961
83.436093 121.737077 7.650607 5.688572 -102570.059549
82.354807 123.084508 7.026740 6.083253 -102553.857608
83.167142 122.681498 6.086495 5.901316 -102567.197415
83.532565 122.413385 7.158058 5.814893 -102571.889855
80.209407 122.461824 7.231905 5.115028 -102563.784108
80.696987 124.086829 6.517343 6.153475 -102600.882056
83.162468 122.361057 5.407883 6.123245 -102585.030582
81.558996 123.943296 6.262211 6.088088 -102577.921294
82.268882 121.897194 5.567110 6.458120 -102561.201395
80.965562 121.533093 5.064223 6.263501 -102588.141487
82.979051 122.207229 5.904511 6.337163 -102565.141810
82.349085 122.126266 6.916468 5.873647 -102530.146264
80.451823 121.096024 7.311117 5.964056 -102570.472311
83.386639 122.221797 6.083708 6.016023 -102571.405091
83.831531 122.126136 5.557149 6.205178 -102603.540077
82.832123 121.086825 5.427776 6.418824 -102583.800452
82.008249 120.592813 5.514235 6.457611 -102582.036350
83.155241 123.182014 7.427333 4.939156 -102577.316667
82.504425 121.526239 4.899767 6.733025 -102595.176552
82.409329 122.510586 7.702020 5.852089 -102544.142101
79.817402 123.004507 6.451537 5.747338 -102591.966997
82.208537 121.062752 6.881180 6.292309 -102561.122025
82.109066 124.232806 5.622291 5.995884 -102604.939173
81.750224 121.665480 7.272835 5.958504 -102533.655782
83.443803 122.693821 7.661844 5.542708 -102570.153615
83.250562 121.995614 6.433941 6.447613 -102577.462051
83.025625 122.153472 5.910969 6.781239 -102584.068682
80.899637 122.094924 5.896887 5.013690 -102593.052030
83.878497 121.989758 6.791414 5.197489 -102595.522520
82.079934 120.780034 6.267893 6.591268 -102576.285898
82.139063 120.442251 7.220395 6.072013 -102575.054987
82.040011 120.073131 6.682867 5.374859 -102578.244868
80.678616 121.167700 5.953872 6.470687 -102573.366337
82.724727 122.351108 6.320103 4.990923 -102576.514922
83.489028 122.176372 6.371138 5.192331 -102587.796742
82.899190 121.314471 6.487176 6.269080 -102563.702420
82.593946 123.374996 5.713972 6.065455 -102576.489638
82.311900 122.269201 6.372937 6.492108 -102555.696898
83.854842 122.318378 6.140851 6.209646 -102594.813417
83.658090 121.716841 5.881977 5.823759 -102590.635178
83.434909 121.361857 5.797012 5.761966 -102589.458529
81.339387 120.268078 6.815216 6.474907 -102600.081681
83.891561 121.303457 6.444254 6.179895 -102601.825566
82.315574 123.487136 6.858462 5.045020 -102570.488440
80.045614 123.299185 5.921926 5.915830 -102597.719677
81.924615 121.351626 5.879946 6.284916 -102552.549413
83.312341 120.841153 6.926799 5.452257 -102575.189870
81.644455 124.231670 6.262052 5.634372 -102592.016779
82.478802 121.811161 5.957482 5.363288 -102564.480898
81.102357 122.053046 5.067816 6.513057 -102582.532972
81.232217 122.343721 4.827371 6.118347 -102600.590506
80.343668 123.026420 6.360679 6.498827 -102589.327594
82.022398 120.903630 5.909809 6.419527 -102564.975187
81.809265 122.135937 6.879434 6.563532 -102568.121831
81.865135 121.112345 6.687864 6.427714 -102562.628732
82.532032 123.516219 6.461105 5.011920 -102591.147797
82.515331 124.369147 6.652515 5.613095 -102599.834350
80.965872 122.859532 5.945849 6.932921 -102591.078394
81.399609 123.338790 5.379054 6.303969 -102581.347960
82.458155 121.284210 4.914407 6.287363 -102597.882390
79.783271 123.294008 6.548812 6.040997 -102604.062818
82.463405 124.114449 7.169702 5.676141 -102584.561140
83.201815 120.890088 6.669011 4.943448 -102594.979012
81.124724 122.235503 5.740824 5.913183 -102555.552205
81.840577 121.359784 7.994115 5.785683 -102545.421066
83.903515 122.588249 6.900202 5.222666 -102598.042970
81.493985 120.776957 5.077623 6.597650 -102593.734639
80.273355 121.687642 6.569522 5.248285 -102568.256499
81.071884 120.083236 6.152172 5.899893 -102586.264578
83.112706 122.589521 5.044682 6.268306 -102601.112385
81.495859 124.052457 7.191519 5.652960 -102575.548031
82.329406 122.925321 5.327762 6.266090 -102576.349106
80.868842 124.090455 6.773017 5.256157 -102597.179730
81.901437 121.168585 6.996533 6.425048 -102569.576569
82.352922 124.116221 7.827287 5.333522 -102585.586330
80.014649 122.590694 7.037494 5.485368 -102569.413944
80.378615 122.207002 5.228308 6.218857 -102591.611160
82.495336 121.524146 5.529340 6.495386 -102568.675378
82.076976 121.838074 7.656603 6.056345 -102551.214469
83.654975 122.168823 6.702449 5.238605 -102583.583906
82.357281 121.183370 4.939587 6.466667 -102594.926432
81.991740 122.546326 6.151746 6.848455 -102576.306297
81.101144 123.222416 5.509610 5.353672 -102604.598561
82.090471 122.798596 5.313224 6.221657 -102572.974848
83.016937 120.727486 6.101241 5.605634 -102582.077600
80.202257 123.776936 6.164882 5.926870 -102602.220422
81.145125 120.389743 5.593123 6.389164 -102588.748072
81.826897 121.864531 7.382507 5.246466 -102517.350418
80.781051 123.837393 7.377042 6.128199 -102604.727754
81.376191 122.609120 6.444444 5.936195 -102536.214954
81.713028 123.562040 7.053140 6.017747 -102562.043307
80.771727 122.440022 7.052609 6.603084 -102595.319716
80.102691 122.475048 5.700027 6.666394 -102595.111095
80.791131 121.233371 5.211501 6.441086 -102587.208582
81.425975 122.238716 5.103841 6.904826 -102584.457726
81.324139 122.013955 6.018977 4.918434 -102586.600498
82.940493 123.228422 5.869200 5.532790 -102587.213262
83.784385 121.139194 6.481093 6.085350 -102596.872057
79.719936 121.954097 6.110525 5.836542 -102590.436493
