16.424645 186.820775 5.724834 1.286061 -110448.444959
17.005756 195.044723 10.999169 5.764250 -109816.605058
14.372431 195.168188 7.220529 3.191230 -109779.297536
16.978909 185.737475 4.403527 2.748787 -110380.369482
18.102797 192.152777 3.061488 6.677278 -109912.050141
15.443462 188.165899 8.043786 2.529363 -110207.290645
13.239562 189.751611 1.781317 2.103109 -110383.980778
20.254103 198.127925 7.009053 9.081013 -110047.330168
20.601947 196.655037 4.149711 3.821569 -110316.990920
2.754425 190.232158 3.529469 5.870740 -110298.482345
21.390625 193.193973 7.094164 7.848754 -110306.555673
12.916359 190.095315 4.959235 5.253368 -109645.769039
9.175877 185.694735 7.985545 7.019193 -110421.001351
20.524918 182.904130 1.609926 6.817788 -110369.513636
15.896880 182.088455 3.651738 6.195756 -110334.796427
12.394993 195.065612 8.052152 6.171839 -109395.230974
16.608385 188.865250 6.778333 4.356488 -109910.714271
21.450487 184.549360 2.732731 4.119599 -110442.675252
21.697063 190.764366 2.374168 4.646829 -110325.700789
14.867009 191.807855 6.123439 2.252265 -110106.901153
18.444071 185.452759 4.327397 4.749116 -110282.863664
16.843939 197.572861 3.853992 4.417788 -110071.490888
15.546117 195.629472 11.644418 6.323583 -109775.954049
9.488311 187.451851 4.769460 3.433802 -110191.442603
11.407716 192.754432 2.669778 2.537482 -110239.018516
3.819437 196.062845 7.912672 7.117194 -110290.236714
18.007532 188.963997 3.813025 4.769277 -110074.642756
7.423575 186.689871 1.736815 7.877001 -110175.003410
21.850322 187.677006 3.175812 6.310181 -110267.279352
13.278801 198.124025 2.803187 3.081910 -110267.749581
9.792587 188.137606 9.589063 2.082232 -110285.953935
1.823924 185.957492 4.532456 6.676907 -110425.853040
29.939404 195.602509 3.077000 9.918855 -110454.342786
23.469834 198.329031 1.115906 7.174160 -110366.361599
18.911813 196.113075 10.743659 2.161898 -110358.855809
2.630115 194.631261 6.545102 5.574383 -110415.092762
9.610130 190.943882 6.978256 9.953324 -110139.621004
18.294686 193.194899 10.957402 1.200608 -110398.437203
18.964009 192.080591 8.249964 8.707875 -110419.563004
0.217458 185.076280 2.038707 9.804750 -110305.110499
29.000710 191.590079 2.373323 8.106549 -110444.402241
7.737784 183.586385 2.716026 4.246374 -110390.761536
18.708976 195.496370 6.614523 6.603212 -109820.344473
21.586820 188.790621 1.961773 8.565448 -110175.372278
28.371840 192.178159 1.672920 9.688701 -110356.429903
18.255151 186.164676 1.576512 5.182435 -110316.419867
12.011831 187.119766 1.679691 6.765472 -110130.108859
8.878187 192.012324 10.661456 5.267405 -109818.331046
15.976435 186.502674 6.330799 7.586271 -110077.656929
12.017587 194.936390 9.062405 5.600251 -109392.513960
17.285045 194.895923 8.782904 2.052110 -110181.739948
8.918952 193.215264 5.628095 7.944397 -109665.090678
27.583646 195.081691 2.145626 7.786021 -110386.542944
15.481294 197.694863 9.669850 3.248277 -109954.229069
17.167482 189.928819 7.323528 6.418234 -109797.154690
9.210625 184.802590 2.020861 8.337850 -110153.459524
19.098339 196.767814 5.783173 2.898123 -110294.925419
1.614495 188.144419 4.340816 9.521072 -110218.953712
20.411610 187.401302 2.226746 7.237129 -110190.072847
17.498272 186.203138 3.312320 2.107270 -110430.525944
4.963280 191.838698 4.335593 3.763348 -110309.673340
17.731337 198.094281 4.535554 6.037764 -109922.131839
8.545570 195.872872 3.055376 5.503278 -110022.699049
23.060601 191.777133 1.567641 3.909768 -110426.659370
