5.500263 153.115590 11.840363 5.864933 -106446.109389
8.326139 154.016370 4.204702 5.395706 -106552.417356
3.952847 151.132179 2.323914 6.445655 -106569.807591
10.194112 148.955412 3.504779 9.009393 -106507.160949
2.298270 155.984166 8.051025 4.622327 -106446.561301
7.511291 148.934602 5.800013 3.826878 -106550.063540
6.859923 150.976560 6.214887 5.876629 -106195.027419
6.727999 150.279556 6.001434 6.132213 -106185.677501
2.202834 143.587589 6.147818 7.801506 -106487.178934
8.027841 151.487004 5.770037 4.203969 -106501.387237
7.669110 153.370086 3.393071 7.595493 -106443.119137
3.033327 144.029661 4.029147 6.729032 -106547.440168
1.400960 156.596492 5.589545 7.645776 -106383.487448
1.909928 154.791081 8.318915 5.895433 -106226.623429
4.349680 145.725036 4.605428 6.158008 -106419.948443
3.519506 157.229810 5.951916 5.258505 -106542.443058
6.668963 155.850707 4.477804 5.625585 -106528.608131
5.227891 146.880149 6.010599 4.938809 -106367.814245
1.793543 153.677874 4.933078 7.290505 -106236.139894
5.927006 153.556129 5.523162 3.656757 -106537.894039
1.413994 150.958956 4.569192 6.568742 -106266.065023
4.685585 153.838140 6.774390 5.893500 -106181.867310
1.688909 154.881367 6.926343 7.244059 -106220.283350
5.743258 147.280383 6.888342 5.827693 -106245.150976
6.625230 148.469757 6.042571 6.899893 -106215.384516
2.527467 157.885861 5.805515 6.007729 -106563.648036
6.645892 150.192545 5.491664 6.556322 -106195.371968
4.619781 144.115705 4.223352 6.587633 -106531.470940
6.926157 151.114172 4.604336 7.094322 -106258.948752
7.165098 155.170689 6.111323 4.430490 -106549.624043
8.227924 151.379189 4.694814 7.700633 -106329.997712
1.337866 144.895717 7.518788 5.842682 -106471.466220
3.778220 155.028480 5.408479 6.367370 -106298.163310
7.382059 148.816683 4.147455 6.315896 -106369.368907
9.418049 150.680738 7.591344 5.647754 -106462.137957
5.786098 155.775834 3.629865 6.566364 -106505.034623
8.656358 147.089824 6.598280 6.360817 -106443.096032
8.123542 147.513176 6.115270 4.712003 -106491.682301
2.847925 143.646486 5.356808 6.744885 -106520.969685
6.812271 144.592281 4.328027 6.459560 -106533.624480
2.892315 148.824306 5.230661 6.765239 -106174.405912
2.680851 149.437944 4.004268 5.488866 -106401.122587
3.649634 150.041256 4.449617 5.267530 -106332.467987
10.937305 151.429942 3.866446 7.176529 -106567.511621
0.697523 147.688207 7.461623 6.557871 -106179.504431
8.508475 153.212860 5.356875 4.604380 -106552.919558
3.311435 156.092679 5.311541 8.389975 -106365.142120
3.838248 146.932341 8.109758 6.889669 -106243.665975
7.993046 149.177751 2.771251 8.402658 -106477.580350
5.831704 149.256209 5.896525 3.216781 -106567.781064
5.543329 152.509079 5.261039 4.247336 -106402.834281
9.704773 149.923926 5.073022 6.782117 -106432.450568
6.389631 143.803315 4.298941 7.211616 -106544.996498
3.492348 156.814606 7.015809 5.890212 -106449.534410
9.362517 148.702287 6.722700 6.976036 -106460.704391
2.574188 153.097498 7.761392 3.210213 -106483.306140
5.877668 152.778140 5.033413 6.244322 -106244.649179
2.306189 151.480676 8.926890 3.308438 -106376.963135
6.403100 146.817618 8.026018 6.318679 -106345.934335
1.168707 151.189215 5.644030 6.634253 -106159.821069
8.090041 152.064002 7.091021 6.526001 -106321.794105
7.706691 149.501916 8.532829 3.393370 -106548.217298
0.040498 158.024359 5.326817 7.362836 -106537.378237
0.818209 143.966767 5.386097 6.702751 -106526.216809
1.046962 147.328726 4.815645 7.213585 -106295.505230
1.182775 144.003094 6.688958 6.209747 -106535.236611
3.477244 157.071361 3.671389 6.904482 -106543.847605
3.432495 150.485990 7.008828 5.652699 -106065.082634
2.507123 153.611642 7.903515 4.197989 -106299.845594
5.216511 157.037594 6.091082 6.296921 -106500.645772
1.651931 149.898327 6.090084 5.009595 -106274.432886
4.882673 151.734712 4.838670 6.842950 -106185.686647
3.841756 145.595026 8.542583 6.979736 -106430.863212
5.445904 147.660307 4.806282 5.597074 -106339.820584
5.792113 152.524012 3.004725 5.465835 -106534.118379
4.628290 152.394318 4.695913 6.527352 -106221.981533
5.370059 147.702597 4.322721 5.753520 -106370.326153
3.495076 145.800428 6.174662 7.180749 -106296.654722
4.928907 152.998184 5.448297 5.742741 -106221.362716
3.909050 147.098632 3.280963 7.515764 -106412.971604
0.124643 151.917769 3.362413 6.583369 -106492.102244
2.477336 148.383238 4.002687 8.347037 -106266.703392
1.235566 153.031776 9.226828 4.410254 -106257.899680
1.520494 153.882216 7.327524 5.728771 -106193.178016
0.176666 145.919501 4.219533 6.304441 -106534.168422
5.096138 146.303689 4.747776 6.080920 -106379.452779
8.551107 153.113704 5.176925 7.783848 -106401.385487
5.792584 152.415869 3.549817 7.105570 -106354.522467
3.576360 148.202689 2.880808 7.210242 -106459.380105
4.155140 151.812265 3.659920 7.118980 -106310.976814
3.578386 152.921172 3.863827 7.182933 -106305.897671
5.500498 145.891065 8.368072 4.990874 -106425.601103
5.211235 147.657292 5.067861 6.224173 -106266.618131
8.724371 153.135589 6.411232 7.344888 -106449.110279
0.866645 153.025446 4.529126 6.650550 -106319.313366
6.271806 150.631833 6.134340 5.133046 -106217.412794
4.388918 144.594748 4.987448 7.351983 -106421.945367
5.070463 148.044307 6.668581 5.167921 -106224.127325
5.721856 154.906546 5.850661 6.682625 -106311.985846
6.406926 150.414079 7.692722 3.665655 -106373.720638
4.858329 154.231664 7.445868 5.220486 -106230.903292
5.891286 157.502735 5.726288 6.501315 -106569.998628
1.448415 152.962621 4.525364 5.254314 -106423.011089
1.009776 149.876473 6.517595 6.688409 -106106.252798
8.892922 149.605776 3.890866 5.662729 -106514.490524
8.149501 147.195060 6.012758 5.312910 -106445.432383
8.002812 151.112704 7.261812 6.987124 -106325.595170
3.668126 154.690168 3.467200 6.087880 -106480.758263
5.024043 145.637071 6.989980 4.977283 -106438.766141
0.452291 152.006940 5.694025 5.978630 -106257.697415
8.588165 146.913741 3.523242 6.899228 -106509.562835
1.401210 148.524661 7.211749 5.192560 -106241.449087
6.045685 148.357651 5.274242 6.808455 -106219.353263
4.025440 152.504542 4.483280 7.638335 -106213.445434
5.540141 145.499586 3.668588 6.529146 -106495.497417
2.536193 147.354108 4.545014 4.484155 -106541.139259
5.642270 152.054069 3.126958 5.598022 -106494.172121
7.288362 151.093702 5.525302 6.646934 -106232.361919
4.152564 148.533893 4.527800 5.645696 -106318.843891
4.587837 157.323748 4.285876 6.225228 -106558.729228
10.861813 149.902289 5.823830 6.824185 -106559.997003
5.954584 147.486006 3.418684 5.657480 -106502.626534
7.802389 152.198702 3.721905 6.505417 -106423.796791
10.111723 151.908639 4.360140 6.001283 -106554.550769
8.814534 151.769609 6.290711 7.761011 -106425.774738
0.333269 151.033087 5.961470 4.575083 -106433.732063
4.095842 146.360954 8.657884 4.099480 -106441.500858
4.579251 144.062305 5.853226 5.524473 -106561.014272
8.993366 148.095875 6.923556 5.602700 -106446.653518
0.979057 150.627387 3.848359 5.790214 -106448.076805
8.122770 147.041620 4.618609 6.291501 -106434.097000
2.952232 154.872606 6.312514 4.823762 -106362.189119
5.153107 152.919314 2.883380 6.257292 -106498.660371
5.543181 143.160362 4.301168 7.451310 -106567.523870
3.932240 153.803245 10.271725 4.032583 -106251.153424
5.706902 145.046431 4.308670 8.069695 -106420.274964
2.281078 153.781072 5.307780 7.226479 -106204.823875
2.168213 149.064741 9.133120 7.130260 -106110.927494
6.819846 147.581157 4.619830 4.260985 -106565.080847
4.372579 147.579515 4.808838 6.121148 -106292.340131
10.335693 150.210973 5.132656 6.093420 -106521.198480
1.680604 152.432896 5.284502 8.285657 -106151.437842
9.320309 154.188194 5.431974 5.826005 -106551.015779
7.381855 154.077371 9.020094 5.980462 -106465.884034
5.741198 146.026406 7.511137 6.537561 -106366.994131
4.016288 152.143524 2.540506 8.075180 -106472.141997
4.046981 149.099568 3.045925 7.235091 -106408.904478
5.459124 155.305307 6.690653 3.747099 -106542.926963
3.459988 144.152194 7.433861 6.062177 -106527.746830
7.366612 152.374780 5.804212 6.444145 -106261.256578
2.045793 146.732913 4.591500 5.791340 -106431.503224
1.789168 153.275373 3.810973 6.593067 -106386.054767
3.236444 150.584303 7.431991 5.846543 -106035.784201
8.850870 144.946264 5.350471 7.415536 -106570.988687
2.569871 149.845965 3.206790 5.915928 -106475.072391
3.454837 149.491730 7.715428 5.398287 -106075.261567
8.217477 153.031678 2.947473 6.729598 -106542.993554
1.927623 149.801660 7.702250 6.648376 -106036.919811
1.638311 150.735003 7.926258 7.764011 -106061.321424
2.778695 152.992020 5.119908 9.215305 -106208.635902
8.827332 148.617358 6.413679 6.753278 -106382.841647
6.813993 152.042198 7.006719 4.696686 -106274.106181
5.367954 149.410381 4.147463 5.654957 -106343.492398
6.868825 153.041374 5.562537 5.072486 -106350.995736
4.340502 149.672374 4.731403 5.212161 -106304.723377
6.535008 145.478224 4.433292 7.307545 -106423.445645
3.859395 148.093575 6.513070 5.657732 -106178.024476
3.670142 148.291458 4.335668 4.251040 -106520.272419
1.810160 143.935774 4.601034 7.414576 -106490.836394
5.676497 149.855725 5.656241 5.339203 -106215.899513
4.804454 151.164344 3.053177 6.147046 -106450.869976
0.699091 148.910553 3.441100 6.037053 -106516.796489
7.507186 146.872838 6.097004 7.263546 -106366.462185
5.818924 152.071875 6.218663 3.685779 -106429.873382
4.795176 151.500594 3.873158 5.603337 -106367.872458
5.895988 153.978014 7.317629 4.838092 -106288.605589
6.822770 156.129978 3.785237 6.404603 -106550.654254
7.564518 153.991444 9.083831 3.976910 -106521.927153
8.340813 150.021990 5.935991 5.505858 -106349.110760
2.952935 145.545820 7.217977 6.343236 -106344.555600
8.501999 147.339729 6.004955 6.312021 -106405.168340
4.322619 144.035904 5.770008 6.894697 -106480.129964
8.384876 154.159780 7.885136 6.048238 -106511.797907
6.810529 149.948361 7.667784 5.513361 -106175.780213
1.922500 157.518009 4.953350 6.906943 -106506.011750
3.293066 150.478810 6.657691 5.860758 -106073.521481
2.165468 148.839034 3.523366 8.058902 -106330.856085
6.482643 152.388996 6.193893 5.743762 -106210.255651
5.515679 147.076030 6.641312 7.011818 -106245.119035
10.530201 147.037793 4.983936 7.893348 -106570.834024
9.541784 149.288268 3.274809 6.768538 -106535.417440
4.449636 150.801380 3.149773 6.070349 -106438.791956
4.176702 150.887709 8.290680 5.324769 -106034.013052
5.524904 149.029420 5.167333 5.646168 -106247.497566
5.525072 149.677868 7.730098 4.185936 -106233.169764
1.450230 149.910271 2.838223 9.800044 -106403.856140
3.741147 143.728249 5.292234 7.851170 -106474.667000
4.561877 147.191998 4.760730 5.683378 -106353.339932
0.224822 155.409908 5.823797 5.735054 -106433.015495
6.560381 152.900147 5.201780 5.579068 -106306.541795
3.190342 154.495365 7.354612 4.084846 -106379.953144
8.771672 150.859155 3.750612 5.408812 -106542.770213
3.296431 150.851811 6.658840 6.388002 -106049.098250
6.941384 149.179018 5.142732 6.746854 -106241.773241
6.091567 152.454632 5.264729 5.034604 -106314.954865
2.182067 151.211372 6.319767 6.696324 -106073.969636
1.305399 147.517374 4.915924 6.743689 -106301.154245
7.013135 150.693813 2.984875 6.121402 -106499.168777
11.259405 150.470834 4.694038 8.123807 -106570.488920
2.395915 149.679350 5.249776 7.570912 -106132.655441
7.252948 153.006746 7.797445 5.377951 -106288.941909
8.153158 151.448868 5.178459 4.852085 -106450.871333
7.723020 147.627316 4.446469 5.859389 -106429.492865
4.129078 154.747855 3.898326 5.582443 -106465.988849
0.479593 149.449861 8.184487 6.054853 -106111.025947
5.225740 143.805004 6.152467 6.210977 -106551.965159
5.783283 153.409290 5.956623 7.826427 -106246.817099
10.031510 147.651549 4.921254 6.349071 -106526.869647
4.949373 149.701918 5.196308 7.070434 -106151.017443
3.647779 146.786130 6.805222 5.375518 -106289.465048
0.891211 144.737852 4.028357 8.086265 -106456.219013
10.152584 151.860850 6.065152 5.940716 -106530.078405
5.133680 156.277643 5.365945 5.762870 -106454.876537
9.929661 152.792052 3.831072 9.140050 -106515.843959
9.225646 148.193598 4.798678 5.944206 -106475.395447
6.306432 145.106455 5.857867 5.580777 -106487.166417
2.877631 155.024830 8.778862 6.415414 -106272.068293
7.077982 155.345701 6.722077 5.236295 -106467.538974
2.625041 150.478089 6.120767 3.948893 -106380.384167
4.045778 149.698985 5.429213 5.629568 -106192.059527
1.287412 150.738420 5.149482 3.944936 -106537.896464
6.798288 154.060674 6.211033 6.955941 -106312.333395
6.877647 146.376777 8.911854 6.831504 -106571.016611
4.022312 149.330051 6.730045 4.628239 -106210.827660
2.003852 156.952067 5.161257 6.043857 -106500.112578
2.733705 149.511673 4.382146 5.827732 -106317.161135
0.030996 148.760442 4.283786 5.171088 -106553.617561
7.330541 150.619741 3.470695 6.604240 -106410.581279
2.354868 156.216447 4.844893 5.223124 -106526.190299
5.833755 151.270749 5.052692 5.410069 -106262.680359
10.390669 149.621138 5.111291 5.610182 -106565.923703
5.969186 149.958840 3.845216 5.681550 -106383.319084
1.007887 148.753284 5.854343 5.811761 -106265.767428
6.097803 144.737015 7.797210 6.756059 -106568.966128
4.274715 147.747179 7.883431 5.954785 -106156.809611
1.593182 154.249157 4.736123 4.259585 -106571.717615
9.317190 149.456552 8.278988 5.435047 -106489.416977
2.392923 148.886923 5.864036 8.755195 -106141.204143
10.264448 148.911978 2.697635 9.783537 -106562.454372
1.096641 146.228267 7.167910 6.760141 -106276.683810
1.762628 150.001901 6.468145 3.317914 -106540.084146
