143.988542 114.196233 1.891958 5.868176 -104144.643977
143.887676 109.858058 5.356509 2.360184 -104170.524728
141.074175 105.387058 1.606143 3.895244 -104182.552086
140.445657 112.033971 2.533977 4.135885 -104173.233627
140.814314 112.276670 2.291500 3.899467 -104171.292699
145.007950 105.314396 2.496809 4.920037 -104178.184669
142.497699 110.687212 2.860347 4.683733 -104143.203478
144.065769 116.402734 1.916938 5.321052 -104165.869477
142.330930 109.956719 2.144932 3.890754 -104154.943898
140.890051 106.979145 2.183511 4.876238 -104168.481475
147.361064 110.203874 1.521086 7.003502 -104156.421948
148.159799 111.927312 1.072287 8.494395 -104171.067861
143.727249 113.614464 4.070845 4.228947 -104156.345942
148.697549 111.337097 4.540250 3.090383 -104160.509899
146.917386 108.349741 3.877221 3.870773 -104163.131789
144.601225 111.859959 4.470414 3.818615 -104134.595883
145.293657 114.703835 4.697026 3.337858 -104151.253061
144.086958 109.090156 3.196226 5.028120 -104145.249805
146.490084 111.251390 3.240537 2.940792 -104134.336360
144.425655 114.793506 3.906639 3.355428 -104151.696021
145.296558 109.841654 3.455169 4.228104 -104131.975397
143.516214 114.523023 2.905096 3.700203 -104153.108343
140.123318 113.831481 1.481875 8.318226 -104140.684772
138.909240 108.785712 2.348360 5.070340 -104179.642988
137.977499 115.647133 1.539157 4.962203 -104182.550097
147.258023 112.745382 2.391955 5.958309 -104151.775576
