83.838832 173.191903 3.846337 6.045948 -99838.999885
83.991944 177.832078 2.381115 6.731257 -99839.707470
86.072866 166.878121 2.861571 7.269358 -99834.525857
82.308671 173.833246 2.036071 6.728576 -99824.819163
78.895141 173.559778 2.222157 8.146862 -99847.620298
86.612120 171.380388 3.422403 4.961939 -99845.146388
84.448905 167.152903 2.824694 5.994646 -99842.857411
86.680625 172.516608 3.934393 6.185459 -99836.848509
87.838995 169.152037 3.228891 5.512144 -99840.529314
88.327946 171.412918 2.760080 7.403903 -99804.400504
85.478589 174.524384 1.405769 6.642024 -99845.383703
87.858587 166.160016 1.752330 7.589417 -99838.908331
88.224913 171.944210 3.034242 5.089414 -99848.372893
86.044091 173.599733 3.093194 6.713578 -99808.014999
84.855153 170.654360 4.074820 5.392353 -99848.034398
88.043214 172.640869 2.117369 6.164516 -99828.100423
84.116429 173.710322 2.983859 5.450387 -99834.203474
83.528682 174.475840 2.173839 5.515270 -99846.295638
83.075099 176.700345 2.498574 5.840832 -99846.404224
85.538879 174.885323 2.419161 6.624844 -99812.644055
