102.496476 6.157544 5.675169 7.846577 -108642.253640
110.939844 6.530504 4.016837 5.247518 -108875.443029
100.961329 2.992422 1.394773 4.323193 -108804.500955
103.353247 0.107433 7.765676 5.121026 -108332.070290
102.337257 3.731772 3.278944 4.568198 -108589.079110
103.050451 4.899558 2.802547 4.658892 -108648.531927
98.393040 8.138833 5.764753 4.495557 -108789.047717
93.553091 7.203619 4.773634 4.705239 -108956.703453
103.031461 8.850204 4.893929 4.604586 -108750.150269
106.689954 1.177327 4.741231 4.109712 -108627.679168
108.200158 6.057977 1.543444 5.710290 -108817.820089
91.770902 0.265001 4.639100 7.565555 -108855.117721
109.172256 9.081106 1.074795 2.893577 -108968.434174
104.532738 8.973874 4.965779 2.250565 -108937.515740
107.096481 6.840843 6.280356 4.474709 -108753.286083
96.215515 4.271008 1.822584 5.190369 -108797.153674
95.868950 6.770314 4.369366 2.170508 -108941.535451
108.337101 5.763057 1.653642 8.108227 -108754.768538
106.089271 8.921693 7.395939 4.142831 -108925.757261
108.097254 2.282443 3.595092 3.980011 -108733.630539
102.765709 1.696062 1.255317 2.308729 -108913.342987
105.603850 0.360329 2.480249 5.617302 -108673.786582
111.208682 6.537633 1.968491 8.359816 -108812.241157
105.236568 10.160574 2.738448 4.980241 -108835.823081
93.047023 2.522686 1.060506 5.553927 -108905.127169
96.142091 6.398889 7.698841 3.459336 -108882.399399
101.139081 13.931173 2.000294 6.216863 -108912.497390
97.141813 0.948542 9.717285 4.713111 -108581.675778
110.036102 9.352270 3.088718 4.754350 -108919.777149
109.103413 7.173848 3.767541 1.707477 -108961.444876
91.569282 6.192541 3.181907 4.772903 -108960.175935
94.660250 9.556494 4.034685 5.303941 -108963.197399
96.204905 5.639002 5.210791 3.453159 -108801.193988
112.041164 5.439221 3.200674 6.560297 -108856.875995
103.979433 4.894838 3.440883 3.500012 -108706.892156
107.853914 4.814358 6.280099 7.481650 -108781.663744
93.840965 3.146149 7.341394 2.980273 -108900.770662
104.322065 7.454309 2.958112 8.287123 -108636.562376
99.820718 2.800585 7.616699 1.844077 -108764.013951
107.335202 6.600848 6.845224 2.895587 -108856.690900
95.647684 7.173700 3.398821 2.623524 -108931.141603
93.955451 1.473297 3.701129 6.128567 -108745.560226
106.041264 12.452411 2.203621 5.638854 -108895.388942
94.285549 1.534672 5.531170 1.946618 -108902.229421
106.807177 5.249376 2.769917 4.629759 -108726.598487
96.510003 1.225183 4.156125 3.104902 -108775.703990
100.171095 11.612729 1.432062 3.040066 -108963.999458
110.623986 7.880027 4.017648 5.971925 -108891.572602
94.844982 2.420123 1.948871 3.759416 -108868.790632
105.977992 4.938120 3.564013 2.979274 -108790.141899
97.148386 1.689150 6.373022 5.560762 -108528.557479
103.423664 11.406041 3.412729 5.994878 -108829.075559
107.294311 8.336808 6.330633 2.489382 -108944.793459
112.711702 2.901709 1.240830 5.753893 -108908.851844
103.893224 9.847834 5.450897 5.956566 -108815.578422
116.508387 3.284355 1.333744 9.043324 -108917.466372
101.510107 12.745336 2.251326 4.996173 -108915.783064
101.877199 6.609911 7.262318 5.737372 -108614.266980
100.014911 6.241740 6.085446 3.457956 -108680.612210
104.421204 14.163584 2.272964 5.837064 -108924.388344
100.388350 0.758754 3.743606 2.562977 -108784.582338
110.228084 1.182164 7.020677 6.921339 -108810.080988
93.725456 6.511243 2.777379 5.870054 -108853.460840
99.723723 4.078491 1.397122 9.636021 -108721.676423
106.013628 10.305115 5.105398 3.374200 -108944.148989
110.871443 5.699246 4.500462 3.744620 -108899.989745
111.287455 2.830649 5.519263 5.190582 -108847.212874
101.075005 11.120090 1.240436 3.645405 -108946.923274
104.874119 12.432334 1.686997 3.897378 -108948.810438
105.528717 4.617852 3.401801 2.019908 -108884.508219
114.670845 1.590212 2.426882 3.433124 -108968.388606
95.667874 1.862019 3.195911 2.774553 -108849.204366
99.825133 1.223133 3.631023 2.925217 -108744.203678
109.375899 4.553348 4.180435 3.955843 -108793.118924
107.603584 2.833809 8.067850 2.772840 -108728.371761
102.068416 16.629394 1.893202 6.921850 -108954.525298
96.671291 8.076732 2.928999 5.068479 -108814.825252
101.137346 10.006199 4.552487 5.393367 -108795.748250
104.897968 10.982664 4.593511 5.280904 -108876.675303
99.769421 5.066116 6.117090 3.199230 -108648.668128
111.495385 0.484460 5.100544 6.713743 -108781.602697
91.702553 5.464245 2.568299 6.216704 -108904.375329
100.817309 2.096536 1.828445 6.905803 -108668.208279
97.092390 11.518706 2.533785 5.256203 -108920.603946
100.856667 9.176076 5.908901 4.727512 -108799.912143
105.733637 8.193941 8.212536 4.719901 -108901.886303
109.208964 5.386706 1.220750 6.449716 -108840.726272
96.463045 10.726566 1.235266 5.362478 -108924.239460
89.283416 2.363386 2.263051 5.449841 -108957.874223
102.937595 0.265903 6.371654 7.986567 -108378.174043
87.754286 0.395121 2.656278 7.718094 -108962.569871
105.134432 9.880996 3.991841 8.289126 -108796.824747
111.502792 3.212182 4.980195 8.979074 -108917.440764
104.083074 4.406753 8.573045 5.048762 -108484.218496
105.484440 11.678052 3.596531 5.436948 -108883.258123
94.963729 2.619444 4.507076 5.742496 -108698.563162
106.143182 12.052620 2.847983 6.110080 -108871.416586
110.730232 0.007298 4.254931 2.540963 -108912.276265
109.770149 10.766406 3.213329 6.363223 -108914.847228
91.525140 5.524284 2.491334 7.262687 -108894.892829
106.100114 4.114813 5.688117 2.068985 -108827.544801
101.784516 11.338946 4.217191 9.180342 -108957.552924
92.080555 5.936759 3.221751 9.020728 -108919.456464
102.415427 1.666893 6.558819 7.774078 -108417.838755
111.751503 4.538812 2.257995 4.854342 -108880.671412
110.687839 3.092116 6.063600 6.885778 -108862.465517
104.053160 11.989119 4.024791 4.649273 -108923.956950
98.402230 2.374207 3.021475 2.491693 -108823.708908
98.975376 1.775479 7.850768 5.139077 -108414.239868
96.434210 12.451778 1.254517 4.438287 -108965.334725
94.360342 1.695236 6.384391 1.962256 -108893.992934
102.727804 7.009564 1.406933 3.008249 -108906.935129
102.952357 0.382337 5.567818 2.462361 -108732.133407
106.893057 0.631948 9.652940 5.129184 -108537.202879
105.756483 7.846016 3.606819 8.239865 -108680.324980
98.658195 6.245812 2.582629 5.156071 -108712.962014
90.844837 8.092381 1.456647 6.584575 -108948.016581
105.595859 12.879862 3.722592 5.395850 -108942.320199
103.237472 6.525922 3.198404 2.997672 -108816.928062
100.715035 8.610959 2.919629 2.131371 -108936.929765
103.733028 0.853334 6.322108 4.770617 -108399.843981
100.619682 0.810428 5.781451 6.415354 -108353.817770
107.381930 11.536815 2.922055 3.038369 -108965.299609
105.577412 8.543878 3.883099 9.949215 -108820.647420
94.453169 4.744897 4.475786 2.132197 -108932.154864
98.020665 8.894678 1.761674 8.423605 -108775.668052
115.439313 4.525099 1.709087 5.721805 -108956.521463
106.077659 4.865526 2.811699 3.149469 -108807.495135
109.463204 4.287665 3.925930 3.319247 -108832.731386
100.542487 12.043171 2.721948 6.408458 -108852.110773
108.873193 3.240900 4.044868 5.238103 -108685.624971
103.559147 11.895695 4.263266 4.316928 -108936.973927
108.260416 10.226693 2.926193 4.415269 -108911.740498
99.523394 0.408036 10.825909 6.494056 -108559.160752
101.025389 13.146597 2.755803 5.420782 -108920.041147
107.751775 0.572293 10.379184 4.340066 -108646.773038
96.270133 11.008874 2.450080 4.599520 -108938.213301
96.184003 3.127379 8.754685 5.586885 -108797.393323
96.216446 8.931789 3.680148 8.970389 -108885.681817
109.753015 4.883236 1.428239 2.729767 -108938.742127
101.797002 7.093288 5.121508 6.932664 -108600.329346
97.442181 11.290680 1.805429 4.754182 -108925.832092
108.226717 2.001754 10.683993 1.838762 -108849.035686
103.429098 6.967049 4.571475 2.308792 -108869.984453
101.581528 9.448297 6.288608 5.162417 -108825.310614
102.557458 8.447293 9.297576 3.354689 -108917.000486
109.703160 4.192506 3.294477 4.051573 -108813.048491
110.349150 1.139007 8.116944 1.291571 -108951.938739
106.244951 5.823604 6.685215 6.044979 -108658.266846
93.445728 3.531861 2.513361 1.744652 -108958.721124
107.451491 1.801525 3.612485 4.144227 -108701.292505
100.520457 12.206688 1.612253 4.275412 -108938.099533
107.256626 8.261326 3.902336 1.703573 -108959.066473
106.954624 2.341730 8.636798 8.041246 -108955.923806
93.652772 8.611927 2.466429 3.687033 -108959.273913
107.812040 10.278526 3.635929 4.497740 -108907.194447
93.751703 3.216361 6.924521 4.981033 -108894.465081
107.544792 0.696017 2.240560 7.350012 -108676.871976
94.952232 3.916552 3.205012 3.212468 -108853.974825
101.537014 9.865113 1.590146 4.726148 -108871.890099
93.477598 0.641415 4.014239 5.359149 -108788.987778
105.160719 3.320409 3.340458 4.500403 -108621.734085
99.264456 2.390893 5.694744 1.608177 -108840.684058
104.742713 8.096776 3.297158 2.575932 -108905.578937
110.349650 5.891115 4.336613 6.243066 -108816.651803
106.707694 8.707460 2.852259 9.026537 -108732.482365
98.811252 5.485258 2.200605 3.090992 -108846.888697
102.481631 0.450988 8.859633 6.302164 -108322.264489
106.851515 6.612553 9.867477 2.148728 -108946.517813
96.803769 5.262431 1.961613 2.592321 -108911.052648
104.630873 5.759105 3.207402 6.099294 -108587.636698
116.611890 1.642304 1.890226 8.226765 -108927.038904
94.260088 7.490247 3.925667 2.976631 -108953.984371
108.765194 3.450076 5.714772 6.567635 -108677.296428
92.292123 1.631246 1.435738 6.662601 -108875.082212
92.772266 3.409750 3.264949 1.568418 -108967.314481
106.939954 13.201630 2.337844 6.317256 -108905.631235
101.411618 8.198271 1.719247 8.466627 -108725.449016
101.485088 9.506411 1.679182 2.712897 -108945.153593
106.511296 3.994150 2.638904 4.793671 -108699.430947
107.043995 0.453362 3.192512 5.020046 -108677.276689
99.862765 2.107235 10.402756 5.484403 -108490.506895
97.907965 4.960483 5.146284 5.597111 -108579.781029
106.229159 3.301380 2.868283 4.192803 -108705.684341
96.178521 0.495517 1.870030 5.560348 -108789.497032
103.465573 2.447630 5.192205 3.380530 -108575.247827
115.028623 1.179289 2.968459 5.040890 -108957.036927
96.460434 8.738020 5.240322 3.032675 -108940.885364
108.640048 6.180551 4.578931 2.217468 -108917.955917
93.614432 0.946556 1.239047 4.670503 -108907.365164
101.989953 6.660867 3.410709 5.717492 -108598.075761
106.618947 3.470112 2.757900 3.503749 -108772.703019
104.233048 2.203070 9.314263 7.897830 -108851.188533
92.710783 4.850011 4.459126 4.391564 -108917.431540
100.249777 5.994956 4.882485 3.613649 -108670.241739
95.744780 6.094450 4.297215 3.948794 -108812.356728
98.608001 7.031851 3.050831 2.444174 -108900.567160
104.041378 8.310434 5.560055 4.248757 -108751.508232
105.500928 8.937449 1.257997 7.122410 -108815.692586
102.905850 3.398396 6.679418 4.812113 -108379.780217
100.820187 9.440001 2.827962 4.703245 -108809.511015
108.577078 4.940575 3.712500 4.603077 -108740.302378
108.050800 3.209265 3.607856 3.331874 -108779.574928
91.290994 2.607350 4.084761 4.650968 -108936.510224
99.001320 1.310681 7.928546 3.956486 -108472.863525
103.835477 18.526991 1.128714 6.907424 -108964.080984
96.957981 5.028255 2.923256 3.099710 -108835.485012
105.378642 8.150962 2.055464 2.364460 -108941.112633
110.970557 1.116567 6.080603 6.961957 -108805.527157
107.051639 13.879868 2.543437 6.663458 -108923.115914
110.685383 3.737858 4.852450 3.451501 -108859.804901
107.123718 1.156971 5.662024 6.960927 -108500.104959
102.134730 13.546720 1.814697 5.780978 -108911.571857
98.515028 3.119037 4.142360 1.668607 -108879.810063
112.854172 5.298167 3.633906 4.301058 -108945.104433
110.492410 5.486724 4.545305 2.735193 -108920.659602
110.099773 0.317635 2.682968 9.506614 -108687.659845
108.816095 3.313810 5.179195 4.299276 -108708.175266
103.700559 5.063134 3.401484 1.746937 -108905.192392
106.404839 4.523252 5.000301 4.957352 -108571.292152
98.455843 2.706577 5.383499 3.047582 -108662.184439
97.271580 7.646328 4.458249 1.548187 -108960.216690
108.169965 9.599253 3.328469 3.011056 -108947.534291
96.525966 9.378959 4.425154 7.650158 -108923.245579
103.374601 13.989688 3.608149 5.973456 -108961.345097
98.661327 2.006923 3.134759 3.278225 -108745.522546
103.232713 5.183588 3.790359 2.939686 -108753.967595
100.855639 6.549624 5.700266 5.962046 -108561.357925
97.929919 6.775726 5.566511 6.397397 -108710.667072
99.997172 5.942604 3.464011 2.334582 -108861.262241
98.478071 3.229581 1.730443 4.881252 -108766.517763
