66.677108 297.942019 11.111831 9.527699 -1703807985.287182
121.281742 376.823297 11.111831 9.527699 -1703807985.287182
74.693864 241.519267 11.111831 9.527699 -1703807985.287182
37.812529 356.179993 11.111831 9.527699 -1703807985.287182
152.416073 295.724063 11.111831 9.527699 -1703807985.287182
276.120643 24.475091 10.221295 9.837728 -1706195753.731840
315.893871 215.110647 11.382759 9.032898 -1704700158.572366
370.512775 23.035780 6.078616 5.781915 -1706238941.711856
168.597095 128.385055 10.761662 8.982735 -1706197795.136024
296.413394 281.153268 8.205261 5.213413 -1706237987.505639
248.245125 329.990103 10.161513 6.237771 -1706234724.986557
256.962063 116.017224 6.635596 4.709498 -1706239906.426185
15.768892 199.325719 10.018166 9.488245 -1706220685.362839
335.674046 93.507199 9.613368 4.068770 -1706237205.272872
192.846684 60.030082 9.097697 6.472001 -1706236929.406974
386.344225 345.454593 10.066843 6.326924 -1706229275.788988
187.010813 224.074364 5.654066 5.469481 -1706239273.237676
331.365240 48.510312 9.526116 4.394496 -1706239003.040534
142.446211 241.761171 4.951253 5.358495 -1706239969.024101
53.956976 98.574434 8.676984 5.321166 -1706239499.141913
