53.779560 96.491853 8.676984 5.321166 -1706239499.141913
59.399316 96.643003 7.401032 6.414719 -1706240178.496976
57.614274 101.284739 3.985381 6.058529 -1706240142.089231
51.380648 94.768520 3.545915 8.858204 -1706239946.350511
50.253711 101.001041 6.944207 5.519774 -1706239902.692887
51.620123 99.064656 4.841430 2.671205 -1706240130.984169
53.579297 99.597525 8.148410 6.784093 -1706239888.133729
54.824065 102.792412 2.748227 9.159971 -1706240135.430484
55.125600 93.960669 6.204085 7.582242 -1706239928.954856
54.559298 97.740201 6.623048 2.336825 -1706239964.173542
51.390841 100.974156 8.169326 3.840334 -1706239887.987792
