193.162542 149.589809 6.345509 7.384423 -104137.928173
188.025971 148.466448 3.104174 6.538057 -104158.300963
194.397588 150.038532 1.613581 3.582647 -104297.367961
191.851657 146.590261 3.383511 7.956614 -104073.002617
199.706934 162.722190 2.508861 8.483214 -104282.879510
186.482555 151.499562 1.665226 6.310190 -104264.423301
197.586959 160.166106 4.762851 7.901258 -104286.434987
194.642735 154.884695 3.984375 5.959906 -104097.325131
191.998150 157.281702 3.413645 5.021154 -104220.185407
194.243191 149.867804 4.019128 4.328298 -104109.246010
191.106685 150.070626 2.436445 7.183714 -104092.619590
198.694459 150.739092 4.351981 7.686668 -104018.190748
187.025661 149.025846 3.601422 7.319641 -104192.427603
194.718814 154.262862 9.471523 3.145529 -104267.266017
191.757458 147.656011 4.623901 7.215706 -104065.284538
192.345821 140.546164 2.218109 7.567050 -104247.711293
194.958854 149.828144 3.743444 6.857733 -104008.703941
195.660104 149.466398 5.681290 2.818067 -104215.024046
196.398314 158.257044 4.102425 6.910647 -104200.154495
192.927742 143.432476 5.485551 7.243648 -104265.634277
196.336294 161.264836 3.264666 6.642508 -104295.923463
188.042194 154.601424 3.208033 5.499195 -104217.608516
194.370604 147.490249 7.951254 5.783716 -104183.946011
198.539012 155.711581 6.365825 5.798687 -104201.109052
196.735916 147.416805 1.477983 8.364812 -104183.845662
195.338487 154.563785 4.645896 2.557385 -104292.832072
197.212009 142.141262 3.600697 5.256487 -104266.070995
187.891400 149.058928 4.046211 8.505320 -104210.364610
189.814665 145.954976 5.787164 7.241389 -104291.288782
197.283894 152.628804 5.135516 3.779927 -104186.860321
195.651157 154.916022 4.207169 4.212353 -104192.598711
195.462776 160.382494 3.663399 6.551158 -104277.076087
192.544112 141.057076 2.564542 5.501538 -104279.142668
195.729984 145.747735 6.501276 3.561228 -104232.196211
196.167793 149.829633 5.245054 2.965000 -104211.190143
190.579407 144.022090 5.297894 5.308039 -104233.807787
193.904405 157.998045 3.339950 8.038631 -104158.570835
193.361856 144.855896 3.459380 5.732140 -104139.448906
195.047328 145.697705 3.802978 5.859941 -104105.887787
195.277033 150.208203 4.513911 8.710703 -104021.589027
196.094301 162.560655 2.288313 9.397485 -104238.606193
193.145491 152.395943 3.013431 6.711469 -104057.563006
196.875036 141.265792 3.331410 8.164551 -104203.280827
187.074697 145.385440 3.363865 5.457075 -104262.330911
198.461423 157.768116 4.391530 7.570884 -104177.617172
198.625489 157.369737 2.627730 6.525599 -104231.327333
186.512075 154.886672 4.244500 5.913147 -104291.486290
196.267884 156.808911 5.503242 7.904906 -104206.168612
196.888302 141.008581 4.831278 6.746788 -104285.631862
194.925281 149.975276 1.578690 5.863814 -104208.380442
188.905313 152.279013 5.299652 4.745472 -104177.678795
191.423749 149.061160 4.590738 6.849288 -104042.514798
191.051857 144.255221 1.921678 4.618497 -104280.895582
190.074248 151.403609 5.423948 6.177023 -104105.076681
191.097289 149.141319 5.543341 2.578307 -104276.127970
187.760386 147.615525 4.822171 4.559967 -104246.198636
188.911894 152.025784 4.071098 3.989640 -104221.603619
199.282406 152.494172 4.107193 9.646433 -104024.246754
199.326972 156.647572 1.882194 8.051736 -104217.026339
190.523447 148.131086 3.919180 2.995661 -104270.683512
194.196219 143.932224 4.244891 5.465854 -104171.304220
187.493084 145.681635 4.697808 4.453175 -104292.787865
192.217443 151.083230 1.521468 6.003471 -104206.335513
196.856023 141.921263 5.533691 5.508002 -104297.008034
194.789596 143.684723 4.030863 4.829263 -104211.766442
197.285058 147.576659 5.106679 7.425133 -104033.068596
186.373431 149.172823 1.683126 7.009166 -104247.373768
189.426847 153.774973 3.849462 6.001115 -104136.115550
187.101583 151.336667 4.971379 4.892020 -104251.914333
198.755168 147.215356 4.296332 8.847923 -104035.107647
197.102836 153.399393 5.666114 6.794965 -104063.102762
199.394812 158.190399 4.497619 7.973888 -104187.256724
188.081807 147.805714 5.701471 4.771844 -104242.727415
195.771380 148.379355 3.842039 5.337460 -104081.669896
195.058585 145.812633 4.253032 4.638615 -104154.961530
199.792988 152.517859 1.099889 6.911240 -104295.149799
189.284582 142.448519 3.391020 7.423292 -104245.431450
192.895120 146.901116 5.553775 6.071562 -104076.646938
188.608510 146.690284 4.911673 6.420747 -104201.681873
189.566960 161.413785 1.593174 9.425429 -104252.509835
187.156358 150.054665 3.736369 7.930679 -104196.776253
193.970964 156.755937 1.623049 6.161534 -104245.833319
193.070804 144.411680 4.648654 7.168294 -104145.704686
195.938330 151.326173 3.798740 7.729092 -104003.818777
192.366678 153.278884 4.083699 2.986463 -104252.226418
188.678543 153.663983 2.429360 5.786902 -104200.626944
192.458091 145.346314 8.075919 3.678472 -104264.340859
191.985581 156.722393 3.041229 6.730874 -104155.753466
189.410497 148.370341 7.163395 4.914598 -104225.811684
195.703461 144.062595 4.580018 4.838588 -104204.349150
195.287125 143.780141 2.808838 4.740977 -104243.846398
187.676484 147.564796 1.928893 5.490370 -104256.674792
196.387740 151.917038 4.318309 4.097085 -104151.304547
197.704251 153.001084 3.924115 5.902025 -104100.907991
192.421258 149.144028 5.873546 2.521655 -104258.483348
198.876579 156.435574 4.092840 5.507909 -104226.649293
186.542546 151.066968 2.886227 4.365518 -104290.190509
187.318310 150.687422 4.649251 4.607488 -104242.397947
188.450081 146.075206 3.799374 3.503529 -104297.707168
195.971758 151.236674 2.408956 5.944569 -104136.477485
197.470113 158.854348 5.600679 6.872251 -104294.142763
191.948262 154.045746 2.612861 5.679006 -104146.644790
194.715425 151.036624 2.205483 5.108585 -104176.170312
198.182388 155.092772 2.072457 5.040486 -104275.763729
191.335011 155.939004 4.315519 3.098936 -104279.876988
195.334944 153.633147 4.623787 6.204716 -104051.607942
188.066474 151.065543 4.659609 3.688125 -104261.779693
192.517655 151.620518 3.370995 3.130757 -104247.770621
194.970223 153.908574 6.823298 7.024795 -104185.620657
193.299336 150.918310 5.422523 8.132233 -104099.026659
193.336423 151.728673 1.962146 5.524985 -104177.000465
190.961321 143.423451 3.280577 7.315694 -104174.703009
195.306528 151.498388 3.901162 7.584707 -104001.862057
195.979363 157.956718 4.532793 8.653027 -104193.617419
193.648474 155.128924 4.732895 7.487901 -104105.507070
197.459845 145.682487 2.649098 8.634869 -104097.653191
196.406351 142.652527 3.003144 5.600056 -104237.102865
192.676494 149.779562 3.481176 3.082281 -104244.449538
192.222874 155.410810 4.518957 4.789054 -104155.082583
195.639515 154.559357 5.194246 5.105642 -104121.870282
198.009333 157.459720 5.472355 7.512735 -104209.312530
195.757503 149.478490 2.641900 8.445271 -104046.608074
194.529356 141.267187 3.118730 6.125621 -104246.475936
191.211608 152.696254 2.216231 4.099976 -104245.176708
197.899422 147.084079 3.267586 7.393894 -104076.064573
192.399027 145.184781 4.029677 5.755092 -104123.888071
193.449925 152.025312 5.613191 4.849326 -104048.941044
188.022256 145.743148 3.843492 6.701503 -104204.365733
195.777996 150.312852 3.140156 2.774769 -104277.447240
195.468063 154.885115 5.843268 5.503769 -104129.268148
189.930846 150.925164 2.719465 3.652657 -104260.448505
188.682288 155.459767 3.005885 6.258017 -104195.786235
199.264845 141.188355 4.032758 6.609531 -104259.407484
199.031834 155.173759 2.938697 4.796477 -104267.695169
192.472694 147.046086 2.655147 3.688677 -104247.771361
188.668779 147.933119 5.602297 3.509067 -104266.836492
191.423506 144.895780 1.664361 4.838439 -104276.650214
187.317216 155.439090 3.201277 5.055743 -104270.369255
193.080675 155.697591 5.425357 2.521508 -104295.856384
196.581571 140.745172 3.824281 7.621505 -104242.943997
187.913190 151.678021 6.700326 4.239173 -104281.738724
192.911799 147.984916 6.351034 5.798142 -104074.516016
197.120075 149.818236 3.687234 4.290211 -104169.347670
198.534649 153.275251 4.341770 5.818114 -104117.334494
190.408731 143.132273 2.787785 6.414456 -104209.168303
191.343080 147.841457 3.631278 4.667311 -104138.049640
189.255300 154.429967 4.141462 5.053354 -104183.247635
188.271170 146.484652 2.889619 9.809098 -104185.975334
191.916795 149.249587 5.300228 6.995515 -104060.498990
199.050492 154.090590 6.571594 3.534367 -104274.425467
188.060997 146.193302 3.697018 8.611129 -104220.049025
192.122460 145.404094 5.245989 5.879096 -104134.254599
189.165744 152.831292 2.109495 6.459952 -104179.059023
189.161984 154.650270 4.144904 6.412042 -104164.107456
189.293316 152.359389 3.145936 3.303678 -104285.710955
189.658793 146.028610 4.659085 5.420469 -104169.695435
198.318499 144.109630 3.755015 6.219230 -104177.258352
197.880771 148.159251 5.225639 2.528645 -104295.457851
189.468695 148.262565 3.791446 2.933510 -104295.560260
191.426538 148.714542 4.012762 3.429524 -104213.062329
191.323327 149.552410 1.824247 5.955195 -104180.495631
199.937471 144.581692 6.159105 6.833706 -104166.309083
191.502755 156.838681 3.932957 5.251892 -104197.086078
194.088950 147.680613 6.080944 8.176841 -104188.362360
195.738908 149.759544 4.820095 5.104197 -104050.465077
198.441830 151.889935 3.206657 6.058883 -104128.814792
194.343064 142.871522 2.552174 4.095882 -104295.963947
192.384458 147.380228 2.763335 6.358868 -104097.091860
197.916084 154.408644 1.480459 6.456651 -104255.328676
193.739057 155.046745 9.376752 3.697357 -104289.099115
188.429546 145.890305 2.644654 8.250657 -104167.814351
188.814371 151.897648 5.589274 5.163373 -104173.865933
192.932253 146.230122 3.797347 6.613785 -104069.557682
195.683647 153.557781 4.334230 7.187852 -104035.523669
189.739794 155.400284 1.814166 8.518006 -104176.736241
198.896421 152.880800 1.715952 6.167088 -104246.772124
187.872407 146.829812 4.324876 3.649579 -104293.325536
188.642198 148.102626 6.975158 4.542120 -104264.197554
193.756219 156.755242 4.088440 5.744927 -104165.772697
185.899498 149.275553 2.488473 7.137716 -104227.338305
195.677551 146.836970 1.993979 8.227996 -104125.253431
193.099871 162.531461 2.223622 7.461642 -104293.363443
191.117663 143.965960 3.230672 6.580325 -104164.685431
192.616897 147.001744 2.935159 5.899787 -104107.575070
196.257645 144.298912 3.641530 5.677807 -104170.587316
187.409553 149.352739 5.630619 3.858252 -104290.203190
198.732887 150.189131 4.367522 6.352965 -104062.760460
190.076252 140.203631 2.927264 7.765437 -104285.948077
189.501181 147.274883 2.912876 7.105502 -104121.211583
192.598168 150.384244 3.669021 6.811630 -104017.399632
191.827873 142.802894 4.508342 6.738797 -104226.485152
189.099474 152.577150 5.039233 5.626707 -104147.462127
189.605320 147.553610 4.698613 6.247576 -104124.913413
188.456916 150.842507 3.076898 4.761137 -104206.700100
189.595874 153.516704 4.169068 6.336175 -104122.030073
186.092724 144.129312 1.665138 8.373307 -104267.041389
193.489452 155.677110 6.043021 6.571203 -104196.154986
186.830465 150.192140 4.409979 3.915437 -104294.014118
194.482027 154.599576 4.162210 5.021692 -104123.362674
189.719615 144.099824 5.203493 4.720683 -104262.000340
192.473914 146.935901 4.051460 2.811634 -104270.778249
186.625447 152.632386 1.420400 6.142006 -104285.981224
188.826885 151.390841 5.269978 3.306696 -104265.485948
195.579095 147.223246 6.106585 3.548264 -104182.511764
199.541362 145.031814 4.058865 4.322746 -104276.715904
189.275548 150.766687 5.750558 6.326947 -104166.217511
193.968707 142.902444 3.557324 4.792182 -104239.325930
197.820267 150.708642 7.308524 3.752155 -104168.210141
191.631614 158.377990 4.543714 5.672292 -104257.936527
193.913564 151.364797 3.860923 6.299072 -104017.930010
195.261732 153.405261 4.998799 6.446763 -104042.403634
188.399468 148.786372 1.821005 4.630488 -104278.451977
197.350820 156.778293 6.015683 7.769108 -104228.682432
190.143971 151.378918 7.520129 4.022831 -104195.110900
193.981359 146.799510 3.476035 8.945610 -104053.043977
189.257329 150.427519 3.750524 5.026581 -104146.228917
195.713749 144.752854 1.396677 6.033294 -104265.284253
187.975407 146.481222 4.033937 4.145841 -104269.286979
191.928203 153.195428 8.352143 4.606094 -104194.186736
192.892449 153.016900 3.775063 6.393908 -104044.147046
186.371523 152.044194 1.665828 6.737398 -104256.879098
189.626994 149.363874 2.816775 5.212424 -104164.572903
185.373893 156.500106 1.956934 8.394949 -104266.068905
190.849884 155.464241 6.322192 2.935270 -104284.767150
196.283244 156.347094 4.489522 8.800169 -104127.985028
191.235200 156.797319 5.796880 6.331737 -104275.113406
198.462179 148.486565 3.823875 5.078868 -104154.891843
199.403211 152.977561 3.801895 6.084739 -104136.985444
189.091769 150.984388 6.528006 4.613009 -104194.093576
196.226883 155.758700 3.943445 4.999036 -104187.123480
198.972349 152.639698 3.264847 4.341042 -104243.430929
196.776303 156.546834 5.279836 4.091105 -104270.236606
195.808791 143.471915 5.687425 4.301179 -104267.723211
191.341777 143.534249 4.996941 4.909362 -104235.339901
189.090357 161.995140 1.821101 8.041943 -104294.051377
192.337972 144.334681 3.962168 5.914010 -104149.125433
192.814736 144.016090 4.531140 5.589220 -104169.963719
191.917458 152.107331 2.975004 8.071462 -104050.547444
186.408104 148.626743 1.137869 8.465710 -104264.143242
199.859006 147.173486 2.103069 5.914405 -104247.176240
191.394279 157.394928 4.528542 4.126570 -104260.407636
188.718853 155.346281 3.521878 6.279053 -104189.166676
186.219704 149.852421 3.123391 7.130986 -104214.037294
190.628110 147.652259 3.140565 3.690348 -104239.939839
189.282916 151.656052 2.923342 4.221866 -104226.037064
191.015612 153.009015 5.190111 3.575845 -104193.464769
193.691912 159.474690 1.832902 5.744538 -104291.496155
188.047162 151.404832 2.327298 6.628712 -104177.836229
196.256800 153.197542 2.699610 9.060261 -104054.335252
193.635965 156.724895 5.144278 6.693124 -104184.571965
194.095721 153.784437 5.277944 7.217586 -104075.939613
193.687409 145.944590 4.725001 8.077332 -104106.788502
196.992870 147.866419 3.840379 7.140183 -104035.710133
189.927958 150.451777 4.798086 7.910237 -104144.974765
188.056909 155.213942 4.744024 6.096176 -104250.204472
198.871142 146.530032 3.879705 4.188840 -104247.492728
198.132947 147.589883 4.989379 2.836883 -104287.590216
189.831994 146.301663 3.404448 5.626997 -104154.693259
197.672645 156.833876 4.672105 4.333880 -104280.327165
198.682572 150.945324 7.786677 6.561870 -104106.775588
189.148586 152.433787 5.158600 5.429310 -104148.031916
195.091272 151.945528 8.272656 3.277967 -104169.433765
196.672038 155.044214 5.591929 5.471106 -104144.632501
199.139206 151.698732 4.503171 4.434288 -104193.355672
199.796035 156.279940 7.019802 4.847799 -104290.592466
191.548731 144.970062 5.322344 4.557130 -104192.810945
192.289960 155.568510 5.588515 6.417368 -104172.562043
190.957368 150.125535 3.587693 5.371170 -104087.657108
190.121753 155.652755 4.001886 6.257236 -104161.369922
197.336668 156.958055 1.356587 6.667134 -104280.451428
193.629134 158.465895 3.341245 4.868883 -104261.623350
192.576261 156.049960 1.392848 4.645654 -104301.124265
192.057349 157.244769 5.085318 3.884284 -104261.457089
193.196428 152.006292 2.980334 6.037760 -104075.633401
186.384431 151.840018 2.529552 6.171020 -104235.580110
193.332790 155.831140 4.284059 7.548548 -104115.394449
189.777366 145.251019 5.135481 5.279091 -104204.692385
195.529559 157.750980 3.707840 4.063069 -104289.450905
184.127256 153.670743 1.902419 7.361602 -104295.694371
186.622332 147.276381 3.186885 7.221801 -104215.636707
196.411988 146.727758 5.786526 6.380046 -104075.375182
196.104104 150.120266 4.108266 5.177050 -104072.948997
188.994189 144.123174 4.497229 4.632898 -104269.544626
187.610565 144.001387 2.214207 8.522776 -104223.266030
187.557987 150.389078 2.640351 4.312656 -104270.888912
189.291267 148.927046 1.327823 6.920194 -104230.530780
197.892997 155.393838 2.326809 8.611956 -104130.580557
194.321519 150.873999 5.011903 7.908830 -104029.805296
188.931921 152.871237 4.567551 9.021561 -104266.529107
188.320844 151.028495 3.181350 3.758396 -104269.373395
187.800242 145.635362 4.122184 7.022831 -104231.306479
191.843654 155.512002 6.558402 4.442391 -104205.186012
196.308484 150.449525 4.543624 4.746618 -104088.551534
190.335514 158.945313 3.197805 6.258293 -104254.331169
190.884385 155.803534 2.525767 5.282787 -104210.577775
189.389568 152.818908 5.603230 3.436671 -104245.505796
193.712472 145.428040 3.777824 7.575629 -104078.711338
193.606611 160.453550 2.846587 7.034524 -104253.096879
192.055515 152.735251 2.034070 5.457467 -104182.989055
185.672850 151.832582 2.082241 9.130696 -104214.550862
189.778152 146.764843 3.061477 6.399133 -104131.819703
190.972305 155.963973 1.426639 7.047270 -104234.453516
192.781148 157.037139 5.743888 6.190394 -104244.459908
195.011089 142.655329 4.616918 5.631679 -104224.925331
194.313948 154.930616 2.243812 7.570099 -104127.035400
187.061960 144.027410 1.703401 7.600047 -104260.118883
192.605793 158.677605 2.618948 8.591738 -104175.670713
189.894125 142.196956 2.083151 7.022139 -104242.949864
194.221705 146.805764 3.970764 6.225038 -104056.081876
199.688234 143.308927 5.783463 4.688045 -104292.399868
196.797553 149.838998 4.321997 2.706435 -104261.540882
194.772766 156.674775 5.306942 4.688542 -104216.641611
194.818433 149.002449 3.073817 6.572038 -104052.428800
189.209948 152.770221 3.362727 4.332318 -104211.610063
198.735082 162.435970 1.864827 8.339877 -104290.353656
191.450477 149.897052 3.763137 6.070706 -104045.833655
187.363687 146.911894 3.900037 8.341574 -104244.056527
193.031441 148.099609 9.196001 4.962820 -104237.621864
197.426472 147.289908 6.028341 7.624782 -104080.679252
190.500925 155.834414 4.299605 6.146775 -104164.210594
188.937045 155.529051 3.641029 5.089334 -104219.796220
193.784983 157.006787 5.802344 3.518707 -104273.573914
193.489573 156.161930 4.886001 5.885829 -104149.133124
188.467180 144.510584 5.308552 4.664828 -104295.768098
194.278853 143.213385 2.279208 5.907308 -104223.019772
191.545977 150.864913 3.576401 4.337818 -104142.532757
190.065101 154.361030 5.838791 3.811517 -104222.590547
190.469722 153.450447 3.568712 5.774687 -104110.976359
185.152864 149.366813 2.385291 5.966894 -104284.105579
190.841050 158.083851 4.238016 5.172215 -104257.498892
190.398904 149.300481 2.679404 6.260908 -104112.793614
189.182560 152.960526 3.872029 4.478327 -104192.487693
187.910732 148.379423 2.644801 6.387860 -104178.954095
190.700512 151.078869 4.092521 4.747995 -104111.907124
196.820271 157.284992 3.267926 7.266959 -104157.823241
189.331391 157.496748 2.134222 6.029705 -104255.249370
187.208002 155.942981 4.147444 5.167084 -104291.002268
184.043610 151.042872 2.827017 7.409983 -104297.587120
195.178942 152.720315 3.678069 6.246776 -104049.373794
197.045261 151.244265 5.859478 5.261321 -104060.043083
198.273122 158.195646 3.084756 8.410847 -104163.516378
198.968245 154.090820 5.510542 4.596198 -104203.876595
190.761749 157.100566 4.770192 5.178186 -104231.448805
197.937361 145.386866 3.630477 6.738834 -104118.935189
193.683855 152.629640 1.265476 5.706930 -104250.713022
189.496993 148.574614 4.927023 3.972377 -104198.482129
194.691986 156.270907 4.403502 4.381304 -104209.387437
193.273157 157.512944 5.019608 3.264673 -104293.602476
198.154186 142.832489 6.083406 7.312836 -104257.653818
195.014919 161.075022 2.911970 6.403403 -104289.813049
198.683518 152.032154 2.503652 3.729156 -104295.122287
192.019401 150.120564 4.650681 4.190630 -104109.950965
199.371877 156.818568 3.218474 6.389929 -104217.706897
188.181318 152.779565 4.787811 6.254390 -104189.201903
186.718363 145.787676 3.799002 5.251005 -104279.327150
191.126334 146.400329 5.553410 5.787087 -104131.672218
191.092297 156.030087 2.172378 5.281900 -104231.483851
190.210007 156.080251 2.369030 5.102062 -104239.043529
197.384890 138.607369 2.181688 7.644110 -104296.363309
192.785287 144.588426 3.780047 5.943461 -104136.751677
190.358359 151.139824 1.493571 6.458437 -104209.599414
192.969069 150.047629 2.606892 6.595853 -104077.273188
186.410426 146.991862 2.860691 9.827537 -104239.195020
190.613970 143.531616 2.499545 4.385029 -104282.334145
192.414361 145.336293 4.486105 5.738714 -104118.696942
196.846702 139.285818 1.529585 8.431814 -104285.155794
196.704180 153.779843 4.078373 6.195914 -104079.819680
191.731433 154.313216 3.868276 4.835247 -104138.286268
198.086147 145.559535 3.698789 4.816732 -104213.551663
194.312022 145.600814 4.139766 7.063898 -104073.762771
196.555733 152.336111 4.651742 4.809542 -104103.243017
198.897155 153.135288 2.814909 4.361801 -104263.342057
192.639812 155.344121 2.373511 9.342666 -104104.568248
197.325583 151.907245 4.570610 3.811510 -104186.812641
193.575253 153.677358 2.259515 6.334815 -104138.790197
198.309842 159.706947 1.231273 8.917709 -104276.021546
196.723069 140.946798 1.994479 7.095063 -104261.909303
190.682812 147.276556 4.102496 6.346352 -104084.468970
197.687649 149.157526 3.254594 9.111140 -104022.207322
189.030855 156.801930 1.970495 6.401060 -104243.719987
193.570438 148.956011 6.505164 4.572032 -104063.946140
198.197824 145.487567 6.153305 5.771370 -104154.620324
198.366468 155.498128 1.994906 7.164599 -104207.130094
195.964910 159.913141 2.031943 6.666773 -104272.690625
195.489061 149.519889 1.516869 3.989002 -104291.324783
197.609322 152.214175 5.668161 5.336579 -104082.375812
191.775724 153.407028 3.715985 7.252337 -104058.226600
195.707415 154.860371 5.685788 5.012626 -104142.439873
195.598457 142.497682 5.772465 5.853698 -104276.738445
194.609205 143.929049 4.864972 8.000631 -104178.430063
194.095708 145.471890 4.552622 3.962347 -104196.489028
187.869305 150.499758 4.680549 5.656899 -104183.253057
186.452049 156.312560 2.195591 6.701876 -104271.187529
187.449863 150.431669 4.493165 6.672400 -104199.954101
190.785331 152.128985 1.709694 5.569856 -104214.413114
197.046088 151.777480 1.099299 8.060335 -104237.821494
195.131654 141.570846 2.482569 5.871235 -104258.753413
189.382472 149.159274 2.519361 7.353672 -104118.923787
188.708498 151.371554 2.724414 4.722792 -104216.949430
193.401926 150.826735 9.079822 5.263564 -104206.353377
197.596089 153.279972 4.554031 3.893828 -104209.051063
197.184473 157.882669 5.460616 4.786570 -104301.108265
196.005313 145.510861 3.958329 4.536914 -104187.960082
193.555723 157.155183 6.101532 4.963813 -104253.463286
190.532826 156.846003 4.437472 4.525347 -104239.620210
193.106768 150.312334 4.149690 9.452035 -104075.476672
198.407452 155.543074 4.095004 3.936767 -104284.293470
196.079075 153.540506 4.603266 4.707222 -104125.256338
190.478298 150.405639 3.410311 5.046107 -104122.458615
198.918713 148.528318 2.220739 9.623708 -104098.019054
184.407843 154.523325 2.352669 7.776235 -104285.097508
194.737956 161.015330 2.478262 6.328040 -104290.587984
197.118227 145.600495 4.355751 4.737823 -104183.987664
189.358710 152.650883 3.828179 8.450423 -104136.467092
186.408865 149.093961 4.197870 4.620663 -104283.468343
189.381392 155.612562 6.063380 4.156051 -104270.710223
192.595166 149.513118 5.679854 5.699840 -104027.638007
190.919857 143.735392 6.302821 4.555899 -104288.370053
193.937321 154.366239 3.946041 4.968721 -104121.524027
196.552977 157.332524 2.844412 7.007418 -104176.608930
189.483275 155.103622 4.569394 6.608462 -104182.434629
193.864408 158.652800 1.585989 6.342849 -104273.189369
193.235387 154.314413 6.899253 3.641585 -104181.975019
194.969228 149.798403 3.891509 8.286971 -104000.710339
193.463475 146.506494 6.411909 3.846059 -104166.600511
185.985451 144.385557 2.570345 7.198936 -104272.603469
192.612549 154.382651 3.914901 3.441856 -104226.011288
199.987216 151.480490 3.324132 6.234969 -104151.044552
193.607351 153.638486 5.932403 8.158829 -104203.426231
196.010735 147.820287 3.899659 4.399867 -104149.718991
193.660171 158.658308 3.049975 4.946062 -104267.713526
196.087650 154.878285 5.445709 2.929658 -104272.924533
194.349824 153.909890 4.609667 6.167793 -104055.711685
199.999449 149.950923 1.888113 5.277179 -104279.835797
191.915891 151.215543 3.671015 6.424524 -104034.842516
194.190782 154.065498 2.738958 5.577590 -104140.978900
194.713888 143.750589 3.531590 7.008793 -104135.817583
192.962551 158.179006 3.210536 7.395777 -104178.346674
191.427054 139.785046 2.498549 6.283318 -104296.998869
194.959651 148.974838 6.066093 5.498313 -104030.989927
193.892082 152.765910 5.653971 6.332970 -104044.790458
190.122154 154.629890 2.363329 5.301451 -104208.164654
185.737465 145.723059 3.052096 7.587970 -104268.535115
197.375693 146.699565 3.805854 3.208414 -104280.042656
195.956854 149.245791 3.452463 4.371921 -104153.997382
190.664567 143.943852 4.569253 5.495718 -104208.160993
193.342098 147.258888 2.343189 8.096096 -104087.337330
197.999097 154.333080 4.254367 6.340858 -104106.419468
194.467283 156.131436 2.903001 6.795382 -104135.413224
196.153594 143.427405 3.222134 5.238013 -104224.737654
189.306049 147.710605 5.547772 4.967492 -104172.865878
193.591815 155.933215 2.464499 5.602819 -104191.515632
192.350753 142.343405 3.860893 4.527843 -104268.719598
199.469141 144.607138 6.810716 8.234210 -104224.536066
190.631310 143.083959 5.242120 4.111631 -104295.598478
188.602212 149.834165 6.201654 4.259908 -104223.101827
189.295419 150.851743 6.699209 3.259028 -104262.214563
197.252530 151.718114 2.904819 4.923544 -104176.671990
198.238291 151.120556 2.029579 5.532128 -104224.221353
191.534375 149.510247 4.672522 7.048658 -104042.234891
191.744110 159.103859 2.707128 5.916101 -104254.434886
190.798396 150.624948 2.159296 3.874511 -104260.883177
188.847747 157.589559 2.756459 7.082775 -104224.866887
195.067617 153.798629 5.051069 2.820490 -104248.911937
186.403571 152.876603 2.707734 7.317944 -104212.674103
193.108070 147.508899 5.951692 5.485512 -104067.228520
195.299351 152.810271 3.820484 5.397498 -104082.073361
194.405520 145.965569 5.550549 6.205020 -104097.104824
190.926229 152.613831 4.592008 4.434681 -104129.064888
186.741901 153.012504 3.314182 4.526478 -104278.335842
193.884568 152.622534 3.072124 5.277821 -104110.514511
185.317291 146.706992 2.868332 8.243699 -104264.229052
191.758247 144.890328 6.464862 5.065348 -104219.767326
188.804745 149.113013 3.418719 8.586941 -104131.300007
192.595648 146.511717 5.771895 5.179845 -104106.483234
198.043984 154.824798 3.433381 4.716402 -104227.638839
198.491246 153.433936 2.640444 6.034553 -104181.378299
189.394599 150.634918 2.706907 4.467018 -104215.516339
197.328006 150.571003 6.336282 2.881437 -104224.314480
193.757978 152.100958 4.028914 7.149729 -104010.840932
189.726978 155.782270 3.892124 7.020177 -104170.827837
189.026180 156.642563 2.878875 5.227461 -104248.417690
197.090375 151.495802 4.130741 6.170892 -104048.142801
198.065283 149.645390 3.079072 8.164535 -104045.893224
196.257764 153.404792 3.653878 5.308274 -104119.330686
188.757940 148.087963 5.860737 6.223642 -104222.501107
188.906981 146.329668 6.235711 3.682012 -104283.947738
194.532240 149.279194 1.372902 5.298221 -104249.131520
195.062221 156.287355 5.425062 6.749426 -104168.817621
195.592898 145.862377 5.874314 3.993787 -104191.682045
193.878898 155.596401 6.848082 5.771965 -104220.688752
193.635465 154.799487 2.387281 5.058810 -104197.683784
193.165250 153.307007 4.334666 3.740667 -104169.810079
188.657009 151.640803 5.762936 7.176445 -104270.964345
188.790160 146.223122 5.172662 3.636158 -104277.118682
194.962490 152.043708 4.491469 2.249591 -104289.600859
198.381884 155.137348 3.421961 9.089196 -104070.475471
187.800003 145.466699 1.342780 6.380351 -104282.357720
186.971223 151.233476 4.558951 5.554044 -104232.985919
199.383907 144.249865 2.833606 8.421400 -104141.272220
190.419539 153.323650 2.949042 7.919935 -104091.751642
194.417255 146.941866 3.079451 4.202075 -104193.774907
190.412430 147.408783 4.201855 6.539021 -104088.729719
190.487281 149.464515 3.127419 6.171200 -104088.721285
190.094782 149.085555 5.067663 7.100289 -104119.215615
190.132054 143.705244 3.622120 5.694512 -104210.472341
190.042560 144.817642 2.781288 6.090457 -104183.278522
192.237130 152.521751 2.866306 6.897920 -104068.917216
188.196022 144.959934 4.857904 6.851123 -104283.001373
194.003151 157.630750 4.608171 4.133649 -104263.738901
199.422521 151.488490 6.034449 4.910571 -104139.823040
193.768208 152.926544 4.025083 7.767458 -104026.515685
194.838780 153.111354 2.715146 3.948129 -104221.418143
198.406344 145.692195 3.652228 8.687962 -104068.363919
196.314997 152.923640 2.957047 4.613095 -104184.931764
196.101807 144.655131 2.332632 5.383710 -104225.338056
196.553830 147.938284 1.463093 4.908502 -104275.880539
187.049461 155.939793 2.900390 6.548698 -104247.150825
186.581275 153.930461 2.382338 6.843911 -104230.711423
196.002598 156.714656 3.863799 6.579660 -104148.827993
193.154329 156.591651 3.118388 5.155977 -104197.531648
194.457642 151.737623 5.160539 6.480537 -104008.651137
192.631454 152.504025 5.062318 9.432960 -104210.328768
199.604173 150.043912 5.949587 4.059044 -104200.274167
198.714078 153.637344 6.642004 3.778176 -104238.086864
197.563803 147.799593 2.569889 5.413163 -104186.095314
195.961390 149.174429 1.990115 6.217754 -104164.377969
191.039855 142.465069 1.814492 6.165762 -104261.190283
199.238487 151.035492 11.275887 3.756119 -104265.577052
197.634610 141.443303 4.499760 9.287645 -104245.901623
192.707958 157.263464 5.681624 3.865499 -104266.672079
186.076686 146.652665 1.755840 6.526415 -104274.600796
198.349986 146.719409 6.235699 6.916058 -104092.247785
189.836481 145.034807 3.690715 3.699406 -104274.650070
195.184556 159.905036 3.247519 5.385184 -104293.913672
187.757365 151.805293 5.042803 4.764113 -104224.796419
190.367187 151.432381 3.880977 5.839006 -104077.897912
194.572075 159.789776 3.542807 5.619294 -104280.821023
193.268833 160.946310 2.720025 7.149145 -104264.183122
199.798687 157.729187 2.775417 7.636086 -104205.639863
189.537146 144.066809 2.617367 5.162008 -104248.046230
192.370244 141.693736 3.404189 8.925525 -104227.147085
197.116151 143.769846 4.172038 7.219999 -104138.572613
189.844261 155.323830 6.240021 3.889498 -104257.592940
185.960378 148.045554 3.483946 7.866528 -104250.993029
197.838364 145.748805 5.877486 5.918631 -104130.697490
195.804361 147.562266 4.541039 8.329556 -104033.184694
191.844143 145.396164 2.980294 7.552166 -104106.013895
198.899152 142.531659 4.444754 5.586086 -104256.233206
192.314312 151.705130 1.526539 3.788530 -104297.527767
185.807461 155.726765 2.439558 9.519223 -104238.292182
192.401129 149.356617 5.897698 5.138901 -104043.908520
187.455255 149.454315 2.762419 5.092686 -104232.561911
192.009863 156.647219 6.100990 3.981873 -104250.200332
187.707208 153.070010 2.984379 5.690094 -104204.689598
186.847683 153.595107 3.400964 7.115959 -104214.274069
190.799117 148.906131 3.711606 5.529539 -104086.138139
189.474013 153.242402 3.943267 5.097673 -104153.256575
191.114689 153.813182 5.539996 4.336267 -104147.297816
198.981970 148.970915 5.252956 5.197883 -104117.321349
191.835730 145.032853 3.717362 8.743948 -104136.145207
193.599723 143.400928 6.092334 3.677256 -104288.518179
193.501593 158.376321 1.641382 7.593322 -104231.088224
197.886781 156.616943 6.371895 6.370261 -104230.508850
188.831213 156.429344 3.267657 4.579876 -104267.202827
193.722137 141.162953 1.301223 7.677165 -104276.074453
192.506494 150.766744 1.808962 5.307555 -104199.000097
195.793136 147.948008 3.801782 5.118652 -104102.018313
188.450145 146.507530 6.309625 3.832108 -104295.686939
197.509876 145.894181 4.083522 9.054474 -104062.334226
191.911901 157.734319 5.172988 6.650716 -104264.427390
193.573340 147.797113 6.006721 3.788077 -104134.672601
191.364002 157.930680 2.536507 5.264044 -104253.322530
191.927474 150.408918 1.801788 7.496105 -104137.024253
195.706113 155.663622 3.236333 5.840136 -104154.761034
189.369624 155.249413 5.428651 5.710867 -104224.736444
188.136570 144.701051 3.501295 4.226298 -104292.107916
190.504707 146.583196 2.150202 4.016999 -104274.417155
193.990633 155.927468 3.494192 6.435159 -104121.644623
190.533536 150.311691 4.443315 4.191597 -104146.760755
195.056527 149.009035 2.033003 6.129513 -104154.688844
186.940361 147.498085 3.609992 8.135716 -104224.543302
192.392171 148.221416 9.064589 4.808025 -104225.713466
198.752254 148.799552 5.811272 6.649857 -104043.662153
194.001124 156.564313 5.474449 3.441577 -104260.606632
187.758239 154.713225 4.730212 6.884571 -104265.236866
197.589148 151.851917 7.163702 5.481349 -104091.286795
197.145517 152.464866 7.348491 6.447272 -104117.755623
190.420096 148.577004 2.904164 7.028015 -104086.496583
194.021578 151.687682 3.930991 9.225133 -104038.330758
187.072250 155.125588 4.351239 7.029155 -104284.142382
193.231984 147.947557 2.527783 6.560252 -104096.833139
198.766713 150.625324 1.291018 6.071122 -104278.671228
197.191413 154.431302 3.325309 7.546974 -104079.217979
190.708741 143.580327 2.941717 4.453516 -104264.756175
186.725631 148.231163 3.706294 5.936602 -104227.319317
190.535720 142.204419 4.294046 5.580562 -104270.433580
199.539825 148.422976 5.425038 7.367589 -104039.286527
187.167719 148.171927 3.698176 4.791346 -104247.914930
195.807901 150.175876 7.108770 6.350982 -104075.819483
196.788938 147.228410 4.119678 8.445282 -104028.695356
192.182539 159.425101 3.005206 7.461321 -104220.975290
188.934368 159.939378 3.361524 7.529830 -104299.190371
195.815327 142.664103 3.961046 4.609004 -104264.839765
193.694094 150.517592 2.026106 6.689954 -104127.422186
195.306235 148.433121 3.211558 3.170655 -104251.503351
188.255933 144.676285 2.935290 6.389617 -104215.020680
190.456731 149.952680 4.171490 3.615118 -104205.918321
195.825934 159.224093 2.641403 6.183409 -104255.153675
199.169772 156.303571 1.830506 8.469536 -104202.479936
197.269280 154.900309 3.732579 4.990157 -104187.997468
194.194249 141.955259 2.346685 5.690186 -104256.460492
193.905340 157.145490 5.294656 3.962714 -104256.627966
198.939882 151.218253 3.799404 8.904900 -104016.814815
186.373867 146.953869 3.165655 7.066702 -104230.625864
193.861360 144.072184 5.632091 2.957543 -104301.475330
195.688287 160.305796 2.778127 7.513143 -104236.700808
195.012831 152.311911 1.122416 5.875002 -104267.326589
193.895400 162.908324 2.250371 9.280954 -104248.908581
195.011016 148.994083 3.158883 9.206828 -104022.048479
196.781958 151.820294 3.245898 8.520998 -104022.880666
191.955482 144.200358 2.600146 4.459847 -104251.523061
195.288476 149.757596 4.351765 6.954672 -103995.283468
193.518919 156.572233 6.543647 5.809986 -104259.504132
196.751845 162.529125 2.712575 7.653097 -104292.011809
190.966339 148.157336 1.641253 5.189365 -104236.806511
188.594438 153.280193 6.082739 5.260784 -104232.178976
196.082226 149.626820 1.770889 3.957128 -104278.929134
192.484744 140.190490 3.090123 7.786568 -104261.724581
191.694753 145.979287 3.309385 3.303291 -104267.653775
194.108391 149.800881 4.893490 3.955919 -104110.598469
198.096932 152.189639 3.518459 6.022247 -104109.180792
196.908331 144.191552 4.450296 4.903264 -104211.941199
194.783268 153.353484 3.726449 6.955806 -104038.348923
190.767041 158.769721 2.246801 5.746562 -104269.612277
199.462118 157.733555 2.747399 7.840005 -104194.401026
195.656899 147.590496 4.324863 6.243398 -104038.973682
189.327406 157.709772 3.855604 5.988454 -104251.928070
190.513646 151.336548 3.145505 8.578874 -104072.002743
193.989645 153.806626 2.841042 3.394051 -104256.552792
188.113425 145.065615 1.654830 7.361751 -104236.368157
199.162288 150.984770 7.631214 3.114321 -104251.229565
187.399592 152.814378 4.952763 4.788757 -104250.474002
194.941687 146.101191 6.065493 4.620990 -104141.499976
194.806429 141.752711 1.907414 6.330810 -104261.099207
189.658097 151.651340 4.002617 4.912218 -104137.307988
188.155460 146.429139 4.898958 5.776063 -104224.391411
199.544701 142.556008 3.161986 5.734664 -104269.694914
199.892064 158.177269 4.987061 6.800674 -104236.183760
193.446176 148.311238 3.552302 3.485152 -104208.351618
197.430309 140.827008 3.064623 5.476111 -104298.037532
192.197723 148.593796 4.970034 2.574374 -104267.450737
195.716114 144.571933 2.180357 4.364627 -104277.588405
190.173065 152.064364 4.787367 5.949497 -104086.594505
193.912565 149.912671 3.271140 5.319503 -104081.994660
197.524406 152.042996 2.088019 5.916571 -104194.388676
193.656275 157.667430 2.848001 6.535594 -104185.782400
190.417736 154.311969 1.308260 7.445362 -104225.831017
192.022331 146.937261 1.347161 8.028442 -104197.006560
194.362939 153.173392 2.375669 4.368103 -104214.125211
195.896459 150.328402 2.015538 6.577351 -104146.862752
193.481956 152.387978 5.573657 3.624757 -104140.390769
191.764915 145.870097 2.508254 6.103496 -104151.685854
191.544966 149.538106 4.579413 4.252659 -104117.506313
198.162756 152.793663 2.898574 4.689480 -104220.529064
190.039393 153.534651 2.777562 8.636702 -104105.475239
189.895295 155.882597 2.219858 6.892615 -104188.668180
190.465253 148.939513 7.426064 3.211593 -104235.718830
196.453055 152.782515 8.526801 2.511086 -104259.723725
191.789752 143.678116 5.535968 4.786465 -104240.064373
192.223075 155.282237 5.780753 4.715864 -104162.402774
195.268599 143.081319 3.755041 5.723577 -104198.144640
192.073620 154.106064 3.100531 5.799487 -104114.983309
188.961765 146.874532 6.687369 5.610194 -104282.745955
199.004653 157.646554 5.201378 5.839258 -104255.208539
195.828964 155.499059 5.856076 6.454201 -104150.659230
194.363140 154.836856 5.272944 3.858888 -104182.348491
