49.559865 116.728662 2.676654 4.953710 -111862.980250
42.865328 113.445664 4.410273 5.751280 -111912.948486
51.764256 119.855914 3.599879 4.289767 -111913.005304
52.176200 120.422011 2.909559 5.465958 -111902.268557
48.544307 118.803630 4.230386 6.551953 -111855.676838
46.786385 115.327126 2.450216 3.330323 -111932.501573
46.663331 117.221785 2.565333 3.845428 -111904.483442
51.272098 113.668914 1.420376 5.784685 -111933.290234
53.836351 112.946640 2.568781 6.806150 -111918.170949
41.976433 122.102425 2.229081 7.500634 -111922.427777
44.419814 119.858714 4.907284 5.765839 -111921.425108
51.527680 114.296726 1.727284 7.783986 -111871.031650
48.183649 114.892940 4.484186 3.249309 -111899.726866
45.615442 114.885830 6.953907 4.466340 -111923.408640
44.001213 116.778488 2.175825 5.268959 -111880.280934
51.018740 119.806069 3.070373 5.991410 -111868.197361
49.981944 120.243286 4.412828 5.226146 -111887.907075
45.855576 122.377000 2.316459 8.215938 -111886.834694
43.546101 116.984922 4.418461 5.696120 -111865.750688
47.497415 117.068283 4.474881 6.672107 -111852.716170
50.952609 120.783270 2.259425 4.835701 -111920.902459
44.588231 111.867035 3.677277 5.547246 -111899.405087
48.219376 115.182950 3.321196 5.852390 -111825.591564
42.434406 114.899490 5.209247 5.303937 -111926.081536
43.853466 114.374248 3.644248 3.492686 -111915.663825
45.530977 116.109628 3.485098 5.997803 -111819.595822
46.936300 114.405512 1.194237 5.517650 -111930.659129
