46.889326 72.862416 6.214492 6.518263 -100110.289910
73.609706 175.579038 7.623340 8.897091 -98388.621380
52.662484 182.199002 7.623340 8.897091 -98388.621380
59.484866 38.551588 6.252866 4.451846 -100331.878930
16.109160 4.645864 4.118862 5.656105 -100474.993118
6.084656 6.083849 4.118862 5.656105 -100474.993118
26.175692 99.300622 2.290807 2.403910 -100795.563043
66.693772 3.264286 3.917604 3.602681 -100670.142195
11.817719 111.309959 3.710282 3.288801 -100729.634965
139.184313 191.606867 2.044198 4.379861 -100768.055954
