141.985481 191.716497 2.871590 2.559847 -100788.308564
135.369025 192.155232 3.238997 4.339805 -100789.844340
139.607651 189.225595 2.141705 2.485506 -100788.154260
143.596035 188.778581 1.888721 2.630344 -100798.629953
137.107975 192.750860 2.044198 4.379861 -100768.055954
133.210119 191.952617 2.687840 4.641306 -100798.104764
143.087176 191.219893 1.757250 3.061022 -100792.267839
141.736970 195.966503 1.062130 7.506427 -100784.194039
133.998612 191.718349 2.204317 5.939315 -100795.911943
135.900042 191.874641 1.744502 3.466261 -100779.767345
140.824505 190.087253 2.438695 2.889574 -100780.296188
134.954221 193.095741 2.604875 2.548161 -100790.086458
138.719314 193.486977 3.364964 3.428849 -100779.000085
142.700907 189.344898 1.593594 2.668734 -100794.273859
141.449076 192.126951 4.973969 2.043055 -100796.812332
139.326059 190.813119 3.312932 1.632090 -100786.569345
141.529855 192.842717 2.259821 2.860079 -100786.438894
140.214602 189.767188 2.641426 3.438291 -100778.450151
