123.570577 67.326870 11.691830 9.358147 -100718.286254
180.156781 51.325673 11.691830 9.358147 -100718.286254
140.933956 60.449733 11.691830 9.358147 -100718.286254
136.350567 77.652714 11.691830 9.358147 -100718.286254
104.498263 142.811061 6.105241 5.017219 -105040.302416
113.192072 143.436631 6.105241 5.017219 -105040.302416
124.622910 190.128011 5.770039 4.206239 -105042.395746
4.443173 153.470850 7.032901 5.883623 -105252.184414
157.752048 194.916072 4.867516 6.133743 -105129.174324
170.853480 193.569609 1.747784 7.782396 -105257.442158
