118.163540 73.654876 6.688226 7.835108 -106636.245315
80.234054 40.485145 9.989230 7.171935 -103876.842130
58.849590 25.029792 9.989230 7.171935 -103876.842130
82.093157 24.628628 9.989230 7.171935 -103876.842130
106.624319 7.416635 9.989230 7.171935 -103876.842130
142.828195 25.001546 5.156859 7.779363 -107017.326469
71.770395 122.603409 7.092583 3.451691 -107921.316038
176.964350 21.104458 4.674057 4.333049 -107964.474466
6.509635 181.513523 11.588313 7.295768 -106978.190304
6.497775 169.415619 11.588313 7.295768 -106978.190304
