4.470597 168.843064 5.778089 5.914411 -107401.158088
11.473889 172.432886 3.888885 4.680581 -107853.433430
4.943622 167.530237 5.690196 2.151942 -108037.014160
11.198365 172.265178 5.900771 5.217994 -107729.834847
5.358354 172.140392 5.207315 3.410344 -107574.195162
8.130020 161.373993 2.272745 6.836769 -108116.295133
4.630700 168.567055 4.531222 1.050410 -108152.314374
8.668823 172.710687 3.912439 4.620539 -107627.837671
1.780538 165.310818 1.265542 3.243590 -108133.111060
2.375176 173.362990 11.588313 7.295768 -106978.190304
4.996756 173.639138 8.442468 7.926547 -107044.410340
6.210279 168.137494 8.847768 7.750443 -107926.950687
9.554953 165.698874 2.657147 3.660137 -108124.373258
13.010872 168.343386 4.548735 4.308812 -108139.406147
1.081373 160.280948 3.613023 7.979346 -108060.989144
10.751383 168.963763 5.355200 4.832663 -107924.929409
0.818635 173.893318 2.685685 1.777592 -108071.483506
4.506896 169.329062 6.872941 3.912800 -107566.521648
3.040683 173.816874 6.119806 5.396411 -106989.999609
4.953511 163.298381 2.823484 8.558059 -107885.600646
7.558605 168.279628 1.149848 8.919220 -107892.592848
1.910430 167.690290 8.638807 1.621323 -108086.076857
2.192137 170.747039 1.198144 4.263811 -107998.728508
0.322236 172.516657 5.559592 3.208269 -107724.497767
5.055055 174.012850 7.363569 9.089544 -107183.420013
12.775325 171.511591 1.256046 5.240260 -108062.022459
9.551900 170.953661 4.131322 7.034120 -107540.395182
1.327667 172.866069 1.994027 3.782761 -107903.555802
18.752684 172.004474 1.933611 6.657535 -108157.104573
5.674983 175.192652 1.335683 9.029018 -107731.482741
1.675677 166.930459 5.925288 2.201203 -108058.616513
8.544614 167.259541 5.010754 9.862616 -107841.705086
4.876614 171.911750 1.857246 4.819501 -107799.171173
4.217322 159.696489 3.402069 8.526555 -108118.080849
3.622955 167.118487 5.296832 2.813605 -107967.197962
1.872437 175.096789 1.216156 2.943797 -108043.127206
11.049533 165.358491 1.604917 6.653533 -108057.002048
8.940504 166.231784 4.095340 4.009918 -108057.732662
11.559063 174.815986 4.795460 5.342287 -107713.913411
6.352947 171.584882 10.175168 3.167689 -107502.833819
4.019159 163.683212 1.441781 6.481231 -108035.810448
2.499347 174.473450 6.934022 2.833450 -107503.675932
7.358233 172.952459 5.544024 4.576624 -107363.321645
3.286207 164.441214 3.854405 7.130273 -107829.389251
3.978178 166.270497 1.948720 6.141529 -107904.014739
15.318376 165.825774 1.996327 6.326304 -108164.416992
12.269251 171.005967 6.600398 4.345278 -108018.324313
13.592365 169.144514 2.055540 3.685337 -108140.013643
11.569736 172.101132 2.892244 7.385981 -107719.650353
1.461931 174.380977 3.557919 6.429167 -107322.658065
6.245639 164.199242 1.335205 7.285802 -108010.362295
