128.536376 26.066386 5.387742 3.387206 -100438.458171
127.879069 26.158331 6.276647 4.213555 -100464.528860
128.110471 27.093858 6.069232 2.804720 -100464.208904
128.956769 26.028411 5.332244 2.927014 -100452.137649
129.032566 25.752625 6.154734 3.825009 -100428.585278
127.741008 26.391121 6.718835 2.500417 -100463.758902
129.523027 25.793489 5.773364 3.790971 -100435.407457
127.243855 25.954003 6.358806 3.528006 -100458.054306
128.722100 26.506936 6.371003 4.029365 -100438.967454
128.902240 25.341791 5.684961 2.830282 -100453.507976
129.163108 26.439464 5.223145 3.232931 -100446.307388
129.130483 27.165186 5.745935 3.392023 -100442.840716
128.574160 25.042448 6.390254 3.821988 -100445.153560
129.954576 24.927942 5.816722 3.357900 -100460.709222
128.049419 25.322791 6.059793 3.490909 -100440.627698
129.555974 25.168760 5.139342 3.925039 -100460.595201
128.724645 25.039193 6.280844 4.120298 -100460.334949
128.351559 26.426643 4.627699 3.995614 -100463.505527
128.416132 25.931943 6.104917 3.930717 -100436.015705
128.436682 26.897569 5.682959 3.592115 -100440.405557
129.359581 25.299521 5.205011 3.902465 -100453.728017
130.199810 26.167661 5.547747 4.289074 -100468.641115
128.833989 24.755665 6.527191 3.162525 -100442.359396
129.783437 27.076040 6.116856 3.488950 -100440.537441
128.897122 25.944584 5.680675 3.940534 -100436.254242
128.649237 25.375168 6.832512 3.665464 -100426.364811
129.465158 25.767476 5.773249 2.892842 -100443.971058
130.832196 25.902442 5.901649 3.636017 -100469.376314
127.936791 26.010869 6.387006 3.211937 -100428.902545
128.708739 24.824324 6.360306 3.711026 -100447.899780
128.171168 26.519029 6.820611 2.632675 -100439.345236
129.262977 26.009277 7.041678 4.089325 -100448.216227
129.308308 26.572318 6.226164 3.199798 -100421.559561
127.841068 26.860322 5.758932 3.443672 -100451.277013
129.031045 26.272126 5.383674 4.456609 -100462.598083
127.817599 25.527441 6.801030 3.659306 -100440.880229
129.621612 26.572651 6.613239 3.505324 -100420.180066
