371.772973 22.599789 11.360499 4.974426 -1706238878.799279
275.730145 24.119812 10.968294 9.591612 -1706201673.486049
328.265528 47.168408 10.304507 4.827048 -1706238824.848281
193.495385 60.489573 8.763121 6.657239 -1706237066.335378
335.612389 93.865343 10.438670 5.040611 -1706236623.282181
53.715051 97.026932 8.899932 4.735320 -1706239577.187618
255.916395 116.356500 7.158710 5.684101 -1706239957.842158
168.868555 128.442697 11.752382 9.740975 -1706196128.599269
243.859585 155.642166 5.794709 5.255356 -1706239957.416203
15.590222 199.112253 11.902725 5.736859 -1706220014.813265
315.625652 215.633453 9.592694 8.429804 -1705041341.325274
185.631619 225.848836 6.596662 4.578903 -1706239165.600405
143.444232 242.305784 7.088829 5.115147 -1706239913.575943
74.401000 263.995882 11.496620 9.402065 -1703879133.118487
295.643980 281.527958 8.176815 4.126396 -1706238052.216544
154.281259 296.394233 11.496620 9.402065 -1703879133.118487
247.728058 329.219207 10.705361 5.928331 -1706233685.716849
46.100364 340.406249 11.496620 9.402065 -1703879133.118487
387.681597 346.523625 11.702745 6.032351 -1706228002.496556
123.136694 376.447451 11.496620 9.402065 -1703879133.118487
