83.750288 87.546320 6.697788 5.357228 -103022.950691
140.097479 67.174568 10.560204 7.938423 -100144.524093
110.120535 53.495589 10.560204 7.938423 -100144.524093
171.044297 177.135399 3.242407 9.063372 -103181.176814
160.140227 157.330634 3.242407 9.063372 -103181.176814
166.038583 166.872735 3.242407 9.063372 -103181.176814
32.678591 78.046879 3.025488 8.638847 -103211.893247
135.007951 4.115812 6.101620 5.224228 -103162.412116
46.520259 170.240527 2.619679 7.454018 -103514.365338
41.240988 170.648319 1.261266 9.864289 -103503.672776
