128.179753 120.661702 4.657163 3.552088 -106465.903939
129.720807 123.798408 4.194073 2.410545 -106676.172966
131.437983 123.372305 4.676538 7.360733 -106524.988374
123.209743 125.928342 3.116304 5.744724 -106708.357295
124.574414 122.431224 3.666376 5.979811 -106552.218624
128.026419 124.406982 4.255460 5.027087 -106477.247722
127.606732 121.313647 5.660924 3.883435 -106401.514065
125.466364 116.463366 5.949069 4.446064 -106683.947651
128.997880 113.408973 2.286054 6.212849 -106706.186383
134.185870 121.542080 7.043837 3.628202 -106612.695566
126.361859 122.872834 4.974807 4.731227 -106461.062552
135.751739 123.845072 2.346070 4.638250 -106727.032379
131.267832 114.444801 4.207938 6.104832 -106682.354998
127.089327 127.158129 3.391018 5.259670 -106651.309453
126.794287 122.272002 4.578875 5.746241 -106427.001284
126.426528 117.296007 7.781197 2.512371 -106684.670916
134.562582 125.302144 4.570635 4.246880 -106693.757936
131.212091 122.897331 10.859759 1.913700 -106641.459355
127.074252 116.445536 4.022127 5.879699 -106567.637080
125.269218 116.551837 4.319756 5.270343 -106639.493122
128.631423 123.136669 6.185315 5.185890 -106374.397849
132.690797 120.400075 3.219021 4.592383 -106547.795422
126.131101 116.739563 7.126879 3.848332 -106666.488121
133.828417 123.409950 6.986852 2.661828 -106681.494668
124.164278 122.057618 3.937780 4.374807 -106610.135628
123.505188 122.134489 1.361990 5.439665 -106725.774557
130.688000 117.898045 5.383958 4.681046 -106459.488449
126.583132 124.589967 3.632624 6.759747 -106527.063889
134.586766 123.687932 4.422158 4.417777 -106635.262938
134.038517 116.811622 2.423911 4.850228 -106701.826228
131.858765 120.719940 3.154756 6.615019 -106479.294055
133.914309 122.355810 4.324194 7.804609 -106621.616185
123.795232 119.277586 5.402302 4.027604 -106664.138047
132.224382 124.255598 5.043628 3.421872 -106588.128072
127.356523 117.210326 4.061670 3.080326 -106652.769661
131.294439 127.975111 4.963196 5.010079 -106708.220536
136.847255 120.962333 4.105376 5.542113 -106727.011292
125.509666 116.754387 1.202334 6.046649 -106726.281102
131.256668 121.037566 5.661257 6.283073 -106432.097556
130.871516 124.533357 3.655852 6.886782 -106498.747546
128.667660 122.183161 2.028777 6.509249 -106548.341226
130.126929 116.609260 4.868606 3.816870 -106580.316825
131.943647 120.153786 8.316329 5.410603 -106545.793804
134.724109 120.079712 5.565946 4.347375 -106627.945654
127.682240 127.065060 3.123264 7.524208 -106610.092697
129.681403 117.914652 5.089521 5.582724 -106443.866470
133.966260 119.790857 3.481757 5.898700 -106557.664991
127.457125 121.888797 6.124848 3.370879 -106450.006876
123.677673 123.608672 5.640833 4.126298 -106677.314047
127.834589 118.914980 5.384089 4.284522 -106424.659131
128.289254 118.072289 4.644585 3.405629 -106544.960662
126.097117 124.692348 4.449943 3.789146 -106615.222102
128.377480 119.198275 4.438579 4.662112 -106422.093225
126.482425 126.355523 4.246818 8.542652 -106724.647609
129.372958 118.689876 5.986274 3.919119 -106415.507586
134.893977 126.964469 2.489503 5.884041 -106716.547077
130.649027 124.690544 4.526481 6.716692 -106501.743697
128.596414 118.944472 7.526510 3.529269 -106405.733275
125.651893 122.594686 6.383717 4.241934 -106498.157280
123.423960 124.527608 2.111149 5.029159 -106715.093705
129.765443 119.463545 1.150175 7.395719 -106660.355542
126.392847 120.396944 2.637644 5.335668 -106544.574173
135.298744 123.122122 2.637912 5.436892 -106660.796554
130.963149 116.280600 6.857427 4.249471 -106609.076234
129.334755 117.666414 4.745243 5.736698 -106460.419951
131.230771 125.980015 3.402110 2.980309 -106718.695404
127.571385 121.942887 4.082551 2.093938 -106704.638482
130.139648 127.031270 4.136779 6.097325 -106600.219249
126.357232 122.982424 1.856932 4.774915 -106648.122671
123.319155 120.250086 6.795708 3.524436 -106720.610611
129.752969 114.846385 3.595778 4.729253 -106656.941093
129.642537 125.546800 2.686855 6.408576 -106556.113502
128.415901 125.005299 4.544014 2.622496 -106685.168174
135.429424 120.729844 4.046487 4.453398 -106664.146709
127.875250 115.258336 5.385780 4.840667 -106646.755333
125.351267 117.008044 7.038033 3.654447 -106705.643115
128.458137 124.405416 3.364722 4.667998 -106530.981631
132.591171 125.080027 3.834269 6.452748 -106554.735682
128.033209 120.971316 2.886338 4.965914 -106497.510906
128.236324 120.520950 3.746914 8.530978 -106542.265025
129.443673 122.814027 4.411701 5.620790 -106389.437213
126.797799 121.092869 4.440071 5.587197 -106419.531811
132.845225 123.888095 2.565074 7.019537 -106562.876957
125.455876 124.454360 6.093305 3.319542 -106648.305937
126.581045 118.825837 6.114062 5.701999 -106496.540101
126.507029 122.159410 7.951842 4.182945 -106436.860514
129.164563 121.622703 3.047519 3.786295 -106547.300057
126.009394 117.383128 5.270572 6.134537 -106594.213926
131.528873 121.338801 4.212455 7.464811 -106489.090815
130.336025 121.433064 5.414858 2.588621 -106566.517110
130.421587 120.378390 6.548754 3.064560 -106452.033211
128.535599 121.622668 4.635886 2.940349 -106542.647307
134.040656 126.745834 2.417768 5.929093 -106687.919744
124.820419 122.998674 3.820753 4.189512 -106604.170882
128.931448 126.000658 3.575865 6.103471 -106543.781033
126.725736 125.862565 3.921547 3.444912 -106690.212327
127.429444 120.500568 5.260889 5.601026 -106385.112488
127.168576 118.308813 7.652189 5.896101 -106632.709921
134.003643 122.129262 5.879687 6.426177 -106633.166946
133.782171 126.126576 4.005118 3.704450 -106718.036339
130.653030 123.989522 1.850124 7.246559 -106585.094547
127.020833 122.140264 5.597282 4.097955 -106423.123878
125.937275 122.313068 7.407789 5.439938 -106541.723482
129.981479 115.706766 2.882471 7.789845 -106607.072634
130.909267 118.247362 3.570992 4.270947 -106537.060054
124.758149 117.435776 2.514905 4.752039 -106680.574116
127.818060 118.042248 2.001639 5.293792 -106614.094776
127.926577 126.463828 5.451919 7.099383 -106698.971752
127.975584 120.462812 6.336120 6.556054 -106493.968743
127.102523 116.900684 4.451728 2.906470 -106676.554306
124.292583 118.973041 3.713144 6.619972 -106592.231661
126.287823 118.601043 8.443932 1.559652 -106728.461204
123.945040 123.291457 5.405207 7.014655 -106723.027569
133.246495 124.639132 2.834814 4.699844 -106632.273118
127.041972 117.443212 4.647250 4.277813 -106546.068952
132.183666 124.813780 5.674658 6.103781 -106568.931450
124.918665 117.177632 1.662490 6.129883 -106688.142724
133.795013 117.689843 2.978335 7.597334 -106609.176795
131.095412 123.270793 2.866952 3.381035 -106633.590840
126.911842 118.104824 4.093983 5.639256 -106493.031676
130.193893 124.407182 6.097395 7.212557 -106652.491477
135.662577 120.464989 2.444284 4.545947 -106710.495818
126.775236 114.894736 3.718188 4.835190 -106682.836160
126.758108 119.592782 5.076840 6.063504 -106450.500951
133.498356 126.191158 6.388467 4.214523 -106717.745381
130.229338 116.544222 4.995329 4.186890 -106561.428274
129.004528 114.799690 5.630609 5.154500 -106676.876271
124.137282 119.251120 4.524937 7.620350 -106684.117485
127.643363 123.550777 2.010711 7.961623 -106567.711387
128.874768 128.814522 2.867164 5.341714 -106713.647715
129.500750 117.279503 5.387347 3.595103 -106536.870015
127.808567 118.072729 5.314668 4.486401 -106460.237028
127.212574 125.834565 5.044985 5.804218 -106569.245842
131.986686 122.624513 3.176700 6.602579 -106488.736939
128.576610 120.449304 2.519710 5.209560 -106520.526246
125.433373 124.981366 3.390431 5.770002 -106586.766392
130.883945 127.613224 4.834283 5.252130 -106667.900263
132.576882 123.032864 2.033788 5.546331 -106609.411179
132.677040 121.886715 2.596286 4.616344 -106588.656991
123.591335 120.723663 4.076676 6.831482 -106617.833268
125.205354 122.911275 7.323596 2.619981 -106653.931404
125.476695 118.748224 1.886169 5.670170 -106642.701691
130.166604 126.201157 3.441836 4.975044 -106588.894097
127.814842 127.221427 4.020402 5.046698 -106644.148980
124.590129 125.523418 2.936210 5.183182 -106665.953295
123.322022 122.489125 5.998549 5.939079 -106722.065273
128.893798 118.042614 1.793511 3.722169 -106693.606022
124.196938 118.682542 4.131976 4.298100 -106645.441970
129.141004 117.458851 4.144858 4.958738 -106490.922386
127.327073 117.969792 3.279366 5.241300 -106527.394735
129.175261 125.986533 5.529985 3.244827 -106647.292915
122.960536 121.031887 3.554649 4.436177 -106679.489461
127.678698 119.979105 2.055015 3.752366 -106651.444123
132.258649 126.982425 3.723286 3.871117 -106706.433874
129.858100 118.817148 5.643044 3.110376 -106503.041966
125.460345 120.189338 5.873296 6.585931 -106594.242622
127.070354 125.362930 8.082315 4.722058 -106649.355880
125.446504 119.199660 4.675801 4.172327 -106553.235986
128.157074 117.420790 2.228029 3.416371 -106695.694048
131.193788 118.691139 2.633488 5.673178 -106537.395968
123.179001 119.062672 2.801127 7.106528 -106644.063476
134.361414 123.364291 5.946483 5.840767 -106648.558276
131.107670 126.481635 3.750014 6.203502 -106578.793578
126.023064 117.658145 3.376087 4.302523 -106615.605014
132.565227 118.243117 4.157185 5.358792 -106522.616070
130.860973 123.876287 8.455059 1.921079 -106680.491847
123.504296 127.039281 3.047202 6.861282 -106713.015783
129.873898 114.549851 2.259749 4.617579 -106714.850219
128.894977 119.830241 3.280597 5.615180 -106447.218948
135.349533 124.356219 5.214988 4.793294 -106705.985486
124.153212 120.740581 7.257640 2.830612 -106689.504019
130.693951 126.486897 1.353119 6.405598 -106692.125775
134.922395 121.503181 1.939844 5.537998 -106672.449453
127.261670 119.728807 6.008470 5.690687 -106421.295870
124.509236 117.248379 6.362542 4.981293 -106719.543384
123.873474 119.373293 2.480864 3.715549 -106725.926679
124.118418 123.518391 2.884800 7.232488 -106600.713318
124.274818 123.776215 2.910004 4.480042 -106662.269234
129.475689 126.054027 4.555486 6.643009 -106559.752963
125.771296 119.180734 5.975170 4.872062 -106499.188586
124.533243 124.103134 3.642523 4.817695 -106620.063607
131.902246 116.864296 6.520767 2.419678 -106712.850390
127.501486 124.057541 1.834395 4.275406 -106672.056412
134.466511 123.420417 4.241879 2.977378 -106711.591562
125.504623 116.613824 4.683031 5.643980 -106628.374122
129.745235 116.142996 6.009357 4.013096 -106587.364947
132.903823 124.484244 5.713473 5.644397 -106566.275844
131.135808 116.932045 4.871995 5.948023 -106536.047940
134.210295 125.632193 2.995218 8.770704 -106654.891700
123.445699 122.667708 2.137106 6.286530 -106652.868775
128.923317 120.805138 7.592808 3.672631 -106332.777042
128.070184 116.162664 2.480860 5.453477 -106620.965458
134.773140 121.878269 3.112567 6.124124 -106594.008479
126.867527 121.929720 3.185411 7.347453 -106490.684866
136.481158 124.761987 3.173225 5.762013 -106722.637417
128.683902 115.792152 3.635657 4.440159 -106620.867956
126.023374 119.374487 3.578379 5.550418 -106505.543592
131.938380 118.391355 4.412966 3.217930 -106609.696420
129.434245 126.391899 5.912849 4.536958 -106596.649134
127.394760 119.275317 2.027628 5.716756 -106583.519115
125.717995 123.587242 4.309025 2.951734 -106662.811436
129.917942 118.980895 6.127813 5.212276 -106382.688026
133.032159 119.769085 5.752795 6.382928 -106561.655744
123.948998 122.518034 4.715069 4.289489 -106620.296031
130.394947 124.236348 4.538901 7.572705 -106540.769825
124.991325 120.008447 5.963853 3.657571 -106574.895453
122.525390 118.682786 3.202326 7.343724 -106687.844529
128.580164 115.551611 2.689869 6.036728 -106614.368310
134.617071 125.607527 1.538051 5.713223 -106725.960481
131.428318 117.162397 5.638829 5.713424 -106545.543169
124.693706 120.249694 2.681395 5.649524 -106590.032385
125.821103 122.209623 2.604019 3.024896 -106698.939758
133.265437 119.958121 3.732560 3.548498 -106622.731368
134.339828 116.463196 2.374426 7.221073 -106662.641697
128.625425 127.602412 1.677894 6.363299 -106687.347387
128.036900 123.578955 2.453733 6.549442 -106527.420091
127.689196 116.606632 2.388197 4.396079 -106659.507799
128.086087 129.207058 3.471541 6.114169 -106719.128543
126.319703 123.626205 2.520811 7.709799 -106553.129098
133.184283 118.271936 4.921545 3.800954 -106609.185673
133.353208 121.403607 6.334471 4.818423 -106500.643936
130.483147 115.840004 4.319746 3.693674 -106650.487783
131.870501 117.681792 4.517902 4.322990 -106546.039106
134.109042 123.368485 6.567904 4.212291 -106613.323706
130.897537 117.115781 6.709751 2.858782 -106617.654537
130.130059 122.492203 5.456410 5.390293 -106359.345574
131.407189 122.089673 8.137572 1.531789 -106705.259921
130.741958 119.763412 3.288718 3.064227 -106617.032322
126.813563 120.959316 8.466071 3.788950 -106410.098819
133.872069 118.475112 2.139616 4.267569 -106701.300500
136.449115 121.597896 3.149489 8.962621 -106707.707850
137.031803 123.698060 1.733788 8.903010 -106695.789642
130.832334 113.642508 2.542823 9.325134 -106722.826905
125.326389 117.020983 4.420813 4.833162 -106624.065156
123.721761 119.674891 5.813757 4.005216 -106663.757660
128.551990 120.547445 1.842811 3.920752 -106651.350748
131.235594 125.425539 5.906282 3.745286 -106580.459399
126.795365 124.014578 2.686502 5.079271 -106574.263742
129.031219 121.524881 1.190167 4.635672 -106695.593444
129.327421 118.728578 5.674780 5.220189 -106390.129298
130.531247 124.450099 5.534324 3.883063 -106498.056352
134.568950 125.584735 2.282106 5.440360 -106692.653837
127.460511 126.917033 5.813679 4.806252 -106668.038491
132.374171 122.743951 1.766353 3.563117 -106712.328013
123.186641 121.347215 4.065597 3.808745 -106689.876759
135.740618 121.782660 4.551450 5.050646 -106666.107483
127.541206 116.501617 3.025123 5.127120 -106596.742071
133.140730 124.699390 2.612638 3.315664 -106718.842082
133.334823 122.393383 6.655446 3.830692 -106535.803791
130.592214 114.863561 6.525908 3.598283 -106728.641749
135.945677 122.259421 4.355286 4.510209 -106696.378266
124.568149 127.266586 3.891622 6.122553 -106714.694131
123.576321 117.612665 3.220172 8.016511 -106683.224137
133.180883 120.379767 4.727871 4.093125 -106533.034519
134.432358 119.579268 3.729108 4.729582 -106612.620180
125.054759 124.478736 3.095797 3.876201 -106678.661421
130.473856 120.236305 3.275823 6.476364 -106447.472062
121.308247 123.128824 2.641084 6.717929 -106714.827276
130.995028 120.158706 5.510590 2.914492 -106529.976880
130.043306 122.261587 5.430636 4.402798 -106364.254344
133.003919 118.782932 5.642074 4.101858 -106548.583486
125.582602 116.317958 4.617737 5.156101 -106642.568796
133.823495 115.810420 4.008247 6.175516 -106684.874101
131.351542 124.417331 2.481155 7.165923 -106548.194190
128.384327 119.444875 1.803388 6.712667 -106581.231736
129.288189 119.131132 3.141389 6.427903 -106465.690237
127.740937 122.722025 2.749876 4.204762 -106568.160618
134.106887 119.924020 5.733544 4.743163 -106572.792502
130.114175 121.819336 3.270491 5.120813 -106454.313514
132.029268 114.504912 1.923822 5.903409 -106709.581495
123.452454 121.694123 1.239299 7.914588 -106695.410985
132.476320 122.349379 2.979391 3.769465 -106611.393810
126.141966 124.390119 6.070572 6.159018 -106597.000933
125.827870 124.578932 1.786496 5.015388 -106679.938981
123.417841 121.683344 3.507794 6.715080 -106609.932370
129.934418 118.896901 3.432346 4.301522 -106508.907614
133.546591 120.853974 7.554614 3.447472 -106574.687039
129.471950 123.971478 6.904114 2.564037 -106592.323880
133.015775 116.853887 5.747684 4.799536 -106636.452817
127.342058 123.217840 4.416662 3.209847 -106573.700208
133.472944 121.788831 6.123736 3.950080 -106532.462022
131.617241 118.705085 6.498134 2.303116 -106650.599565
130.137991 127.198619 6.521109 4.695322 -106690.879882
136.656380 118.666001 2.978333 6.049238 -106712.981475
128.469173 118.193008 2.389700 2.661923 -106717.706042
126.897503 125.661578 2.907920 7.515455 -106573.105792
129.267418 118.240000 5.642623 3.870627 -106452.316523
135.647044 120.782415 4.364024 6.338217 -106655.095814
124.858378 117.172512 3.584826 5.952905 -106619.167961
134.543848 122.736399 3.883233 5.875679 -106580.571840
123.844415 122.288463 2.891127 7.902758 -106607.596723
124.529059 120.007507 5.636039 4.057028 -106587.673648
134.291838 124.512088 3.230781 7.075748 -106606.378252
131.389264 121.999025 4.034992 6.023136 -106424.039371
129.187501 122.764912 3.104202 2.302973 -106711.870819
127.413955 123.670638 4.716129 2.378254 -106678.458033
128.723318 126.372607 5.835276 5.228540 -106593.136495
127.675339 119.228337 10.289604 4.467825 -106517.893607
131.446428 120.800453 5.579452 4.335054 -106392.949730
133.031461 122.740820 7.759490 4.220375 -106523.978350
123.238929 123.941301 4.613154 5.653471 -106673.193341
125.125570 122.905474 3.154681 4.424402 -106604.006074
128.189189 122.322519 2.783605 5.100558 -106506.939722
129.129857 124.321066 4.815396 4.383270 -106468.276577
131.449331 122.345499 4.712140 4.991496 -106409.773011
129.124726 128.287049 3.275443 8.451509 -106674.454702
124.961600 126.771409 2.974275 5.409080 -106688.558998
126.617014 125.734062 4.919165 4.589981 -106598.870333
129.848246 121.110890 6.033529 3.203910 -106436.070066
135.702119 120.900520 4.750482 6.045339 -106670.252034
127.541756 123.885098 3.697334 2.708382 -106675.716479
127.866060 120.873182 5.218154 6.200181 -106398.653132
132.083588 127.774339 1.424648 6.699295 -106713.852784
132.600717 125.597812 3.518490 3.714276 -106671.922528
131.338698 124.336238 4.952164 5.538363 -106468.047083
126.273418 124.875691 9.618058 3.027705 -106702.375621
132.676297 121.040707 7.096041 5.178893 -106482.015595
132.217942 123.262976 5.524170 3.165946 -106566.363156
127.888904 116.410278 8.479600 2.450663 -106689.007719
128.497673 124.986129 5.536358 3.799529 -106538.747294
134.397474 118.530687 3.748071 4.144218 -106665.182953
