155.257350 114.611522 3.258457 5.738697 -109100.437880
157.912875 118.786606 6.017401 4.578155 -108776.780303
159.238580 113.055928 5.907279 6.483742 -109164.627346
153.262258 120.943455 3.787574 8.731715 -108965.952101
156.813578 120.339124 5.774789 2.542912 -109179.590792
162.997554 121.277126 5.281786 7.657376 -109028.045505
162.321939 117.517838 4.972493 5.456642 -108992.089038
154.369307 118.399996 5.638684 5.242680 -108836.437558
152.468641 118.596935 4.055067 4.900910 -109071.792712
152.459462 118.461465 4.361764 4.339110 -109111.173281
152.089261 117.014489 3.713224 6.688452 -109037.155982
156.338194 118.887208 4.723670 5.173508 -108818.478048
157.405352 118.897755 4.632543 4.839402 -108849.558223
162.317468 116.082881 3.309424 6.016395 -109101.855792
157.900310 114.554436 5.446211 7.544231 -108999.036430
159.127882 123.680485 4.060038 4.202670 -109126.019290
157.828627 123.423421 6.263128 5.849199 -108866.126414
160.042713 117.457183 5.299045 4.164512 -108981.019708
159.663599 124.325975 6.890676 5.228792 -109023.468219
157.644124 117.691041 4.205342 6.051910 -108824.125179
162.926910 119.870788 4.434042 4.090987 -109153.174589
161.382598 116.944450 7.125710 5.032733 -108946.427395
156.840478 121.512793 4.109744 4.330467 -108993.542473
166.092799 120.491372 2.613738 8.748403 -109185.761614
159.468770 119.659692 2.989659 8.372876 -108914.278116
156.132745 123.859240 5.142291 8.448275 -109025.348105
159.665214 118.036770 3.082588 6.652117 -108942.127640
159.784496 122.332127 5.039924 4.435442 -108977.575769
161.788155 125.626952 3.808416 6.167428 -109180.424467
155.644432 121.511084 6.852088 7.220314 -108885.360659
155.149388 115.793489 2.840975 5.394917 -109112.516442
158.639224 123.078441 2.947813 6.609192 -109004.342526
155.346150 115.502095 3.221246 6.761766 -109002.707372
153.811097 124.039265 5.238652 4.487645 -109140.983140
163.035218 124.536550 4.379308 5.782269 -109182.000435
154.749296 124.766646 6.074209 6.131734 -109080.262240
164.873879 117.924973 3.888105 7.651495 -109122.788276
158.228887 115.673816 5.509775 3.323395 -109164.556513
156.858440 118.380509 3.305253 6.044367 -108910.780070
157.175187 113.986118 5.912768 7.024485 -109051.015147
151.687952 116.810059 5.232213 7.433858 -109076.406494
159.819997 122.017486 3.716009 3.875649 -109135.902487
160.102932 115.717886 6.667196 7.045591 -109006.268006
155.837072 121.648393 3.920765 9.472435 -108942.952633
151.016596 122.264249 4.010112 5.457998 -109184.662424
156.084356 121.654775 5.108867 6.603495 -108787.005394
161.308962 116.808407 4.148231 5.586694 -108992.497195
152.361603 114.939913 6.535729 5.964649 -109164.053929
160.871987 119.134450 4.766154 5.330091 -108883.335239
162.706863 115.726760 2.192688 6.839190 -109189.259022
161.336483 126.347452 2.686833 9.920300 -109163.654773
154.519178 118.401739 4.544180 6.806982 -108831.060344
163.039502 117.248389 7.649208 4.002977 -109155.547560
162.703086 119.824909 2.187033 5.633331 -109195.499642
158.813061 124.803231 5.905405 5.461010 -109027.013923
157.176539 125.366031 4.962413 6.679626 -109043.483770
154.281351 113.000608 5.648075 5.767487 -109199.997550
151.853011 120.835134 8.034675 6.008174 -109161.099385
154.462264 119.551886 5.078120 5.197498 -108854.647385
159.723187 120.033797 3.450010 4.130620 -109087.723580
154.129873 123.111286 6.578315 4.590197 -109018.942333
154.196661 120.452441 6.267464 4.775527 -108860.120874
159.021431 116.134252 3.541338 7.552664 -108922.488218
152.335348 120.011165 5.458624 3.333481 -109199.491174
156.877396 120.917811 7.088515 4.907017 -108711.830306
153.414048 115.972608 3.870256 4.376242 -109159.047033
159.070838 123.214286 2.362309 7.537517 -109058.011020
153.736258 113.055146 5.130673 6.537826 -109183.383124
158.791984 113.688239 8.155448 5.171031 -109201.750945
160.317278 115.847748 3.317095 7.493636 -108981.663517
152.399567 119.085997 4.180228 7.877180 -108965.894150
164.778226 115.659603 4.121156 8.276438 -109200.106198
151.450472 118.570009 4.743082 7.811927 -109044.304384
156.078400 122.916916 4.860470 5.280303 -108915.123585
153.217629 115.245331 5.370446 6.807054 -109037.183413
160.758530 122.662975 4.251902 9.969911 -109074.880381
160.388782 116.504489 2.405210 7.528808 -109055.377000
159.011031 120.690558 5.837459 6.392987 -108727.593764
155.919843 120.281251 8.290656 3.612732 -108851.327218
163.637550 119.715793 4.166450 8.376716 -109037.748958
150.744576 122.629601 4.619826 5.787515 -109192.027591
152.674929 115.857158 5.546833 5.381928 -109055.464551
155.998442 113.349044 6.224283 7.136516 -109172.363785
153.475347 117.381729 2.479268 5.160218 -109169.244350
154.070072 113.756318 4.388319 6.613573 -109094.368032
156.195199 113.690571 4.013697 5.082495 -109149.762698
156.862225 121.738078 5.975037 7.440441 -108827.763222
162.633309 123.902878 4.634704 7.172354 -109080.925534
156.630461 126.370185 5.975710 5.792148 -109195.577689
155.239119 117.958585 4.601925 7.691427 -108830.657383
155.064307 114.179896 2.966781 5.896416 -109140.874978
154.310488 123.045417 4.915108 3.990126 -109117.446205
154.774181 120.479957 4.805325 8.002332 -108858.806814
162.615673 125.255460 2.947463 7.292407 -109170.921486
160.755887 115.706656 3.908139 5.642865 -109033.960642
161.503855 119.828637 4.921161 6.811919 -108861.012366
162.068319 116.530517 3.275628 5.957561 -109080.164910
157.644155 120.804122 1.981907 7.333410 -109069.110610
158.460959 122.882958 8.018606 5.252750 -108848.144367
150.934835 118.175651 2.981877 6.149289 -109151.721347
155.603634 119.673844 2.557044 6.533069 -109004.423672
162.619712 121.586520 2.797317 9.239608 -109042.695806
162.758767 118.571440 6.134720 5.902522 -108969.110485
158.186646 116.459208 4.531890 3.882424 -109079.232637
157.427339 119.450214 2.205790 5.897333 -109077.210544
155.464268 119.822775 5.705122 4.617075 -108824.305624
152.409394 119.409819 5.260334 5.622933 -108962.288007
160.247842 118.518333 3.812820 3.963082 -109097.260305
151.235592 115.730112 3.940439 9.448923 -109166.839182
155.883001 119.946377 7.845729 3.126293 -108967.542985
157.206558 121.696433 6.742739 5.866582 -108731.110340
162.900961 115.800396 4.566084 6.255822 -109084.866246
155.585496 115.535849 2.897867 7.865627 -109001.832795
159.283030 112.662620 4.127936 5.721042 -109190.255320
157.556046 113.349810 2.979725 6.246667 -109145.008030
155.421279 118.726923 5.131628 5.903252 -108770.526886
161.345356 121.804739 3.858163 4.679346 -109077.116905
159.110357 122.915313 4.341901 7.844346 -108894.837017
155.443655 125.577240 3.782267 7.896051 -109081.665413
156.760025 113.743133 2.365817 6.643093 -109161.621320
162.971620 119.613326 4.564719 4.244038 -109131.246389
162.335580 119.894603 5.357261 5.691356 -108931.222864
156.823268 115.809909 5.774758 5.703042 -108860.376404
161.468612 117.662464 5.669953 7.110096 -108909.764066
164.081246 121.183509 4.311934 8.370719 -109087.280271
156.112784 116.081315 4.094230 7.567221 -108890.027316
150.511681 117.755745 5.169239 5.201129 -109166.691976
162.344027 118.932894 3.321747 4.502705 -109153.333481
153.997462 118.945698 4.935637 4.661586 -108943.512134
153.517780 113.709131 5.107843 7.460984 -109148.673530
150.894270 118.928556 5.025657 8.173324 -109126.925189
154.633487 118.400055 3.352833 5.755197 -108968.129957
150.505580 121.153335 4.847824 6.696296 -109132.323586
153.522748 120.957926 4.297985 3.829815 -109132.570038
158.085403 119.627538 6.845519 5.295869 -108669.010351
157.579432 122.708533 3.190867 8.744565 -108940.513510
155.630722 117.168243 5.319038 4.673596 -108897.544397
156.625611 116.833144 5.636627 8.210813 -108920.017594
157.486655 113.740861 2.245847 7.528523 -109140.049121
153.388182 122.652011 2.119284 6.512890 -109168.809034
155.389403 116.006336 4.554247 5.013770 -108981.010710
157.242378 118.353086 1.431937 7.105879 -109185.139865
164.172960 121.047461 4.551356 6.937911 -109072.299475
154.119756 115.208208 4.940049 5.668446 -109011.150097
151.935952 120.242979 3.973370 4.819986 -109122.885556
152.128294 116.744983 3.621024 6.491851 -109054.771921
160.202117 118.730205 5.682277 5.087510 -108816.861453
162.536634 120.004047 5.343500 8.441427 -109046.682012
156.478961 121.525542 5.887198 6.373276 -108750.041460
159.622356 116.076314 7.004129 5.582752 -108884.628793
164.200561 119.942979 4.508865 6.557403 -109067.799211
159.980086 119.481099 5.314867 3.845389 -108980.424968
156.066640 120.298478 1.705981 7.524641 -109121.081084
150.664509 120.978473 2.942401 6.263920 -109174.532861
159.473322 120.213302 3.637243 5.120829 -108952.856725
157.641675 118.886718 5.794350 5.672279 -108697.589998
158.736026 121.683546 6.731562 5.200258 -108755.757460
160.881646 115.346346 3.271465 7.517736 -109023.606729
163.486141 115.139937 4.178896 9.304849 -109185.424146
153.709770 124.843438 5.938023 5.027751 -109170.843113
152.360833 119.832514 4.858190 6.055196 -108961.901154
156.446360 119.025657 2.408416 6.022779 -109041.946159
159.481240 113.795616 4.847230 5.702594 -109087.311018
154.573967 123.096837 5.172857 8.629756 -109048.477491
149.600467 120.330346 4.178304 6.806544 -109176.633481
163.515544 114.392119 4.061307 6.830920 -109188.388483
154.709233 122.530051 3.219857 6.495441 -108997.033004
158.135503 117.135752 2.972527 6.799625 -108949.453112
156.127308 117.248918 6.657290 5.481247 -108759.165735
161.094686 114.764441 2.513759 8.086174 -109101.461972
157.164919 117.585570 2.774217 5.021385 -109072.009359
153.166627 114.433538 5.881682 4.418154 -109194.956362
161.854359 115.464803 6.711380 5.882573 -109083.078081
153.964420 118.703911 3.527733 5.229956 -109009.862256
162.843595 115.989020 4.219928 6.969434 -109058.253245
157.131548 117.019242 4.586460 3.914510 -109040.383329
158.486067 114.272733 1.962188 8.499638 -109136.458962
157.896673 117.170903 4.674044 4.003599 -109013.970262
164.140900 119.005995 6.269486 4.279210 -109181.297915
155.950167 113.430661 5.218162 5.106998 -109141.468151
151.770970 122.685450 5.596788 5.658833 -109122.784595
156.832687 116.692671 4.905610 6.634378 -108808.937391
161.837271 116.452099 6.919509 6.205270 -109021.236502
152.773702 118.902557 7.724609 6.947675 -109107.004014
163.507468 121.004321 8.337749 4.845186 -109161.652375
163.167300 124.280861 2.996931 6.139114 -109198.509212
153.417991 118.883305 5.273637 6.760735 -108868.796990
156.417967 125.051752 4.863432 7.454248 -109033.771640
152.082648 123.743744 5.105226 7.748982 -109158.829844
164.171659 122.546741 3.399594 6.577648 -109141.456540
152.853781 122.902944 5.564278 5.298149 -109060.130503
156.157014 123.632456 5.931352 8.104611 -109049.981493
156.664163 123.454803 6.154232 5.316893 -108892.190366
158.225124 126.062017 3.557479 6.550956 -109123.620921
161.509514 117.408296 4.787295 6.644005 -108906.404266
154.838442 122.021559 3.316283 5.427405 -109026.579732
158.496506 120.158561 5.439840 6.408528 -108714.467563
158.335441 122.592351 5.401769 6.005509 -108815.871673
155.706072 113.586491 4.293473 8.174906 -109068.512313
160.094507 122.471295 4.898217 5.952619 -108880.626120
157.374494 111.707909 3.620661 6.808542 -109202.148059
153.412278 112.757728 4.475616 7.904480 -109201.822535
150.934878 115.267072 3.908991 6.033026 -109185.861277
159.578781 118.055230 4.392926 6.505044 -108816.243746
158.281259 117.442921 4.246138 7.635808 -108821.667609
162.620983 115.111844 3.994194 6.777678 -109098.102157
157.083268 117.440584 4.974074 4.836967 -108863.837676
152.580148 118.846719 7.183747 3.561913 -109102.698531
157.115839 119.792658 4.553118 7.318362 -108761.148726
152.594100 115.195049 5.801915 5.677839 -109096.877104
152.619176 119.546985 7.499330 3.676441 -109078.937432
151.332806 120.227879 6.586401 3.866245 -109196.507761
158.115280 119.956358 3.305982 8.207075 -108866.553015
156.913372 114.773835 4.891651 6.409165 -108944.027229
161.924681 114.521298 4.219607 6.483576 -109102.630078
156.478906 116.169197 5.017888 4.898436 -108930.747213
155.349392 118.136266 5.165361 4.954501 -108848.197242
163.510949 119.840623 4.514528 7.139246 -109007.441289
163.545350 118.065138 8.972731 4.703635 -109198.690502
157.655344 116.696045 4.402054 5.566993 -108877.617287
151.309203 120.990400 4.484579 6.822393 -109054.461311
156.680032 122.255615 6.300417 6.629001 -108803.431715
150.825844 119.539635 3.367969 9.084719 -109085.227947
156.862276 125.711125 4.628954 6.229642 -109085.259526
157.622206 122.164614 4.128294 7.302476 -108840.726975
158.140448 123.414661 5.353299 3.436686 -109129.212591
158.493879 124.203359 4.826535 4.789898 -109040.718792
151.804933 116.133586 4.339973 5.646094 -109105.678230
155.556761 122.703518 3.096223 7.248144 -108970.306039
152.012078 124.188320 2.252717 7.516188 -109198.443117
153.736060 122.119025 6.231522 5.187322 -108940.228831
154.156804 117.666419 4.068477 7.205908 -108886.990790
154.154458 114.350850 3.737781 5.567087 -109122.199489
154.624037 121.584613 4.305601 3.559382 -109138.610571
161.945391 118.177442 6.556136 4.976746 -108936.109374
155.217758 122.784732 4.678793 6.714935 -108888.665436
154.005695 121.456630 3.097659 6.434880 -109003.366918
161.579576 118.693420 2.822199 9.129460 -108992.628584
162.334045 120.760432 8.304690 5.272170 -109004.733042
154.349730 122.272854 4.538738 5.553371 -108945.519978
151.955362 122.036291 3.767503 9.063081 -109066.833683
158.794920 115.104924 5.112987 4.579950 -109047.143536
154.897983 120.569228 4.155262 5.232510 -108916.278504
149.844863 117.855934 2.586102 8.943475 -109155.708502
158.558804 121.254083 5.691381 8.434493 -108921.037513
156.153988 122.568414 3.099135 4.852100 -109086.797382
158.287663 113.209255 4.603452 7.574259 -109083.752118
158.927632 121.624379 4.258053 3.614523 -109098.213683
151.002948 119.379621 4.819009 9.235822 -109188.986505
164.859228 121.068177 4.902775 6.865804 -109138.169429
157.823993 118.896230 3.760990 5.798595 -108860.109592
163.690263 118.283874 4.044697 7.631046 -109035.897586
151.059305 122.913469 2.997984 6.946100 -109165.315354
154.579108 121.345608 1.809683 6.996141 -109146.075316
164.204725 120.409266 5.753043 5.848975 -109102.826905
149.638531 120.929616 3.639362 9.084095 -109173.233239
152.389420 123.222510 4.787125 5.533234 -109109.759476
153.025366 118.695778 5.921002 4.800748 -108950.509822
157.419712 121.225298 6.273450 5.067379 -108738.589691
155.581845 115.924427 3.473537 8.694068 -108954.044822
154.433511 121.079654 3.596574 9.673702 -108970.744742
156.155803 121.142955 3.196752 6.101074 -108941.035748
151.747255 121.745708 3.094043 7.026421 -109088.532449
152.986751 117.802420 1.847507 8.168993 -109137.381837
161.371255 116.166678 4.145391 4.026693 -109175.525235
158.984167 122.767091 3.422587 4.831271 -109063.257590
160.240206 116.608011 2.952839 5.749975 -109057.727007
152.493233 118.594787 5.316168 7.260848 -108959.283600
157.587952 123.358400 4.398490 7.271610 -108890.736175
161.420235 120.785256 7.717355 7.032545 -109044.867339
153.364781 121.151778 6.261034 6.005051 -108901.666030
157.866994 121.312193 6.934421 6.196470 -108723.544263
160.710060 118.083997 3.818912 6.912936 -108891.345997
155.299548 120.829132 4.666160 6.056139 -108813.761680
156.698133 113.485630 4.718385 8.290202 -109091.797796
152.103540 119.138223 8.044737 5.338761 -109048.744839
160.776773 115.109785 6.012070 6.334435 -109016.217325
161.644596 116.888713 4.913645 6.123975 -108943.512295
157.085450 123.920990 3.311212 4.712372 -109129.083514
160.886106 117.251055 2.726147 9.509571 -109005.114560
163.386236 122.127231 2.822470 5.856098 -109169.015083
158.846097 121.626061 2.682423 5.737346 -109041.532140
165.126380 118.569166 3.315601 6.118104 -109189.546777
153.219077 119.750861 5.144380 7.441043 -108906.797684
161.613399 118.640648 5.504740 5.778452 -108875.546633
152.526527 121.490414 2.758812 7.310307 -109066.097443
154.762516 121.891365 5.227791 6.540282 -108846.207717
156.195738 115.093167 3.080623 8.853373 -108998.895743
158.960420 119.649612 11.487455 2.939417 -108949.251684
164.279649 120.115481 4.156393 5.811498 -109113.209220
155.025812 119.407721 10.782652 5.521933 -108946.664216
157.784314 117.917750 5.875239 4.792354 -108786.563220
163.997164 117.662593 3.265099 5.799756 -109157.694429
151.926855 123.151806 3.588498 7.304910 -109093.180287
160.242494 118.213148 4.788755 5.575535 -108848.670357
155.172524 113.896436 3.132809 5.974611 -109136.415925
154.402498 117.218338 3.421649 5.975708 -108980.065941
158.705141 123.350813 3.543585 4.605266 -109096.900295
162.721668 115.065223 2.938304 6.422300 -109164.964914
158.736493 113.141094 3.793291 8.731651 -109093.770185
153.320801 122.464540 6.011901 5.664418 -108978.102525
153.649659 117.033486 2.985192 6.766844 -109019.846591
150.777686 119.766119 3.968503 7.155387 -109074.621271
162.772410 120.118255 2.726428 6.150841 -109104.938160
152.148640 116.716871 3.173391 4.933236 -109182.806283
160.551007 118.379614 3.370043 5.429813 -108997.109307
152.680098 123.645471 6.534216 5.455936 -109141.126759
153.798430 119.931597 6.975451 6.816537 -108907.447959
158.376588 116.263180 2.289869 5.057447 -109173.797092
155.842317 113.903406 4.481171 9.199402 -109115.980814
161.959294 116.105962 4.062086 4.642989 -109140.309552
158.867089 123.259338 4.204257 7.086961 -108900.595293
160.521329 112.984317 2.709412 7.347197 -109171.846164
160.502915 117.161183 3.446256 5.980261 -108979.188008
156.180062 125.009662 4.405480 7.025777 -109022.778829
153.501067 124.278683 6.163655 7.081454 -109154.365547
160.168871 119.570060 5.238723 6.544453 -108775.210854
150.241864 121.993785 3.161188 6.476116 -109196.297276
152.941446 114.505050 3.328375 9.028404 -109096.089695
160.251770 119.028105 5.574288 6.824766 -108783.786877
161.779773 116.854316 3.772017 7.388927 -108971.273811
164.475237 123.945272 3.773872 7.536402 -109174.323363
160.934782 123.474091 2.755781 7.526518 -109053.159139
159.852372 118.455352 6.747465 4.891650 -108777.874996
157.810927 123.516265 8.952060 4.947019 -108943.701556
157.186562 117.650908 6.287265 6.115653 -108719.281497
155.656516 119.489763 4.190070 4.405977 -108966.198748
156.747197 123.647312 6.515991 6.777096 -108940.442444
151.420463 123.784258 4.655789 6.839838 -109168.563895
157.019556 113.106028 5.108629 7.952166 -109134.712963
158.149690 123.304537 5.716789 4.687404 -108935.326685
155.087857 122.654222 8.115453 6.399478 -109002.813365
160.795825 124.605260 1.999302 7.667188 -109170.656469
157.248933 123.403248 4.783176 5.463329 -108921.756436
162.566466 118.019503 5.152197 8.812699 -109089.155148
157.699508 122.412679 5.836208 4.563187 -108874.834239
154.775009 116.555401 2.720980 8.400270 -108998.543765
151.525090 119.895044 3.589171 4.946698 -109157.157012
151.839878 117.990290 3.477240 8.593940 -109029.946530
162.912354 118.885581 4.602130 4.893589 -109062.673051
155.594212 120.577167 5.231339 5.076399 -108815.594321
157.575551 120.445066 4.404083 4.740910 -108885.290382
160.542649 116.777441 6.168887 8.566979 -109121.932550
153.357094 121.368244 2.115411 7.733264 -109102.711632
154.302871 120.571998 4.114107 5.017403 -108964.739709
160.854950 122.146052 4.076659 4.625739 -109056.399532
158.693980 114.046669 4.413497 4.761893 -109138.128036
156.519944 116.989742 5.549074 5.213868 -108818.689939
157.732458 118.360336 3.845415 6.047870 -108843.872048
163.843566 120.224560 8.233846 4.547454 -109181.432643
161.830451 121.484134 6.522909 6.875105 -108965.497411
155.363167 115.758325 4.383409 4.082690 -109116.340353
152.344938 114.835489 3.926736 7.136177 -109094.372888
158.983708 120.886792 4.226688 4.036014 -109019.415469
160.557244 118.372295 6.442363 6.554070 -108814.116204
155.642139 113.428176 3.276647 9.660829 -109096.417669
151.801522 118.761460 4.365287 6.153204 -109015.146887
158.801189 120.834246 1.828848 9.436339 -109075.095389
164.030167 117.184210 2.826425 8.630353 -109103.431716
154.224397 119.684847 4.166263 5.944089 -108885.947284
162.415238 119.026038 4.568517 7.690147 -108943.647655
157.443626 125.650794 4.937078 7.144960 -109072.404281
164.473681 121.488731 6.214317 6.391885 -109179.287236
160.968391 124.178856 5.714940 4.973778 -109081.550276
154.085150 124.236468 2.010687 9.761883 -109129.392360
160.006942 120.934315 6.148156 6.324081 -108772.341944
162.412845 120.836862 7.053336 4.925939 -108982.760661
161.466749 125.875367 2.130580 9.319146 -109175.492142
159.650040 115.056780 4.400654 5.648220 -109007.691905
158.205502 118.473370 5.454080 7.048995 -108738.144706
151.748167 116.071379 2.309707 7.673094 -109151.305958
161.074985 117.594461 4.941993 4.741666 -108972.274600
161.788709 116.277358 4.974214 4.341015 -109112.603791
153.771590 114.988767 4.926589 5.161297 -109076.240727
154.175217 125.124689 5.470710 5.491481 -109142.441004
163.105969 120.419053 2.980695 6.216698 -109092.869268
155.317503 124.218144 3.027988 7.550188 -109039.691346
160.321019 119.026560 6.647642 5.437008 -108764.964844
159.589133 120.294502 4.930881 7.580065 -108799.005530
159.972447 121.051622 5.173693 5.114039 -108849.867668
156.215563 122.201477 2.840275 7.654296 -108964.082573
161.800346 120.412228 3.073138 6.569427 -109006.802876
151.613308 122.757192 5.612840 7.502941 -109167.709668
155.989070 120.769200 5.671258 3.824137 -108939.619794
154.601078 112.719420 4.843760 6.802136 -109169.611307
161.790845 114.641204 3.130720 5.599614 -109182.315585
154.444923 119.490445 3.593466 7.002643 -108890.703978
156.517599 117.626107 4.576463 7.018945 -108789.460987
154.372591 116.995054 4.838144 4.184975 -109042.231961
155.983468 116.067228 7.002123 6.264673 -108873.049123
155.162672 114.135243 3.355795 6.304093 -109088.119275
158.181657 118.851181 5.835110 5.129321 -108732.531996
156.041549 118.205386 5.691236 3.546933 -108998.058508
162.220390 117.367591 4.067831 6.176382 -108992.656628
154.933701 123.247344 5.030771 6.975143 -108926.679838
151.969545 117.072628 3.832874 6.256553 -109052.785381
155.800462 120.657196 3.853099 6.057662 -108864.097389
156.973926 120.474932 3.458540 6.625688 -108864.231495
153.697945 121.219973 5.938251 5.201343 -108901.171499
160.799934 118.889676 3.787305 5.675684 -108937.991879
156.336280 122.785135 3.674031 3.468201 -109197.321686
160.678026 116.581350 3.570792 5.634921 -109016.886988
157.898879 118.750272 2.610847 7.354988 -108956.703785
162.865725 123.493371 4.726114 6.387151 -109081.390324
159.361795 118.772447 5.545679 8.438122 -108902.451337
154.268185 124.770455 5.093023 6.535571 -109074.794368
155.228947 116.012173 2.469506 8.915874 -109030.466226
160.609156 113.901151 7.026661 5.050670 -109186.554786
156.730334 122.450319 7.116888 4.510203 -108841.340835
153.364860 120.644371 6.515738 5.868663 -108885.338023
158.509229 114.091982 5.715303 4.047418 -109175.712949
160.560419 114.061364 3.164670 7.567813 -109083.331689
155.875618 117.514125 2.595260 6.265519 -109025.699648
158.477456 120.285105 5.762256 5.875290 -108705.229014
160.295150 116.545679 3.504992 9.636652 -108987.326681
151.914346 120.147725 3.071210 6.345774 -109082.644838
151.154697 119.629260 4.585136 5.609646 -109086.224106
162.480204 118.059805 2.181096 9.912871 -109083.810133
154.656322 124.218788 6.869999 5.047652 -109063.612012
156.653599 119.756684 2.887699 5.030680 -109035.066703
164.346599 118.928515 3.617390 8.022205 -109074.052238
160.698671 118.583668 4.362047 6.896570 -108846.184061
163.638043 117.382599 5.050711 7.320741 -109072.709087
161.138097 119.458568 5.230619 7.666055 -108873.851193
161.311623 121.488211 2.538189 7.814134 -109029.652870
152.722323 120.767998 4.768138 4.838282 -109033.865094
157.262935 121.666149 5.316595 8.514687 -108907.486487
158.007367 114.105716 7.487563 6.293795 -109121.133576
151.464519 118.800141 2.858860 7.642733 -109074.509712
155.028458 124.309441 6.006769 4.428341 -109092.721923
161.446916 119.516389 6.198070 6.047386 -108840.906735
158.585145 117.422226 3.066778 6.119472 -108963.365608
157.864877 123.510893 4.732049 6.023914 -108902.446260
158.622672 118.773139 3.870992 9.286237 -108892.983692
154.154589 119.073876 5.386763 3.522897 -109068.144889
151.005150 115.783940 4.302894 7.659693 -109131.867047
156.074940 119.640780 2.322062 7.071791 -109016.654925
159.014645 126.180596 4.319346 6.812886 -109118.567459
161.861936 118.188204 2.823136 8.708819 -109002.956178
158.556204 121.652980 5.885659 6.603761 -108760.769536
158.560905 121.026550 6.354538 5.362191 -108721.760509
156.596063 118.531941 4.083491 6.336643 -108809.573450
162.494445 122.952368 5.403116 5.483748 -109059.912146
155.091585 118.997515 7.261107 6.065897 -108752.812708
156.175026 124.527669 3.225316 6.425301 -109060.921878
152.682314 120.018891 5.441474 5.144777 -108968.459472
160.881285 122.515845 5.506702 9.434115 -109189.815579
161.521053 116.703203 2.195927 7.882977 -109097.097746
151.479586 119.309270 8.258763 4.836554 -109138.560561
158.301790 125.491780 3.241525 7.884474 -109065.974498
157.936782 123.246411 5.780275 4.626177 -108932.286756
157.471000 120.893782 4.440094 7.045423 -108776.796007
156.369632 116.808818 8.111392 4.760926 -108811.466659
154.585336 118.026364 4.205498 5.106009 -108941.626718
159.040653 113.611854 4.360714 8.132896 -109067.775032
155.713092 120.979889 3.718438 5.063076 -108958.265045
155.406444 117.734296 2.436047 4.670472 -109163.027344
162.860233 119.035092 4.141411 9.229638 -109037.817294
153.967682 113.781631 5.621283 5.099918 -109164.862791
155.141194 118.263798 1.950082 5.070133 -109198.255555
156.634691 114.657768 2.484672 6.020207 -109140.970593
160.849630 116.259390 4.664241 6.146598 -108939.294236
157.546023 122.779813 3.728747 8.073614 -108899.942661
159.763779 118.018013 4.906885 7.002631 -108798.645154
158.370851 119.667543 4.150075 5.545070 -108835.237756
162.154542 122.880794 5.052062 5.874548 -109015.483470
156.980938 122.020559 3.654628 7.145650 -108872.279331
158.788253 122.435801 7.453847 4.416941 -108855.459025
153.962292 120.456479 4.267869 5.839293 -108905.801609
159.723535 118.261562 3.179189 6.003865 -108957.945151
157.089154 113.415579 1.787202 8.919515 -109176.475250
158.648482 111.990163 3.078214 7.254498 -109184.649332
157.720787 120.555244 4.287497 8.833469 -108860.690317
155.144617 122.779602 5.271818 4.448067 -108992.969972
156.275278 119.382290 5.275739 5.664972 -108738.501257
160.630954 121.406679 3.158114 4.347035 -109137.265118
157.539422 117.929596 2.707661 7.419796 -108950.155034
154.436104 119.376291 4.903524 3.771916 -109042.130583
156.973502 123.091424 8.951455 2.887966 -109108.304902
150.885193 115.899524 4.210639 7.446884 -109130.442973
158.772316 124.326787 5.498408 8.006149 -109041.128004
161.322426 118.647465 9.024433 5.902687 -108982.892325
150.237096 122.851851 3.692700 9.267415 -109187.142789
157.488786 124.269621 3.010954 4.736618 -109170.311775
160.529635 119.280758 3.859409 5.066212 -108966.228134
161.615503 125.665918 3.747310 5.903582 -109192.597985
159.040330 115.769938 6.973304 7.858600 -109120.928101
155.805029 112.136494 3.972900 8.165557 -109164.761376
159.912108 125.665697 4.249036 7.952287 -109093.693786
155.415217 113.541099 3.430258 6.350092 -109113.369603
164.584682 120.381896 4.824755 5.884491 -109125.315126
159.413511 118.570643 2.995317 7.390490 -108920.577847
160.142661 117.382972 1.614832 7.588291 -109161.784218
160.319505 124.764424 5.423602 4.532768 -109142.799187
157.208435 119.902868 1.935510 5.079391 -109175.168714
157.291495 117.559015 3.283991 6.532493 -108905.951372
155.582606 118.819911 2.123578 5.462526 -109133.729376
157.207111 117.983170 5.793646 8.318086 -108896.927893
154.672349 120.897851 3.287945 4.981994 -109042.201795
155.331992 114.465081 2.839169 6.578079 -109095.908672
158.789713 116.775367 4.374096 5.358876 -108905.235541
162.710749 119.366039 4.370226 4.012494 -109151.798929
158.785407 126.397304 5.199931 6.424888 -109160.470981
153.129573 121.582785 5.568396 8.563784 -109092.936546
156.288988 114.531652 8.335097 6.163158 -109146.104694
160.627139 118.241091 5.749129 7.539815 -108873.601257
156.564387 123.589035 3.481887 5.433385 -109039.454691
158.590877 119.987918 1.663912 6.538223 -109154.319788
153.983915 117.509926 3.973833 4.232773 -109093.304963
162.608952 114.964593 6.137957 6.338169 -109166.723650
161.126739 124.049127 5.284935 7.202863 -109029.783175
150.351358 118.813917 3.088560 6.342560 -109163.112322
159.947726 116.727246 3.209772 6.458834 -108977.174549
161.153096 119.624822 4.593765 6.897088 -108850.030530
162.326428 119.100674 4.312790 4.800059 -109047.455801
160.947390 124.289662 4.364045 7.065192 -109020.090758
154.138829 123.351703 4.905602 4.912381 -109048.303309
159.559762 124.236310 4.695520 5.420929 -109019.564879
150.086351 120.512170 3.801196 6.549608 -109152.113104
155.994486 120.062202 3.887552 8.531494 -108854.424058
154.657421 117.766788 4.133367 4.765718 -108985.901829
157.647094 118.127691 5.974686 5.818512 -108705.709340
157.627555 120.131606 4.080573 5.109444 -108876.409776
153.822892 120.823393 3.345753 7.531061 -108942.915982
155.192448 121.301540 3.314496 7.311142 -108912.794200
153.372274 123.067312 4.771634 4.778911 -109091.419432
154.559746 115.457923 5.635553 6.227094 -108947.022773
153.089972 123.695727 3.025362 7.947769 -109074.777948
161.827117 112.913708 3.718221 6.760940 -109202.202678
151.204341 121.010147 3.036526 7.531062 -109090.613492
162.135929 119.179590 4.486040 5.906379 -108940.547277
160.583999 122.906127 2.658218 6.588210 -109068.324362
154.028707 114.484857 2.284511 7.935489 -109130.346194
163.339454 119.283573 4.635074 7.227353 -108996.472279
160.882159 116.571822 3.625924 5.371298 -109039.809921
158.233982 123.192030 2.184409 7.940913 -109068.277456
153.867272 116.219737 3.230833 7.771298 -108991.665926
159.007849 119.824958 5.929641 3.643333 -108945.200912
163.651995 114.646022 3.492159 7.354754 -109169.395561
153.188698 116.536161 2.796684 5.306649 -109151.687442
162.356412 115.909334 3.417127 5.920026 -109108.718198
153.107945 116.402788 4.261215 7.031455 -108973.835320
159.776506 122.587883 7.096227 3.169103 -109102.202933
156.827315 114.214202 4.189117 6.825199 -108997.403676
155.041935 125.277117 3.579079 5.244496 -109176.759543
156.649752 113.328044 6.668925 6.457013 -109161.856586
153.792120 119.177141 5.499489 5.944676 -108837.123878
151.221021 124.278556 3.226347 7.756962 -109174.648651
152.088641 115.452567 3.908518 7.062698 -109078.710912
158.657464 118.085296 6.653887 7.015949 -108785.582723
152.866115 121.144833 4.274047 6.048780 -108975.699519
159.664123 124.633978 3.753507 6.374314 -109042.049642
156.348610 119.661983 1.658610 7.767998 -109121.063038
161.318803 121.966649 4.595016 5.540935 -108954.558689
156.317088 123.715952 3.335768 4.055569 -109190.238399
152.506051 124.684009 5.146323 6.817493 -109174.382993
153.425408 122.872985 3.413078 4.827395 -109152.197662
153.143314 124.686004 3.253184 6.968385 -109130.821315
155.557793 117.313310 4.512457 5.295568 -108887.797110
152.727992 121.073238 3.531694 8.724218 -108994.741451
155.263220 125.137812 6.101404 4.852542 -109130.757997
154.801939 118.456420 5.736805 6.397112 -108777.632492
157.896512 124.129459 4.110980 6.260109 -108969.195250
153.803669 119.713168 4.126919 5.266890 -108955.934906
160.995031 119.019524 2.766055 5.714948 -109058.149180
156.645388 118.602331 5.817825 8.876818 -108989.876592
160.099387 114.936113 3.017672 4.866331 -109185.611788
157.311380 112.766043 5.462580 7.352866 -109166.582138
155.507799 125.813937 4.185406 6.531832 -109113.843311
160.460462 125.602033 4.692748 5.477390 -109155.228314
159.502781 117.328731 6.858143 4.268552 -108878.815594
160.762318 118.240471 3.509982 5.514588 -108985.617095
158.632799 116.704788 3.353077 8.541599 -108917.875653
163.491653 119.596919 3.321096 4.859665 -109176.133479
158.883194 121.923050 5.571515 5.638268 -108791.443917
160.254443 120.207591 2.863618 6.602328 -108976.271569
158.164854 122.200641 3.121808 5.327635 -109021.856572
150.536281 116.766446 3.614812 6.141417 -109162.829318
152.728908 115.985494 6.466535 6.803212 -109084.826659
159.741701 127.049272 3.772319 7.194688 -109190.096616
154.494251 120.284948 6.139292 4.362679 -108886.702942
163.409177 118.228086 7.304139 5.686978 -109093.518515
162.307842 119.065573 3.937066 6.234006 -108969.565787
155.343448 124.752567 4.650320 5.691519 -109056.558652
157.408422 118.755942 1.871091 4.999461 -109193.376809
160.992246 120.246899 4.395721 4.546442 -108997.321159
162.626555 121.511258 2.905919 8.385750 -109031.080775
165.217005 118.076740 4.374790 5.757957 -109196.869963
158.933749 112.815964 2.839041 7.439832 -109143.547645
155.688599 121.717176 4.922889 6.418404 -108808.916571
161.329111 117.583450 5.347111 6.698893 -108881.981359
160.623100 118.771297 7.610446 6.497789 -108866.569587
156.960375 116.420566 2.421898 5.124600 -109143.449011
156.033671 120.050426 2.438255 6.204303 -109033.208656
157.899312 118.388767 3.925142 8.012530 -108823.029563
164.030936 115.868002 5.118561 5.377949 -109199.823606
156.129633 118.225953 4.548005 9.058802 -108905.900727
151.576207 117.084676 2.915188 7.425651 -109090.244382
157.193881 125.281087 5.254891 7.348785 -109058.667729
156.470358 112.249293 2.775107 8.728087 -109145.576022
159.080094 119.622440 5.918076 3.101510 -109058.621515
159.757104 121.628505 5.332351 4.642824 -108899.860733
158.730639 122.829331 4.933683 6.766617 -108846.949917
164.448002 116.922999 5.146452 5.231659 -109193.002545
163.341146 119.156831 4.990194 7.134506 -109001.377172
154.395911 123.607134 3.419649 5.145959 -109119.696501
162.324539 117.667931 4.971594 3.722854 -109162.689566
158.182982 116.729511 4.840646 5.322255 -108865.694939
159.046497 122.107476 2.365654 6.700332 -109053.619708
152.271030 115.012005 3.635171 6.163526 -109129.354426
154.388437 116.951901 2.895038 7.345914 -108991.305126
158.669473 122.110394 2.809074 5.030153 -109087.285997
159.159573 121.021111 1.824117 5.316498 -109195.817439
156.796693 124.773846 3.187246 4.862265 -109173.548421
159.208359 122.645929 5.804056 4.385963 -108940.822053
155.924886 113.182511 3.562712 5.829357 -109153.389712
153.000255 123.296384 3.973468 4.907794 -109149.266048
159.621086 114.703138 7.825289 6.098703 -109106.779691
159.242858 121.645959 5.267214 4.274287 -108933.246392
150.249635 116.376866 4.014637 6.150608 -109181.862204
153.955436 124.064198 2.508260 7.208791 -109122.818448
163.163130 119.728521 4.245004 7.050377 -108985.590585
160.054570 115.739262 6.086236 5.503185 -108931.560709
162.207349 119.430347 3.737356 5.545398 -109018.017265
150.385572 119.514333 4.366470 8.142896 -109118.677737
153.420664 118.415161 3.187057 6.046447 -109015.098034
162.632137 115.156848 4.648988 6.995321 -109093.927446
163.823334 115.719320 4.533667 5.846176 -109168.787257
154.322366 124.725025 3.548905 5.708712 -109134.637256
156.294282 114.702141 7.328374 5.339270 -109007.008089
156.815470 122.474254 5.510489 7.149867 -108830.554856
162.359588 116.260876 4.750445 4.751913 -109112.317360
160.316781 124.151841 3.585590 8.171908 -109007.855107
160.612175 123.580044 4.096988 4.551411 -109121.143047
154.021829 118.619365 3.614812 4.918594 -109027.526833
157.363929 121.768928 9.390857 4.001151 -108808.446521
150.983779 120.138739 5.480486 7.645128 -109127.800260
159.075676 122.715780 7.665580 4.521742 -108877.482818
157.652214 121.946559 3.510364 8.341204 -108887.593598
155.731214 113.989673 6.403571 4.554449 -109134.348375
158.573314 118.764235 3.373645 4.158585 -109075.674477
158.552998 114.677498 7.012501 3.571603 -109170.642269
151.431584 116.150504 4.458734 6.996665 -109086.784821
157.529933 118.877838 2.348922 5.914231 -109053.727452
157.295575 123.221478 6.152719 8.461887 -109086.477740
159.833086 124.673038 4.893622 4.247795 -109161.449430
155.395853 127.443816 2.659508 9.678373 -109185.747472
155.532040 116.312489 4.874032 4.818664 -108958.639339
150.853741 119.510255 4.262121 6.703119 -109071.965784
162.588015 118.271750 4.962172 6.305936 -108954.635409
151.302761 120.969596 5.127068 7.545934 -109083.656186
160.472670 118.126076 6.620362 6.558394 -108823.312318
161.046224 120.277090 3.602849 8.661730 -108921.960808
154.857510 120.354557 5.755349 4.788187 -108838.557267
159.841557 120.070277 5.171017 6.554752 -108765.704102
161.429804 119.007181 7.349035 3.053484 -109113.864626
160.140157 117.597257 6.056955 6.792099 -108822.653634
152.474984 114.539295 4.972144 5.337682 -109160.555795
159.018396 124.215809 2.929448 4.938784 -109167.807204
158.634276 115.535506 2.051899 6.263048 -109156.661181
155.410288 121.089212 5.652392 6.962833 -108791.907239
158.295429 121.927891 6.001134 3.658254 -108977.690393
155.083851 123.364941 3.189155 4.829129 -109133.927574
159.002446 116.531324 4.420340 3.459747 -109159.561378
160.880342 124.605763 3.458210 5.433996 -109148.317625
157.987150 116.985733 5.173995 9.629454 -109071.646180
157.305624 114.146740 5.896656 8.145343 -109137.928405
154.936476 119.328933 10.141507 3.698899 -108864.509063
163.350458 122.282549 5.416007 6.105217 -109067.823658
158.551759 124.765066 4.226290 8.095128 -109008.421164
162.862380 119.439791 5.922234 8.134012 -109101.129137
154.896902 120.022522 3.988736 3.417285 -109149.221974
164.782204 121.156956 5.724861 7.101366 -109188.984771
154.708295 122.965703 3.436625 6.778912 -108984.467810
153.244738 117.125241 4.847382 5.031741 -108999.348550
157.830240 114.721819 3.698778 5.185314 -109082.885831
161.346798 123.362852 6.306585 4.130412 -109112.873765
153.808864 123.170856 2.544112 5.755300 -109159.981467
155.257106 114.582435 3.642375 5.413369 -109097.298639
161.252777 121.228156 5.665846 3.798080 -109055.802405
161.560661 122.363621 2.136881 6.620656 -109145.584278
158.752507 115.396777 3.656112 4.317145 -109145.124280
160.010353 123.509538 4.918049 7.470813 -108941.989951
155.941791 117.914022 3.968687 6.431933 -108841.543287
152.309198 114.575461 4.711238 4.877525 -109199.707705
153.844074 117.807728 3.777950 7.655003 -108914.334328
154.417508 122.556282 3.880994 7.263266 -108937.536961
160.175604 121.809305 2.633063 6.308552 -109044.398280
159.290854 121.539045 4.635066 8.658886 -108896.361963
159.286212 124.256783 2.124742 9.949691 -109094.768278
160.215133 119.952580 5.501425 5.554224 -108789.036042
160.886319 114.321906 6.152464 6.389628 -109108.065186
156.621639 122.943635 4.377691 7.402798 -108876.745974
155.075087 123.706374 6.201954 7.148825 -109014.271402
155.585666 122.436391 5.658130 5.936279 -108834.163001
158.121594 112.935322 3.589398 9.603159 -109120.390884
154.765454 115.588896 4.523013 6.579611 -108938.342790
157.228779 115.370385 5.654376 7.573260 -108942.221466
158.975024 114.556894 6.117931 4.350229 -109097.969024
161.977208 113.751253 3.094419 7.292636 -109154.387677
150.273071 119.049678 4.486712 6.510799 -109121.562059
154.532014 118.174951 2.026559 6.667131 -109112.579751
158.366270 114.436404 4.751824 5.141786 -109052.691716
158.341924 120.010450 5.699671 7.129346 -108736.451615
152.848798 116.553739 5.123783 7.841981 -109019.826812
160.109620 120.239413 3.581644 6.998510 -108876.726551
158.520285 125.499894 6.823168 4.575200 -109158.523217
158.698678 119.860781 6.824729 8.538222 -109079.248067
151.120474 118.429429 3.293021 5.462104 -109159.530313
153.825625 120.901668 7.122868 5.148261 -108866.693740
159.407108 124.527383 3.719053 6.651620 -109020.964034
153.973151 119.497045 7.602727 4.899871 -108831.610899
155.173628 119.559886 5.525157 4.635920 -108845.035200
161.529175 116.108098 6.364246 4.582087 -109048.547110
155.342237 121.137357 4.148978 7.971233 -108855.711938
159.878502 113.607258 5.248507 7.527926 -109116.839340
160.152609 121.460807 5.978699 7.897240 -108926.814221
163.651923 119.441263 4.481410 4.926486 -109115.609287
152.302632 120.977833 4.204312 4.689160 -109111.824992
158.269743 124.710826 6.533714 5.463316 -109014.631868
162.953345 121.095818 4.296081 6.069912 -109013.223608
162.021491 122.411976 7.151458 5.060773 -109021.243182
158.949552 121.245887 2.183134 6.279054 -109083.421249
153.649962 115.928432 5.594155 6.701597 -108967.364654
162.162172 121.512151 4.709913 5.607808 -108979.158197
153.870001 120.634086 4.180950 7.049871 -108885.435024
156.785838 121.118486 1.997213 5.103576 -109174.928695
150.708329 120.976292 4.809271 6.718974 -109108.432658
160.235661 118.343012 5.094092 6.137173 -108802.376182
158.052047 118.013317 6.831301 7.701316 -108900.579019
155.441280 115.806840 5.205363 5.362812 -108927.721174
155.380458 118.600341 4.431990 3.507445 -109095.659715
162.692507 121.495633 7.405357 4.360384 -109079.934150
157.594707 115.084236 6.258527 3.745880 -109112.134417
161.871060 118.860289 6.511535 7.584716 -109016.266582
158.495784 118.917631 4.232833 6.222456 -108795.423156
155.388019 112.215695 2.772347 8.429435 -109160.889308
152.077915 121.369409 6.141021 6.973826 -109064.071446
154.519847 115.455497 3.744240 6.430664 -108997.833998
153.413576 120.777051 5.621188 8.028559 -108986.091911
156.885590 116.606956 2.030507 5.157927 -109191.502192
153.130748 124.454916 2.983883 6.042360 -109178.731994
159.708414 122.450862 4.437973 5.344140 -108930.229588
159.291438 120.157570 6.040053 3.522019 -108972.421741
157.946885 111.685768 3.760705 7.315944 -109190.758294
153.971421 118.076415 5.035485 5.784770 -108865.249391
158.816211 121.737278 4.867878 7.858555 -108835.824178
160.435230 116.424416 3.785008 5.908387 -108978.453034
164.664649 120.480536 4.424790 6.884270 -109102.289182
151.645440 122.627330 3.448453 5.456430 -109181.289322
155.609519 123.552171 2.984254 8.843524 -109002.348447
161.047831 118.355833 4.224689 6.573434 -108879.418304
152.319733 117.680499 4.642640 5.193682 -109038.320882
160.906359 119.178906 4.056665 5.381157 -108936.936784
158.170354 119.028311 3.998485 7.654460 -108802.892750
156.063697 122.112116 2.681846 6.679399 -109009.972043
154.765384 126.688799 3.427021 8.536121 -109166.663670
156.205798 124.850736 4.807035 7.716120 -109028.057023
158.853021 116.148566 5.872301 4.232876 -108980.776813
152.598786 123.278655 7.320182 5.058272 -109156.227202
162.759899 123.952179 5.050350 5.069724 -109171.362122
153.956058 116.250865 3.553451 8.643994 -108980.708004
157.154769 122.979630 4.352875 7.502234 -108875.809145
155.471004 119.339534 6.076951 5.560332 -108729.933201
158.032584 118.467163 6.530018 6.657562 -108719.156171
159.741997 121.310431 4.858537 4.167576 -108980.900653
154.672926 114.163992 4.931888 4.739148 -109142.147625
154.866187 118.779151 4.431640 5.087501 -108898.576185
164.282482 122.832526 5.366716 6.354185 -109168.486493
159.302904 116.088329 3.527425 8.467680 -108939.159778
156.559134 116.448027 2.235708 6.577546 -109084.848513
163.116418 115.891514 5.305192 7.401601 -109120.563042
161.903242 120.735891 5.639937 6.546046 -108894.319131
156.230276 122.705059 7.090224 4.165313 -108913.322301
163.451288 123.496357 3.288406 7.803075 -109104.313652
155.975755 116.838795 7.553887 5.021478 -108805.147631
155.358759 125.993524 3.418158 8.419508 -109111.320078
155.237594 123.737092 2.754387 7.781945 -109040.014277
157.015355 112.956558 5.369022 7.540372 -109148.401775
157.568167 122.426546 3.535776 6.744148 -108904.033820
161.863751 114.977055 3.443290 7.696579 -109065.552679
157.623440 114.615717 3.726405 5.816635 -109037.369271
154.628473 119.890264 5.502372 3.818977 -108988.638678
157.675892 115.307735 7.633370 6.340584 -108978.924686
160.307114 124.393024 3.570992 5.562714 -109102.213175
157.790566 119.943816 4.493737 3.820923 -109001.973459
159.143690 115.960185 5.418178 6.215019 -108866.366751
163.797319 118.562751 2.382909 6.320584 -109180.006172
151.277297 122.124639 2.862283 6.328978 -109169.030186
156.175708 124.910907 2.716030 6.831222 -109108.993789
154.920368 119.863452 5.792179 3.680672 -108981.825432
159.121778 120.058021 2.777022 5.365462 -109034.441779
157.716620 124.518248 6.037825 5.498821 -108982.664656
157.011845 122.464739 2.904059 5.703566 -109031.238018
160.610324 121.309106 3.769268 5.230452 -108986.343645
151.176487 118.705666 5.104540 7.247483 -109060.118618
162.090812 117.526484 5.081511 5.045036 -109001.256785
157.757541 119.241718 9.616858 3.745474 -108768.955401
152.845137 116.935252 5.435560 4.125718 -109099.142418
158.883976 125.458153 5.157968 4.665484 -109153.895508
150.651316 121.076560 4.092241 7.057321 -109103.902493
154.343020 119.097327 2.001000 5.570580 -109168.734788
161.880852 118.430510 2.336380 6.990646 -109086.635925
157.239667 113.277802 4.182766 6.218265 -109091.365609
158.356226 125.432989 4.409775 6.758904 -109047.999188
162.195528 123.512665 3.975462 6.606248 -109049.130410
158.122747 113.232945 5.538957 4.836568 -109174.369135
159.436754 116.226802 5.255085 5.805039 -108872.610771
153.490361 118.274121 2.542508 6.852504 -109053.791149
150.173841 117.405155 4.195079 6.204604 -109157.454680
160.286916 117.805561 5.063964 3.244068 -109142.153023
158.117413 123.805975 3.344208 4.053565 -109189.346468
160.741146 115.263781 5.210106 6.056447 -108991.300896
163.317979 118.317031 5.358305 6.226528 -109013.871891
157.997629 123.324742 4.519020 7.027965 -108883.432332
153.717521 119.748387 6.112094 4.397809 -108928.821435
160.335849 117.765417 5.907114 3.692432 -109023.417913
152.756433 121.771847 3.014950 5.509531 -109125.948070
156.198267 120.497893 5.491327 6.776398 -108738.442677
154.506867 117.661256 4.432093 3.778354 -109098.490392
161.648806 118.013862 3.614985 7.159819 -108944.476750
162.506938 116.070631 4.794503 5.753651 -109060.314537
154.380494 114.529983 3.312026 5.350571 -109148.472129
156.889092 120.764174 6.273615 4.390814 -108795.802551
150.498684 119.433471 4.324681 6.794774 -109097.379037
158.659878 122.452532 6.028678 3.769852 -108992.165793
155.595933 122.502862 3.900212 7.714585 -108898.576102
162.578835 114.773170 3.888102 7.079706 -109109.217782
163.721884 120.558008 4.769124 4.606962 -109147.607897
162.130997 123.269963 4.277695 8.021143 -109026.070496
158.627359 121.930420 5.570385 6.440141 -108774.955232
157.758225 120.283491 3.922913 4.237349 -108996.479767
156.498871 119.915059 9.941231 5.925014 -108849.029064
157.289823 123.959074 3.988552 4.288894 -109120.948491
159.356762 121.947438 6.416135 7.131836 -108855.353933
151.788481 116.113717 2.485192 6.663506 -109166.989154
158.446635 120.018155 5.701073 3.952584 -108892.226851
157.829359 120.446882 2.974377 8.379108 -108904.442650
151.276495 119.599135 6.405219 4.352921 -109145.555732
157.983192 121.332904 5.695659 4.826364 -108798.035837
152.619448 115.775656 3.437905 5.439757 -109134.949963
155.662318 116.696732 6.007600 3.148127 -109131.171450
157.520949 121.034996 4.234736 5.410973 -108851.048828
153.545560 118.830048 3.968051 7.077405 -108902.712295
163.285037 118.843850 6.734505 7.680119 -109196.859144
157.670937 113.356099 3.225388 5.666225 -109164.400761
155.422977 125.706773 2.840736 8.649379 -109106.702545
154.863619 122.397417 5.102890 7.835115 -108919.302990
153.223366 117.769683 4.024211 6.503000 -108943.216020
161.799035 119.931912 6.000012 5.399620 -108887.316653
157.501341 122.419039 2.073064 5.151278 -109182.331511
160.593126 114.274852 7.529522 5.122846 -109162.056251
154.223881 118.762238 9.263927 6.466219 -109066.746673
154.581202 123.435117 3.447339 6.737489 -109010.953993
153.857548 124.298169 4.699171 4.560911 -109164.503500
153.049366 124.953575 4.516994 5.677421 -109177.915270
162.621479 121.502065 6.259743 6.606525 -109002.303972
163.673582 123.323575 2.970976 7.113586 -109140.590012
159.874744 125.251310 4.996026 6.570784 -109064.631500
157.637243 124.259269 4.483707 7.583553 -108955.985860
160.852135 119.616052 4.132598 8.012695 -108873.484035
161.247248 123.766713 5.578626 6.717328 -109011.647986
163.762688 124.339338 3.767821 7.198362 -109158.853435
158.826376 112.679586 3.110255 8.567088 -109118.080265
153.453047 123.387334 2.745936 5.843236 -109153.333360
152.175884 116.530409 5.207118 6.666597 -109026.717711
153.531147 119.088232 7.532441 6.611032 -108949.624551
155.573933 116.352329 3.462242 5.080250 -109042.588498
150.744981 118.666384 4.041838 7.590718 -109074.176168
150.386078 115.664119 3.438705 7.993169 -109159.630805
