168.300323 7.877205 6.508958 6.464073 -110940.206013
168.969665 6.779351 8.644531 6.831266 -110903.480046
171.579641 11.951538 6.626553 8.217803 -110853.244312
175.779750 8.316811 6.844794 5.814607 -110943.125395
173.923629 9.026824 5.796631 6.684414 -110818.420932
172.549566 5.740835 6.468415 6.410357 -110815.093942
174.787860 9.430015 4.610131 6.673287 -110968.784646
167.314893 5.820589 6.437848 8.550348 -110899.659613
176.760558 11.828240 4.971579 9.653813 -110933.440794
168.932770 11.896591 4.524152 9.704314 -110919.487038
171.039848 12.934325 4.731932 8.495010 -110931.524203
168.188544 7.248130 5.876959 6.601153 -110961.634256
168.947641 6.246187 4.757214 7.051964 -110969.540792
172.096191 3.386386 6.375206 6.306241 -110953.847261
174.178136 10.892383 5.853837 7.858096 -110791.994726
172.586334 3.469163 6.809401 6.307903 -110919.873314
174.742446 10.387611 5.830685 7.576843 -110800.558720
176.307785 8.532668 4.115963 8.801938 -110868.450347
172.416864 4.894876 4.432927 7.615955 -110892.508643
170.768140 5.349154 4.284123 8.063773 -110878.478589
167.598566 8.102904 7.091427 7.887006 -110916.726942
174.200108 6.645530 4.923697 6.846761 -110884.723674
176.103256 7.091754 6.106841 6.854299 -110848.499855
170.415420 12.128595 5.267970 7.592093 -110917.300889
174.181109 5.662546 6.107433 5.708453 -110968.254504
170.475465 5.058677 5.830639 6.683696 -110891.152003
173.915836 7.982353 6.467514 7.261901 -110705.529340
169.063869 5.114264 6.921653 6.354178 -110953.048674
173.092939 11.455802 5.573234 7.457116 -110841.828726
168.670545 4.643334 6.104621 9.888117 -110783.895009
169.542951 0.834763 6.826687 9.056890 -110850.330023
175.932639 9.448585 7.684029 5.939058 -110948.444541
169.650441 10.941238 5.467689 7.952165 -110845.931603
176.777594 8.706711 5.564208 7.467458 -110867.567361
172.324339 5.092742 6.881787 7.042124 -110743.659137
169.082632 3.453475 7.134901 7.418913 -110900.869030
176.739659 9.757266 5.603842 8.131471 -110849.198295
172.147593 7.553923 4.704999 6.407689 -110950.238340
174.993102 5.660845 4.932914 8.680589 -110745.662377
174.244271 7.638832 7.100094 5.919844 -110843.814080
167.791042 9.107681 7.823552 7.594996 -110974.796206
176.335562 12.241308 4.331137 9.836340 -110945.338954
174.259782 2.326441 6.774503 6.963414 -110905.227931
176.157206 5.513914 8.287610 6.252194 -110915.434003
176.894205 8.964835 6.126420 7.388607 -110867.575606
168.932623 8.688547 6.341536 6.787215 -110870.545683
174.469727 2.368832 7.288462 8.494988 -110749.612027
170.498483 5.234910 8.551548 8.404195 -110822.624291
169.126094 4.525568 6.824481 8.494267 -110789.390788
170.035389 2.930129 6.973392 9.045089 -110762.143145
175.514721 5.874752 4.626277 8.148877 -110831.296582
171.116583 8.939513 7.537877 7.025798 -110737.989252
175.211400 5.328946 5.351320 6.523217 -110942.526908
171.013431 10.911263 7.202782 6.506099 -110868.125917
175.746760 10.734118 6.137178 8.114252 -110835.415671
169.929665 11.077502 7.324390 8.467026 -110911.403456
173.644882 4.111078 5.840563 7.219602 -110821.596012
172.612229 4.899127 4.950597 6.730219 -110934.268768
175.241114 6.609607 7.681856 9.813479 -110867.539308
174.802574 5.989509 7.038823 7.552598 -110711.490757
176.669201 6.933253 4.465115 7.618503 -110933.310659
173.508184 10.018200 7.963771 5.445893 -110942.160258
175.092418 4.540213 6.264302 8.003355 -110738.238591
173.787740 8.990532 9.028717 5.687924 -110872.767000
172.610587 10.870429 8.980586 5.643480 -110966.309937
171.617828 2.726688 4.899895 7.763713 -110923.827589
167.210552 7.639734 4.669446 8.414961 -110936.277904
170.832557 10.794099 6.970179 7.021896 -110823.674404
171.500542 10.191766 7.122273 6.031366 -110875.440254
176.401766 6.025796 6.134059 6.293607 -110950.789681
177.415743 2.816255 7.217378 7.552484 -110950.239768
173.366183 11.222812 4.430266 8.637753 -110841.159298
177.662789 6.938988 5.571818 7.367279 -110923.133774
176.353058 4.110139 7.149532 7.341625 -110853.137244
172.711278 2.293620 4.820795 7.816644 -110939.611486
171.310556 4.912482 5.328025 7.674387 -110795.665000
175.222204 10.262085 6.282248 6.793927 -110865.126758
176.397043 2.053322 5.991525 7.767859 -110928.509056
171.522895 10.502797 5.897200 6.276335 -110910.554806
167.530838 5.665609 7.268433 7.124222 -110976.223924
167.849184 8.861441 7.253442 7.363524 -110923.071833
173.659999 12.408867 7.212163 7.096664 -110939.556692
176.479621 10.835636 6.068739 7.212731 -110930.654618
170.855634 7.650186 9.308235 6.043144 -110847.335460
172.720271 9.446382 7.178448 5.543047 -110912.227256
171.510906 10.731446 7.268744 7.107193 -110801.163786
174.365456 2.743059 6.492790 9.112720 -110703.465929
177.407185 4.749332 6.998705 8.268876 -110852.003217
174.258322 2.233600 9.079761 6.789957 -110926.408220
169.861270 1.791111 9.073805 8.601274 -110945.336328
172.546779 11.541008 4.794185 6.908569 -110961.697204
174.134820 11.586056 5.672111 6.503473 -110964.262818
176.917191 1.238576 5.816124 8.884491 -110886.451445
172.751460 6.193897 4.856193 8.371075 -110733.330847
168.093644 4.893595 6.224848 7.770776 -110892.744924
175.379554 8.579425 5.164186 7.894205 -110785.857938
173.197307 10.532519 5.514399 8.976757 -110737.787939
169.688054 6.179607 8.435994 6.196460 -110892.421438
171.230396 2.022313 5.692581 9.599580 -110736.839636
171.356543 10.364183 4.567649 7.805663 -110852.483384
171.949203 7.297740 3.800663 7.357915 -110970.255628
177.086400 5.317276 6.830519 7.771056 -110839.970949
176.154770 10.399542 7.936409 7.664446 -110944.509932
174.759871 9.546168 6.857277 6.489238 -110830.750884
169.990755 4.685668 5.126183 8.483836 -110790.888498
175.414666 11.097043 4.858672 9.916685 -110834.861668
172.428940 6.811744 7.292144 6.462649 -110748.153529
173.506543 11.358051 8.224652 7.029399 -110896.855779
172.622548 2.491959 9.438491 7.911501 -110864.513954
174.163109 1.802646 8.577966 7.545943 -110857.936875
172.068328 7.710989 6.081463 6.929690 -110744.494948
172.752531 6.674717 7.251188 5.976755 -110815.601565
174.761627 9.842746 7.739876 9.230425 -110947.007173
172.947657 5.561390 5.982613 6.700890 -110813.397668
173.827381 10.752893 6.621433 9.411149 -110836.716602
171.123227 8.441943 4.925945 6.599344 -110909.858042
170.855654 10.114630 6.307722 7.452997 -110765.795334
173.242197 11.222020 5.955503 8.273343 -110779.035745
171.180799 7.465401 4.886949 7.035356 -110857.493760
169.334051 6.336198 5.456356 7.082143 -110879.107325
173.362398 7.571828 5.911265 6.434671 -110819.861408
171.422345 8.961914 5.882334 7.376519 -110736.684570
173.018177 7.317853 4.461741 7.571820 -110839.077158
173.359588 3.319748 7.794476 7.307057 -110782.270995
176.548760 0.564418 5.983688 8.230067 -110959.410090
173.799965 3.885201 6.444848 6.477153 -110893.715771
176.029412 4.236895 8.676366 7.925583 -110872.511224
