156.729454 96.132720 1.658693 7.496873 -106573.821261
155.899962 83.654839 3.384202 7.356121 -106490.236827
165.996796 89.901440 2.815831 4.483937 -106559.634639
159.368796 85.873742 3.973659 6.829018 -106403.127953
164.501867 85.579205 6.044820 4.744644 -106521.354123
164.906853 91.354830 3.152892 4.704665 -106561.326086
158.879534 94.122672 2.820229 4.270213 -106594.313026
165.177761 89.207852 2.892510 2.371964 -106581.244022
164.847255 87.324794 7.366287 1.925943 -106588.974396
158.350952 84.928215 2.475481 4.734224 -106367.161950
163.717394 86.345938 2.988659 6.449551 -106438.791108
157.308483 85.360149 6.183089 1.633783 -106460.050013
164.001427 88.563598 5.599134 3.178611 -106491.790937
159.287591 87.052354 1.914907 6.868808 -106413.864629
153.505884 80.942724 1.949193 3.607038 -106584.278677
163.290996 82.609697 5.151180 5.158183 -106505.357206
152.350268 85.673275 3.833129 3.469935 -106595.004378
161.298123 86.623359 2.496761 5.319851 -106368.498630
156.833308 88.575469 1.942097 4.365017 -106454.301181
165.306430 81.972445 4.034433 4.667112 -106577.117729
160.651350 84.504599 3.235604 5.447629 -106340.849113
162.121543 89.679151 4.385030 4.201295 -106409.899473
157.124564 84.196796 9.811313 3.627907 -106402.796052
165.611338 83.590127 2.424814 6.159100 -106511.490978
163.442250 89.306277 5.584605 5.754296 -106574.274239
164.422218 88.221720 2.264590 8.113040 -106501.180416
169.124773 85.691788 2.056039 7.816641 -106594.930134
156.144070 85.810739 2.377383 3.154361 -106464.531319
163.346136 88.289436 3.784865 3.114315 -106455.865105
158.241235 81.661613 3.451137 1.755423 -106559.374893
157.114053 86.698358 4.348970 4.202284 -106309.693725
155.650474 84.526367 3.274024 6.528309 -106442.014363
158.353214 84.390480 3.902999 2.640987 -106378.898351
159.291763 78.436719 1.828249 7.142087 -106522.334892
152.227958 83.012297 3.109449 5.359054 -106575.513519
166.496846 88.063886 1.759856 6.557488 -106526.064584
154.529619 84.690125 3.213726 5.971932 -106464.648673
161.611718 86.183885 3.890708 3.680806 -106309.039940
162.222764 84.061449 1.013828 6.030478 -106496.409284
162.712981 88.767220 2.976861 6.408447 -106434.636510
162.709524 91.026203 1.094567 6.136733 -106520.869071
154.474449 86.515176 5.474783 2.487045 -106532.163593
160.094475 83.538252 7.320356 4.852552 -106400.239820
154.015006 90.940999 2.376670 5.412330 -106536.650024
169.374361 84.651224 1.304623 5.630632 -106588.687052
156.866048 82.288790 4.623158 5.652198 -106470.735678
155.784747 83.346683 10.684352 2.427055 -106587.288948
154.642344 80.852995 1.970492 5.671658 -106524.782259
155.821374 84.019084 3.035589 6.476509 -106437.836246
160.551648 84.941072 4.513616 3.254642 -106277.303233
160.289975 87.580764 5.118927 3.369445 -106250.333563
154.859275 86.367536 3.847141 5.504676 -106443.900006
156.978742 84.814843 3.492856 2.217659 -106466.745336
162.227860 90.359610 3.302375 4.429205 -106451.593265
161.133101 84.331589 2.987574 8.698682 -106510.560539
160.403055 84.257288 5.800151 3.647317 -106245.937102
167.015206 81.254414 1.096693 4.151036 -106590.084282
161.348939 87.784768 3.474583 4.329334 -106331.458838
158.718973 90.633617 5.191617 4.312487 -106440.184800
156.922779 92.249590 2.695038 8.855558 -106570.602055
157.545523 88.680602 6.777109 5.667287 -106551.826142
160.226455 88.223940 2.151465 5.731571 -106398.863867
152.270556 83.423624 2.435263 6.837785 -106543.048460
160.318386 92.486920 2.617714 5.882556 -106506.580123
160.365458 86.426670 2.255671 7.426801 -106414.329398
156.233660 80.133445 2.659804 6.062028 -106512.569698
161.910795 83.949746 4.743275 5.519859 -106388.880381
163.684419 79.189086 1.805062 7.066009 -106540.168243
167.245902 87.106625 2.920117 4.966352 -106572.729761
162.062207 93.134132 3.490696 5.865612 -106575.391077
163.780388 84.999961 7.744709 3.625430 -106473.727446
159.677363 87.284173 7.856797 2.075002 -106273.078061
155.845553 81.623314 2.647854 4.072673 -106509.069885
158.281149 82.526040 1.319135 5.225892 -106482.755958
160.902964 84.443246 5.414439 6.631688 -106521.410839
161.478843 82.783247 1.241193 4.715201 -106495.878509
158.248757 84.118015 8.474528 1.266063 -106490.049711
160.340773 87.188166 2.811505 2.941313 -106387.093827
154.845370 81.369215 5.117711 3.764068 -106593.039286
159.916966 82.907071 5.668900 2.860822 -106365.014323
152.694818 81.873938 1.307841 5.156758 -106560.479622
155.047383 82.163839 2.956496 5.311852 -106489.506279
159.885913 81.438235 1.091744 6.093281 -106504.305608
163.036451 87.376714 1.792737 3.383891 -106487.990342
155.648364 86.821539 3.812952 6.877978 -106475.417226
162.605224 82.994447 1.806807 4.639653 -106473.493923
161.234361 87.393160 3.683692 5.145356 -106323.519867
158.052309 87.794075 7.743401 3.735454 -106258.189509
164.748094 86.035312 2.614604 5.022263 -106466.646418
161.962128 85.725336 4.463905 4.880637 -106314.022724
151.274340 91.870200 1.558005 6.100010 -106575.449463
159.429611 91.491958 1.018626 4.644205 -106536.880804
157.459220 87.840811 3.361010 6.525413 -106400.827334
156.632751 79.648528 2.347090 5.567697 -106521.862308
158.802110 86.680691 4.462067 2.474786 -106331.230809
161.942823 84.710579 1.321671 2.939999 -106510.705345
154.736936 88.014781 5.285513 2.012824 -106562.691671
160.359549 88.261131 5.646548 3.768398 -106260.068075
161.065746 95.530379 2.043436 7.115996 -106573.869723
165.912668 83.439913 1.668120 3.302980 -106576.861943
161.021409 91.789603 4.422210 2.752514 -106549.070576
161.278992 76.995393 1.250615 4.036491 -106593.654080
162.436106 84.443141 1.558600 4.427584 -106468.292560
161.267199 88.238244 2.215116 1.176637 -106568.705283
167.352563 91.341381 1.259373 6.124959 -106570.067795
158.432053 80.260136 3.467825 5.803219 -106496.880047
161.212807 89.803370 5.073194 4.502633 -106392.765475
158.282265 90.480183 5.956976 4.516001 -106466.518269
157.546485 81.178668 1.076440 4.320408 -106537.691209
161.849151 92.799954 1.832754 3.906245 -106559.555481
159.354255 82.964381 3.514145 5.128284 -106364.226167
154.846544 86.209666 4.659528 2.687390 -106497.517406
158.760758 80.083739 1.694120 3.467257 -106553.105100
157.903445 82.984814 4.035061 3.673390 -106383.142699
160.685753 86.142269 3.329987 6.251868 -106356.892920
151.893783 88.512402 2.863720 5.661049 -106565.360653
160.165992 86.495552 6.206854 4.013519 -106189.315856
156.681895 83.715720 3.554667 5.334981 -106391.704474
163.362475 88.630068 4.627247 3.042992 -106459.344719
159.735371 84.266006 3.693406 3.164598 -106337.041260
157.092384 82.051665 2.886447 2.535445 -106529.017887
158.684080 81.953796 5.008119 3.689812 -106416.972767
158.722180 81.406663 2.051919 5.356929 -106461.637215
165.487343 80.537551 2.250164 5.857706 -106557.361276
156.094402 81.830886 4.241682 1.063334 -106591.358526
164.148661 81.230855 2.982893 4.140628 -106542.706969
160.590983 84.264796 2.839855 6.803477 -106397.826678
158.647378 91.403067 5.988912 4.836615 -106561.885905
149.446347 86.977593 2.031397 5.997248 -106595.371973
160.485059 92.269477 4.556332 3.338902 -106553.823393
160.533827 80.357006 4.504170 3.233112 -106542.143047
155.740316 81.498435 2.436367 3.163900 -106548.176400
159.349820 93.757592 1.734584 3.181585 -106589.632935
165.556085 85.698948 3.579374 2.554028 -106570.090054
158.844565 89.768645 1.771794 2.224277 -106538.741134
159.275575 92.740400 3.490866 6.356761 -106549.448082
155.259770 81.245554 3.265210 5.260045 -106514.487219
159.466929 90.250753 3.894362 3.651311 -106417.475026
160.888568 75.660850 1.092903 7.559198 -106561.189148
157.172737 89.255696 4.646706 4.523682 -106391.380828
161.916330 81.790943 3.277194 2.177702 -106540.441673
161.653282 78.222245 2.368051 4.348245 -106578.208579
157.890306 79.749840 2.848458 2.847201 -106578.356392
165.206244 83.928637 4.033654 2.847186 -106565.756680
162.598496 85.826871 4.360076 2.169557 -106440.764172
161.577129 80.925916 5.766238 4.193501 -106534.855768
162.157010 87.941721 3.930637 6.146553 -106407.087701
153.544954 84.110317 4.346042 2.997309 -106570.811590
167.527660 84.655652 1.212743 7.578809 -106544.864706
161.282234 87.773779 1.718981 4.052695 -106443.389844
157.971976 88.857573 5.308986 2.214797 -106427.891332
153.289867 85.035077 3.593437 3.154010 -106561.751336
161.858501 81.320027 2.732366 4.341206 -106480.300050
151.133501 83.728901 1.018212 6.684140 -106557.069161
160.737263 92.585856 1.976334 3.090575 -106567.033290
153.406582 80.762060 2.021993 5.051336 -106559.800977
160.546263 77.557463 2.089715 6.582084 -106552.921252
158.347160 82.399704 5.149244 3.260770 -106406.261928
160.640949 82.005774 3.906171 1.597408 -106544.533966
157.074622 84.830270 2.488477 2.400902 -106483.940372
167.767525 89.977583 2.074733 4.942264 -106587.734435
157.790702 82.003070 5.080347 2.789120 -106476.673976
157.923919 90.992209 2.608429 2.797240 -106531.360722
159.547592 79.380436 4.814059 3.527081 -106593.021983
