175.506324 17.208916 4.725682 5.849389 -105829.958470
175.437447 20.290549 2.757956 7.894507 -105797.396487
177.611409 17.710808 2.617366 5.606417 -105834.328508
177.349452 17.997529 3.086615 9.153254 -105777.436316
176.863882 15.328092 1.880774 8.158300 -105818.986129
176.177732 13.042803 2.633629 9.835575 -105832.382595
183.754644 14.961473 2.592246 8.092292 -105833.892272
181.952913 18.613678 3.172379 6.397956 -105803.047162
180.695129 19.711077 2.891184 8.233584 -105779.667166
180.982793 16.704206 3.026056 7.291255 -105776.362130
180.005964 18.889846 3.489565 6.236242 -105785.287389
178.883459 18.282433 4.764962 4.938727 -105821.158545
177.868509 22.206284 3.800295 7.357358 -105833.082268
179.109366 16.183835 5.573559 5.778646 -105827.267746
177.805419 16.168852 2.993040 5.516726 -105824.554912
180.534182 15.431818 3.427639 6.773288 -105783.606768
180.610819 16.036250 2.761482 6.644558 -105795.081236
178.988611 20.492122 3.157851 8.353830 -105782.222544
183.810393 17.587532 2.929347 8.713898 -105822.729083
177.531335 17.987422 4.315599 7.370904 -105790.732048
177.987555 19.599684 3.723059 5.422261 -105818.520007
177.241824 18.927240 3.305672 7.363775 -105769.220315
179.268003 13.381356 3.813447 7.852484 -105832.809203
176.211237 21.203629 3.998477 6.702546 -105829.088177
180.248737 14.659311 3.075205 5.773743 -105821.154163
180.159199 17.057463 4.132561 6.061160 -105780.183910
