16.524736 50.175174 4.333442 7.845010 -110939.837123
17.382690 52.751802 5.498306 9.008346 -110767.318344
13.909475 54.096641 8.538984 8.602014 -110747.811232
16.039819 52.881230 8.147584 6.372620 -110898.124227
6.314150 51.593450 8.454769 6.861002 -110873.050981
15.319158 53.492865 8.025788 8.417674 -110699.381187
15.685996 54.433714 4.867466 9.249583 -110852.267582
15.027211 53.415630 6.467882 8.265581 -110664.727228
12.547095 45.061092 6.936991 7.784578 -110614.504966
12.856724 52.035035 7.464994 6.754835 -110523.356046
13.784776 54.037754 7.645838 8.440121 -110656.015859
11.376989 44.511066 9.656212 5.398091 -110906.036580
12.735492 45.755627 5.558690 5.625926 -111075.255842
12.741616 51.588027 7.215418 6.856839 -110487.637183
7.985160 54.021994 8.553934 7.207094 -110889.995377
7.852779 54.098502 6.034871 8.294694 -110839.376943
10.271821 44.515758 6.848973 7.905621 -110724.299661
8.947433 48.811440 6.221569 6.285213 -110761.887046
6.720573 52.277968 6.145862 7.289328 -110915.476066
14.671883 45.282692 7.407453 6.632785 -110782.995125
10.461626 43.969291 5.718769 9.777040 -110767.681634
8.547302 51.761532 9.033893 5.678008 -110792.369033
12.125193 52.948456 3.203855 9.260851 -111046.998387
17.481359 52.640413 5.373447 7.601445 -110987.943557
13.963333 50.907452 4.130585 6.827511 -111049.644524
13.131435 49.802937 7.829107 7.086812 -110319.283325
12.793416 52.283300 7.560546 7.520012 -110441.166774
10.624806 47.654800 7.548266 7.183001 -110383.126868
4.859572 47.313858 7.407696 7.808404 -110949.723044
18.299092 53.543661 6.021702 8.407326 -110962.928289
12.144735 42.309809 5.409396 9.301008 -111002.444043
8.123009 50.286910 4.227930 7.443186 -111010.498770
15.753449 47.064875 9.950232 6.392051 -110683.968434
7.851850 51.285369 6.863561 6.195242 -110867.570894
6.263342 48.184225 6.765639 7.025453 -110867.665101
16.806754 50.878889 9.267443 7.693656 -110694.401028
14.619932 52.805118 5.729929 7.512839 -110748.366284
14.790835 50.029855 7.265962 5.860654 -110728.109538
6.833850 52.909064 5.437873 7.377124 -111016.856489
13.931932 44.029040 7.624181 5.898912 -111040.696751
14.685632 53.994047 8.775883 8.512196 -110805.917374
13.832109 47.900615 5.340158 8.461060 -110533.921745
16.793873 50.213322 5.116658 7.765522 -110819.824631
13.522405 44.140662 5.808480 7.894489 -110838.281587
8.158855 47.026000 5.934119 5.867007 -111025.555757
10.278237 45.693755 6.168416 9.305509 -110562.981273
14.150072 52.849873 8.272189 8.044990 -110537.675944
12.264983 52.934739 6.793345 9.681113 -110478.770955
13.722722 45.905603 4.011161 7.497373 -111044.699187
13.408673 48.238306 7.084387 7.559902 -110360.711468
6.059669 54.173817 4.755663 8.893188 -111050.660006
8.278388 51.917523 8.669965 7.557565 -110573.357426
15.492010 52.941873 5.659776 6.540305 -111015.309577
9.253797 51.500978 4.865094 7.816949 -110780.084769
19.525538 48.925019 8.286310 8.960155 -110953.034224
6.698577 52.442567 7.310163 7.925204 -110764.053693
12.161155 54.825169 4.503442 9.957163 -110806.602905
10.669027 51.085719 8.713136 6.204291 -110454.792718
5.551940 50.816648 7.372727 6.781725 -110984.179439
17.405187 49.285214 5.301040 6.564513 -111071.151445
15.135851 52.001095 6.712060 7.291919 -110635.011554
10.987212 42.440073 6.828696 8.245295 -111032.986516
14.995630 50.263424 4.613761 7.354485 -110866.078680
14.432958 54.790629 8.811360 6.503386 -111008.782618
7.984296 48.850267 5.645488 7.000992 -110801.699296
11.932624 45.842448 6.363912 6.867985 -110675.666417
15.678784 44.251175 8.690026 8.076304 -110965.316781
9.223181 48.253752 6.983693 7.633904 -110448.367915
2.118654 48.789945 7.590615 9.259626 -111065.476912
10.339580 46.182299 9.454998 6.417918 -110525.732604
10.438315 42.907325 6.144710 8.011481 -110990.969877
10.939393 47.604240 10.301708 5.447521 -110477.696113
19.699591 50.400413 6.718720 7.411446 -111061.077768
14.079244 49.655208 6.040806 6.288947 -110734.767580
8.426397 52.320790 6.043148 8.183531 -110648.606115
12.301456 50.602307 6.703559 4.943478 -110981.205913
14.303706 53.134025 6.997624 7.140139 -110687.833681
9.292716 43.370157 8.994548 7.282393 -111057.028062
13.501352 44.762559 4.621550 6.982616 -111075.076627
11.938497 45.895507 5.460180 8.107091 -110648.400811
7.549203 50.843962 5.541308 6.058130 -111082.404787
9.588289 47.421915 7.054304 6.390356 -110621.170567
9.269338 49.834263 4.412021 7.577202 -110870.420643
16.379711 49.235340 7.270511 6.285202 -110782.043071
11.680765 49.084648 8.790701 7.712575 -110232.905906
14.921166 46.572081 5.821766 7.223106 -110737.836140
16.022925 47.546221 8.491681 6.301873 -110703.867380
18.317874 51.631166 4.196906 8.750655 -110991.180071
11.460199 44.928393 4.196447 8.216225 -110965.601523
19.130588 44.973109 6.273144 8.811965 -111026.259413
6.032373 50.677542 7.359159 8.820278 -110667.253186
19.512630 48.423665 6.121307 9.661111 -110743.237577
7.871539 50.510948 10.314844 4.618570 -111035.175627
13.287193 44.857476 9.555976 5.618400 -110847.857757
12.438861 50.515362 4.561746 7.347801 -110805.071366
9.775934 47.450063 5.171874 7.061118 -110789.674238
4.228369 47.235527 5.415077 8.725368 -111026.631338
17.545191 51.438404 7.198854 6.942945 -110882.024454
12.661364 51.407977 5.173815 6.353350 -110895.282986
18.015021 50.195188 6.705942 6.965292 -110911.389151
16.142542 47.712297 6.342763 6.885701 -110761.379074
7.978633 48.966522 6.161234 5.563633 -111031.094140
17.146914 49.201812 6.824435 6.828007 -110803.142588
6.386041 54.509874 7.111036 7.984669 -111009.199638
6.042876 53.154171 7.994830 9.188582 -110848.521471
15.302583 48.975103 6.391213 5.342578 -111021.262918
16.665501 51.333212 5.450652 6.858065 -110964.391103
13.535812 53.771431 7.651091 6.900062 -110727.434308
18.888155 49.395036 7.441035 6.888412 -111008.241014
9.234631 48.288826 6.351360 5.903767 -110813.935939
9.828230 45.204761 7.886033 8.641822 -110641.207334
10.552666 55.067688 5.154324 8.287045 -110907.515269
11.386909 45.737438 4.924065 6.105372 -111073.399015
11.852763 50.721040 9.238133 4.778052 -110764.203907
14.154954 45.619851 5.428266 7.489414 -110795.019370
9.669703 54.696452 9.729887 6.016947 -111049.325675
14.931630 51.649506 5.478945 6.958922 -110818.653176
14.932506 47.881451 5.996763 5.915312 -110909.643743
11.046078 54.406399 6.215538 9.959650 -110644.543109
12.187238 50.605194 10.327751 5.543321 -110454.645386
8.795947 50.384634 10.811813 6.310633 -110531.954029
15.691561 53.638085 7.752060 6.833040 -110884.036370
9.388762 49.873891 6.370854 7.755736 -110475.469227
12.353864 54.042023 7.261990 8.378346 -110609.079511
7.749473 48.588668 8.624314 7.801345 -110518.823658
14.819267 42.948916 5.144979 9.696761 -110942.338501
14.661816 48.234102 8.211012 5.924928 -110605.844319
7.031773 52.608362 8.607779 6.335547 -110952.583365
8.687195 51.958833 6.937453 7.107586 -110648.407466
12.836690 46.886164 8.476681 6.156552 -110495.159943
16.097126 47.811998 8.275825 6.764276 -110629.268708
12.702000 55.598661 7.294555 6.609154 -111056.397647
16.654827 53.561985 9.053890 7.407555 -110967.223572
7.253035 49.313631 7.121191 6.832981 -110723.386183
7.079269 47.673230 6.099380 6.834845 -110888.721444
19.140311 50.990657 6.566352 7.880161 -110930.658742
10.032625 44.084006 7.136424 8.086305 -110784.840593
10.147503 46.586725 5.934559 7.449070 -110633.835589
16.686501 54.792545 6.215619 8.234842 -110974.765344
8.272145 49.745918 8.317113 5.800586 -110711.153986
7.926287 52.610469 9.582564 6.391309 -110825.815463
13.792115 48.481616 7.139633 8.021573 -110332.573384
14.085399 50.845694 6.856803 7.243699 -110475.531473
18.151146 49.181358 5.054976 7.823673 -110932.612404
16.106010 45.892443 6.709309 7.659432 -110739.496343
11.934458 46.519059 5.463164 8.344382 -110576.109917
16.406224 47.432467 7.000463 9.560798 -110541.294943
13.694527 43.793052 6.610384 9.926990 -110799.664832
9.418832 47.586935 5.569761 8.487726 -110561.803621
12.308756 52.098808 9.649667 5.205056 -110732.835467
10.514936 43.945200 5.940921 8.937089 -110785.526247
12.014512 45.530434 4.440596 7.188709 -110993.248768
11.173853 48.816133 7.603149 6.278796 -110448.034179
14.646592 46.998459 7.586355 6.172575 -110672.504311
13.661149 53.106471 6.936595 5.618994 -110988.938526
15.946603 53.076967 6.263176 7.244506 -110853.623703
17.182749 48.780171 6.163148 8.752478 -110592.349365
14.767398 45.089360 10.570503 6.656173 -110861.745145
10.641002 44.876281 5.876766 9.154013 -110660.573524
11.558050 48.790462 7.693413 5.224999 -110705.028027
8.993325 50.165485 6.490272 8.105827 -110461.955309
5.680808 45.670706 8.426372 8.755003 -110974.137592
7.797832 44.438830 7.669685 7.858664 -110902.430674
19.064625 49.824656 6.862204 8.070302 -110852.404435
12.989930 44.254311 10.712533 5.161369 -111037.279905
15.291249 48.605246 6.848314 5.572985 -110894.956263
12.194531 43.184970 9.267909 6.897323 -111021.052532
7.053576 55.171105 7.496638 8.927258 -110981.527607
14.604668 48.255441 6.785239 7.433514 -110469.491896
14.280216 43.134597 5.702789 7.585035 -111052.913273
6.342537 45.993724 8.257970 6.512417 -111016.461048
10.471353 50.207562 5.188182 5.857006 -110976.968354
6.170593 52.396934 9.198493 7.200160 -110938.883822
15.062295 51.077227 6.362278 6.234589 -110816.759533
6.465025 49.757798 6.237904 8.693731 -110658.449801
14.813652 50.727503 7.126599 6.518994 -110618.962948
10.261554 44.231459 6.223300 6.197800 -111037.382771
18.662152 50.728436 7.258434 7.584908 -110889.634728
14.645223 53.147486 7.079104 6.772871 -110769.950995
17.827666 49.054494 4.818817 8.227520 -110874.759360
13.319565 51.355790 6.244390 6.518075 -110680.854763
14.772490 47.372870 6.857351 5.561632 -110892.900556
8.420208 46.037852 7.438824 6.532449 -110775.252798
16.604739 51.991616 4.971793 7.252503 -110992.383596
6.479872 48.654687 6.448866 6.308819 -110996.992888
16.905440 50.970318 7.216821 9.292360 -110562.777336
13.352619 48.588693 7.918901 5.996571 -110507.247979
14.268750 49.310599 7.715540 5.335634 -110770.761671
13.294107 46.169189 7.090460 9.728114 -110504.002056
13.173516 48.865026 4.733927 5.990069 -111024.511598
15.085368 52.545363 8.340218 5.424956 -110971.916660
12.980988 46.704603 6.887281 8.556540 -110409.674568
14.769722 46.346748 8.068693 6.216685 -110697.073270
8.336112 46.646551 3.886735 8.920182 -110964.495798
14.349022 53.782656 6.997956 6.246633 -110945.404747
13.103356 47.799140 7.575098 9.835361 -110415.665115
12.359026 55.753578 5.836968 7.217987 -111057.337296
18.962082 54.220763 4.493836 9.296017 -111066.182366
15.782321 46.939020 8.284336 6.060757 -110774.108181
15.146150 52.267927 7.132662 7.089717 -110656.567984
10.617958 47.941772 6.581538 5.507344 -110813.257908
6.377642 48.053557 8.274929 5.956630 -110967.893056
6.387655 54.647918 7.833829 7.642023 -111079.464705
6.966637 49.987667 6.281971 9.141945 -110578.454530
18.765331 52.234886 7.902579 7.489789 -111032.788327
8.768303 49.720756 6.157369 6.116322 -110827.752708
14.026466 51.958596 6.664350 7.553154 -110525.090747
14.661057 47.428085 6.341680 6.145664 -110799.623099
11.700764 49.436579 6.879705 4.974373 -110902.669604
7.749744 48.496704 7.577868 7.516251 -110551.225592
11.898899 45.503052 4.657337 8.201287 -110816.803700
9.800046 48.371558 10.007109 4.883460 -110684.942794
13.182472 50.655915 6.395800 5.684937 -110819.845155
20.311474 49.349130 6.581229 7.715772 -111074.881394
6.846169 44.531926 6.303828 9.014590 -110905.342702
14.365787 52.123732 6.988174 7.738948 -110510.108022
8.188075 51.025539 9.879631 6.387289 -110628.885379
14.297630 49.066574 6.368486 9.488629 -110355.845901
19.058024 48.568250 5.772837 7.308440 -111045.500906
17.215135 44.744581 8.479494 7.652576 -111042.531014
10.314453 52.795946 4.885204 7.814583 -110806.492462
7.431939 46.570227 6.233935 8.817198 -110671.419375
8.791072 53.766427 4.806843 7.331562 -111041.619812
15.235232 46.744799 7.156048 9.819066 -110536.191278
10.461280 50.230670 8.094719 5.956669 -110514.486282
14.946018 51.942071 7.014877 7.939749 -110513.478737
7.601942 53.830937 5.675828 7.834307 -110924.768828
10.100540 48.928729 6.955413 6.695889 -110495.267132
15.168008 44.608711 7.254090 8.687419 -110753.855195
19.207508 44.351880 4.808782 9.633781 -111038.158638
8.970908 45.956011 6.753832 6.216316 -110851.750586
6.417643 45.423819 5.556337 7.758326 -111029.526159
12.906979 50.198347 10.419733 8.781917 -110621.141411
11.587551 50.485339 6.071623 9.642437 -110350.877425
16.315984 51.259784 6.699100 9.226651 -110513.902820
9.368861 51.324857 4.832886 6.308527 -111037.170524
11.452911 55.180340 5.849509 6.934567 -111024.727353
14.168483 48.033388 6.577680 7.186328 -110506.827736
10.870084 48.489008 5.194778 9.680084 -110465.558250
11.678971 50.781108 7.909293 7.056921 -110333.668057
8.207287 49.393027 7.706441 8.359448 -110439.154328
17.774729 47.079500 5.582735 8.199132 -110827.918006
18.763164 49.804449 7.827609 9.716768 -110800.141710
17.364553 50.195518 4.476247 7.270063 -111074.652794
10.131768 47.401154 7.901131 5.082185 -110811.928416
15.941331 49.939666 7.954225 8.225808 -110463.402633
15.153730 50.952062 8.385333 5.823251 -110718.215501
14.163739 49.891531 8.149505 7.054441 -110363.278003
14.948677 54.852445 9.814037 7.231103 -111082.249677
7.696102 45.923318 6.397019 6.409328 -110977.443331
14.098264 45.135286 6.953838 8.834853 -110613.650017
9.112310 45.750925 6.875664 6.818528 -110746.058475
10.410299 48.783993 5.969606 5.598918 -110880.739010
15.903992 49.431088 4.602887 9.235554 -110656.443036
12.377107 44.886002 5.106651 7.089800 -110935.181770
15.835632 50.488667 10.226422 4.723832 -111019.931069
10.455095 52.715997 6.330500 7.172637 -110660.024035
11.064386 50.823709 5.312140 8.331350 -110533.749555
16.986806 51.015490 6.232416 8.042864 -110679.025157
11.638769 54.403106 6.802828 6.980914 -110818.851909
15.746818 51.666937 5.658579 9.893996 -110512.723788
9.475371 48.382926 7.649489 6.882895 -110446.862388
15.986789 45.028383 10.059472 6.869103 -110987.016273
11.191766 51.447631 5.930792 8.850851 -110425.646797
17.817766 46.084331 5.670897 9.057558 -110787.049043
8.596366 48.212771 6.400076 6.313778 -110770.897340
15.828121 45.201368 5.388845 6.793721 -111059.723049
17.158784 48.376953 11.237997 7.055310 -110940.742484
14.531567 49.552224 6.814616 7.336161 -110457.241666
14.067730 46.956346 8.066964 5.255124 -110821.098352
9.155165 44.786323 5.969909 7.322639 -110876.328779
12.693172 45.081327 4.875112 9.644103 -110697.971057
12.386233 44.499154 8.525325 5.272906 -110987.998630
11.277304 55.447695 8.143211 7.604801 -110899.055295
14.107269 43.692009 8.209548 8.330132 -110910.345658
14.997558 45.347278 6.655890 6.893121 -110815.392275
9.887671 44.959625 7.861898 8.763904 -110678.970343
9.207606 44.208222 8.400730 8.429507 -110869.991578
10.298959 45.805113 3.721981 9.158489 -110950.126072
12.483379 48.679422 4.097652 7.235718 -110932.069687
10.039015 45.358737 6.931290 6.396604 -110791.128054
3.298343 48.790427 8.388373 8.850217 -111012.324363
7.091560 53.814533 6.819653 8.038397 -110858.566608
14.714797 46.426689 6.757313 7.526637 -110584.422246
13.151837 55.624323 6.866756 7.263426 -110982.306136
19.170825 51.387051 8.547854 9.393790 -111032.876846
17.200349 44.672629 6.481850 7.985519 -110957.436042
9.524641 55.456445 4.751381 9.138124 -110945.217525
12.615766 54.985249 5.009217 8.752025 -110851.957880
14.165802 48.599418 7.625491 8.591542 -110324.773552
17.028587 49.473052 8.165658 7.321830 -110651.767294
12.290103 46.717189 5.025462 6.972310 -110817.863813
8.884610 51.456987 10.191209 5.414727 -110751.353904
10.862756 52.354776 7.511132 7.270454 -110483.213557
18.128542 47.739502 8.495092 8.978486 -110839.132411
11.113040 48.772600 5.923133 6.990780 -110566.507270
16.332318 51.215253 5.930101 8.798900 -110573.342187
14.445148 51.737746 6.768262 5.304633 -111017.420237
11.046889 48.927599 7.102421 7.352053 -110347.682446
6.108663 50.383412 9.480915 6.835063 -110857.068264
8.225354 51.279128 6.855072 9.596968 -110487.199567
17.580478 46.736983 7.346895 8.033790 -110767.358414
6.765715 44.247992 6.481832 7.705918 -111056.640456
6.426438 54.429734 5.303345 9.355466 -110930.862098
4.274661 47.703966 6.608075 8.701638 -110917.851927
11.734387 47.592792 6.893909 7.012719 -110445.781316
11.249638 50.318902 5.415547 7.948884 -110535.799627
9.551659 51.070640 4.227879 6.731373 -111068.950011
11.099845 53.729726 5.406015 8.088939 -110740.698856
8.682772 48.174416 10.167772 5.928613 -110563.917603
13.815523 52.858182 4.961809 7.516380 -110842.564450
5.721618 51.399760 7.820450 7.195251 -110900.017697
11.906799 54.210794 5.894307 6.514715 -110978.107930
9.747943 45.808928 3.514028 8.540770 -111082.551458
11.583106 49.659340 4.932791 6.040766 -110953.707885
5.880568 47.683187 7.806124 9.626716 -110733.198723
9.904720 46.787175 6.601426 7.837760 -110508.364526
14.764238 44.147773 8.501394 6.185423 -111003.701573
11.457763 56.869947 5.129564 8.664157 -111082.523990
13.223283 47.574278 9.044254 9.140264 -110517.068151
10.065917 52.246373 8.213832 4.807441 -111023.856402
6.692086 51.702038 6.427693 7.923520 -110760.026912
15.546561 49.532097 7.038332 6.977913 -110574.163959
14.074461 54.179703 6.832216 5.963267 -111063.191377
6.026701 52.076418 7.996999 9.008548 -110757.164926
15.936923 46.661590 6.082495 7.620929 -110714.853497
14.332588 47.812832 8.785229 9.054372 -110497.677348
9.216717 49.246341 7.084103 5.215757 -110892.060085
12.391131 45.674827 7.166713 6.561869 -110653.831072
10.644880 46.808103 5.827868 7.362633 -110625.139009
13.948228 43.366948 7.639263 8.647912 -110922.610629
10.433470 53.885039 5.296812 8.787238 -110715.112018
17.288660 50.508950 4.909888 8.597157 -110774.367747
9.212928 53.502380 6.728855 6.993581 -110796.320837
10.196031 56.216158 6.522441 9.539641 -110920.526807
10.927428 46.742254 6.559796 5.352210 -110911.750953
5.000928 53.661907 5.605244 9.497384 -110942.979770
18.067346 46.514196 5.040062 8.702158 -110878.762202
13.674191 55.400651 6.632516 8.421075 -110847.424781
13.024146 50.880508 4.989606 8.132385 -110615.626820
18.545070 47.650996 5.985017 6.918096 -111069.935596
5.228863 45.819145 7.446680 8.774708 -110937.872509
6.967985 51.096600 7.411881 6.407591 -110870.257502
17.781074 44.763611 8.007071 9.321639 -111060.481540
12.532593 46.129167 9.092367 5.830157 -110593.124966
10.465021 52.602976 5.683896 6.954148 -110780.462779
8.758366 46.915581 5.864530 8.016524 -110641.387451
17.912176 46.088348 5.921717 8.455603 -110846.921892
8.977571 45.869081 7.002332 8.350695 -110598.240012
17.538954 52.886448 4.144067 8.801738 -111006.052665
9.621475 46.607946 5.301450 8.587048 -110641.348966
12.691498 44.314050 4.289077 8.865676 -110928.733032
21.289443 49.613165 6.145490 8.503849 -111061.408186
11.677043 51.842418 6.560923 5.976987 -110768.528562
6.743081 51.564267 5.912673 8.679161 -110710.041866
10.543839 48.384136 5.616298 8.542908 -110469.547058
13.446382 47.839872 7.123198 4.921255 -110948.714768
10.604107 50.825431 6.910647 7.965959 -110362.915392
9.402728 46.925529 6.245396 9.276274 -110491.955641
9.416779 49.340909 8.539196 5.512533 -110633.300302
15.670410 50.178240 5.456124 5.816587 -111076.221748
17.143991 53.078155 8.953832 9.059034 -110999.280445
13.290388 44.769084 8.224396 5.834178 -110864.968914
19.007123 50.747767 8.706749 8.135803 -110972.721270
13.443501 50.213286 5.524104 5.310600 -111069.796927
14.773667 53.373187 7.753230 5.505618 -111057.969355
5.178939 50.276124 7.993072 8.226266 -110805.044308
16.998225 52.990670 6.529835 7.128534 -110949.124669
19.079273 51.990472 7.596447 7.611045 -111029.848587
10.263122 53.744563 6.697618 8.367063 -110612.943840
19.008358 54.002163 5.669184 9.395154 -110958.555869
9.253118 48.975070 8.327134 8.566638 -110373.104291
14.919786 47.786695 6.254940 9.956750 -110427.708901
17.255719 50.108986 6.238159 6.281401 -111006.469521
6.522012 50.980740 6.756949 7.537996 -110770.436389
10.085363 50.067000 7.686805 5.508595 -110689.139183
9.512154 51.072763 7.824069 6.702676 -110503.443985
7.295232 47.228637 6.725858 6.902947 -110804.847064
12.573479 51.968951 5.225682 8.235727 -110604.192373
16.891945 51.396134 6.711413 7.433698 -110741.360765
18.084664 44.609169 6.913793 7.948511 -111063.960994
20.538900 54.131781 5.398599 9.862752 -111041.599531
8.926523 53.410837 8.834373 6.008116 -110888.335262
11.220466 56.640137 6.586282 8.184112 -111038.235770
15.016890 47.017445 6.860114 7.772479 -110523.729306
6.859278 45.859077 4.014440 9.400547 -111020.090550
13.258430 48.020487 9.185003 6.511010 -110340.830522
14.282233 56.124198 7.302259 8.984276 -111007.390915
16.887387 48.591940 7.671006 9.266154 -110567.379178
10.577348 52.318725 7.199955 6.396310 -110658.795632
9.407883 49.642036 7.425813 7.852122 -110365.681076
10.127260 50.114595 6.959153 5.458224 -110795.765131
9.535073 42.934051 5.296311 8.158526 -111068.354338
13.631860 51.894844 9.898718 7.661898 -110484.558859
13.160836 55.065073 8.541536 6.992393 -110913.621966
5.303225 47.605718 6.016340 7.082271 -111072.901654
12.519600 44.563039 5.133801 7.903918 -110855.131308
10.527764 49.506208 8.105614 5.892134 -110502.982694
7.702257 51.499847 5.569745 6.413460 -111013.589997
14.581619 53.427911 8.224664 7.146891 -110699.744943
15.947420 49.280189 8.133661 5.399027 -110887.042851
20.147697 49.500418 6.408092 8.144814 -110982.756277
14.924454 46.342161 8.224948 7.301539 -110563.354748
7.565532 54.268471 6.639527 8.950365 -110797.334201
10.379655 54.759844 7.906047 7.418079 -110805.069122
7.918658 51.221157 7.320890 6.973650 -110662.373118
13.513410 46.068948 4.719048 9.496802 -110657.919735
11.581076 45.022938 7.575999 8.437447 -110592.283678
13.706596 53.934681 6.967293 6.306947 -110917.180788
15.806946 48.384565 6.210199 5.577429 -111031.257944
8.529819 52.830356 8.816935 9.549672 -110767.545272
8.525227 44.986653 8.778113 7.051879 -110812.754767
12.593789 42.883440 6.801877 8.111163 -110948.386166
17.578675 52.969870 6.296988 9.195618 -110749.123444
10.366836 53.123282 5.117111 7.868020 -110779.356408
11.425155 55.678910 8.939527 8.547741 -111041.813585
14.570270 50.284697 8.266356 5.982326 -110589.716149
11.464524 47.911301 8.541293 7.957720 -110283.321612
13.389974 49.500111 5.794441 7.557512 -110514.040616
8.510106 54.148603 6.727433 7.360163 -110867.018744
16.345864 52.266282 10.231918 5.486868 -111047.534342
8.957791 50.361550 6.772813 7.402094 -110511.947068
16.907487 51.108549 5.785692 6.837298 -110934.285884
13.567039 48.454553 9.116606 6.464163 -110349.540815
7.901666 52.268903 4.984944 7.837111 -110881.864710
18.160206 51.327282 6.735082 6.644734 -111043.744569
6.158543 49.112695 3.469334 9.906802 -111052.802394
10.658439 50.625775 5.707901 7.274526 -110595.580299
8.891687 52.105375 5.866139 7.814479 -110664.985996
16.305427 49.301643 7.189679 6.469760 -110739.678226
12.237655 44.073302 4.626170 7.310353 -111072.587209
4.281239 53.786537 5.426377 9.164429 -111064.590289
16.252174 52.485510 8.691709 5.939498 -110957.594511
14.511797 48.682055 4.591267 7.388776 -110834.910627
13.315754 52.314860 5.486143 6.096741 -110973.014502
11.907496 45.166068 5.086784 6.629812 -110986.829597
11.546124 51.674893 9.279457 9.368823 -110607.014270
14.114775 49.616232 8.402705 6.799729 -110370.538589
15.605898 53.600057 5.840350 7.825836 -110827.941032
12.840423 47.111707 6.679888 6.166520 -110667.517994
18.743496 47.322096 8.220925 8.309984 -110911.503987
13.657272 55.332214 7.667288 8.813648 -110867.388838
7.956306 43.544097 5.993812 8.622742 -110984.282342
11.392373 55.728305 7.159307 9.841005 -110884.878305
13.590101 49.678809 6.182909 9.969391 -110346.835432
10.093953 51.393514 8.258339 6.821485 -110440.235023
11.196844 50.325980 4.779181 8.568319 -110603.211868
11.742120 50.398374 9.332881 5.818923 -110420.056018
14.566804 51.118432 8.561542 6.098454 -110593.748933
8.633236 42.845051 6.838877 8.614884 -111045.148718
10.943230 49.707927 7.182672 9.518007 -110317.070613
14.810486 52.045071 9.000266 5.748512 -110767.193435
9.232383 48.457291 6.556467 5.378721 -110917.430467
5.773673 53.637417 6.587925 8.341853 -110942.307524
5.960685 50.034387 5.573409 7.075008 -111017.445273
17.621229 48.781192 7.591614 5.892903 -111026.213582
13.273542 47.828728 8.603444 7.670101 -110304.110846
14.170910 48.422716 8.348414 7.403665 -110335.493666
11.078597 51.396102 5.663345 5.620697 -110984.414063
11.141524 44.318644 5.279682 8.612133 -110802.363249
12.256649 52.277059 5.941267 7.172464 -110648.158859
9.001304 46.433773 5.033618 7.073750 -110915.153216
14.441948 49.679459 4.585072 8.011588 -110737.225335
14.538153 50.045890 5.828629 6.961063 -110665.618498
14.887487 51.398706 6.021183 6.371813 -110838.578276
7.364451 46.170458 6.884019 7.911512 -110740.225281
17.949467 47.254133 4.765737 7.442325 -111074.263066
9.561092 50.282527 5.037417 9.006802 -110568.209497
9.646196 51.724382 5.626076 5.870457 -110998.352063
