48.405295 3.805360 2.815421 2.324767 -104727.112685
41.694234 0.130546 5.813411 2.259684 -104726.381982
39.434268 0.461874 3.840050 5.517949 -104742.310054
49.223623 0.654387 1.913283 3.043465 -104724.706483
43.013321 0.137150 4.142726 8.818888 -104747.105977
46.273366 3.982126 3.583346 5.123702 -104645.361392
44.010316 0.177230 5.952861 6.235973 -104694.015770
51.907897 0.455630 1.312403 6.372808 -104726.942350
50.349869 4.391799 3.575350 4.160596 -104725.888671
44.906360 7.433846 2.075399 4.279308 -104733.381784
50.114079 2.471112 1.045414 6.517514 -104721.059471
43.561010 4.455323 6.158108 1.414634 -104731.918163
41.338580 1.199611 2.855613 7.778261 -104691.878915
39.841041 3.151016 1.830279 4.338027 -104748.245592
49.339704 1.661667 1.599291 3.776903 -104715.430705
47.965421 5.554478 1.350250 5.418180 -104712.483856
47.396636 4.866573 4.289564 2.328387 -104711.099709
43.359950 2.603086 4.522365 1.008389 -104739.180430
40.777355 5.595373 1.264098 8.173718 -104711.556269
43.817818 1.422523 5.087654 4.939595 -104621.192627
45.975529 0.311370 11.503934 3.045836 -104513.500549
46.874474 2.885114 1.434935 7.095722 -104688.930019
45.460839 6.173216 4.021651 2.512927 -104728.355032
44.523223 0.942254 3.932555 1.908816 -104646.508879
42.160906 0.539317 3.217330 7.568419 -104682.127730
54.163026 2.271358 1.229997 7.438606 -104745.150024
48.398841 3.700027 2.981379 6.077304 -104675.763896
50.270422 2.909466 3.326078 6.952189 -104724.892923
