151.181274 160.180388 6.401944 2.789332 -110699.523488
151.303989 158.539169 8.189402 5.370607 -110598.260547
154.563857 159.092560 4.187462 5.713976 -110694.753264
152.972246 158.876715 7.582529 2.808392 -110652.779790
147.902836 157.898750 4.837936 5.419516 -110670.770574
154.470604 158.714682 5.893974 4.530479 -110654.924788
149.230288 157.984242 2.987592 6.176036 -110701.574319
154.476690 157.636183 7.912411 3.136668 -110707.195534
147.989715 157.650131 4.948013 5.294503 -110663.435298
152.488712 158.679251 3.499363 5.653037 -110650.327272
152.211705 161.039268 5.285406 3.654766 -110707.364694
151.374929 159.074548 5.416359 3.330895 -110628.815500
148.710775 157.816898 5.642709 4.463926 -110605.754294
151.039793 157.585143 4.440701 4.913150 -110576.657274
149.486882 155.034825 6.718481 4.330878 -110656.857002
150.435439 158.853698 10.101608 2.282924 -110656.171617
148.412502 156.228014 5.139348 5.666010 -110674.041751
151.883093 160.554862 5.867060 5.048592 -110607.263668
150.487346 160.865991 5.045733 5.706942 -110652.022800
148.300363 158.352826 4.512189 5.785011 -110661.098144
153.238372 158.279879 3.656952 5.398197 -110655.536852
153.805793 158.146515 6.910689 4.760391 -110592.395026
148.682950 155.542016 4.039047 5.313694 -110702.442118
148.770189 155.380785 7.103544 4.806198 -110688.994571
151.381792 158.005666 5.637235 5.677894 -110553.026172
148.614467 157.240341 6.194381 5.489049 -110638.215772
154.285271 158.854493 5.857166 4.757380 -110641.731964
151.349004 155.305297 3.314268 5.465871 -110696.451773
151.686581 158.761551 4.950976 3.293714 -110656.243814
150.354251 159.251561 5.089268 5.713666 -110587.133819
154.887210 157.307925 4.222704 6.299154 -110709.960940
149.263051 157.574500 7.714535 5.533824 -110662.500509
151.668105 158.395477 3.852434 7.453613 -110691.395287
153.927470 158.466608 8.764671 4.273260 -110622.185645
153.400912 158.930354 10.068403 4.344925 -110644.845746
152.592432 161.002577 5.252280 5.531057 -110670.316779
149.090645 157.110433 5.286766 6.265327 -110657.298744
149.764459 158.922482 3.900023 4.396431 -110659.608482
148.991051 160.674059 6.266801 4.594229 -110655.932994
154.438641 156.296419 5.580780 4.154375 -110687.751816
149.032819 157.873063 7.128284 3.663664 -110585.173769
152.272682 155.490848 3.575772 5.962322 -110677.878794
148.365006 159.570711 5.040807 4.610229 -110663.563702
151.552087 154.567355 4.853302 5.174074 -110663.516659
150.144868 159.457622 3.347201 5.014990 -110680.353058
153.443631 157.491292 4.888900 5.785833 -110616.345395
152.566938 158.978072 4.265026 4.950370 -110613.606713
148.725167 159.331941 5.001952 4.687739 -110635.975218
150.023786 156.810557 4.576018 3.844565 -110648.886424
148.901790 157.028397 5.329009 3.439575 -110689.041735
150.901677 159.404730 7.219955 3.767588 -110523.922068
151.961633 159.091356 5.252049 3.698838 -110607.570836
151.619916 155.881128 8.414559 5.081499 -110629.041847
148.382313 156.097213 5.890051 4.224707 -110674.299962
151.341201 158.222444 3.504878 4.932563 -110644.622805
154.582860 158.341582 4.976065 5.253854 -110664.945989
152.909213 155.492831 8.603023 4.237141 -110625.808984
148.427279 159.339223 4.903595 5.879923 -110668.023316
150.845045 160.777647 4.602906 4.198360 -110670.382248
151.885217 157.541975 5.721272 6.586984 -110658.073461
149.623333 159.364310 3.162650 5.406396 -110694.688995
149.363530 155.389153 5.974295 4.715014 -110639.202392
151.943478 157.336592 4.328484 5.597967 -110589.923828
151.176354 159.140524 5.649863 4.616119 -110534.809970
150.135682 160.623967 6.746297 3.770500 -110622.943988
153.389760 160.605185 7.750577 3.888545 -110674.726208
150.512240 156.332947 8.001869 3.744362 -110530.497436
149.313273 156.865012 3.753463 5.000857 -110664.283572
152.839090 154.485358 6.716829 4.532198 -110682.420338
149.925456 160.059748 5.611227 5.617174 -110618.264874
150.146584 158.203509 3.308987 5.288111 -110662.561898
151.569691 161.104822 5.373747 5.054203 -110643.650429
152.571217 160.178946 4.465124 6.009816 -110651.843899
