6.024548 106.194223 6.991037 5.331096 -110301.097481
6.634452 105.387771 3.845136 8.185886 -110362.785375
7.893847 102.210974 4.887859 4.484494 -110814.468092
13.357278 104.484199 3.755594 7.260121 -110828.773947
10.186562 110.151461 8.773146 4.219234 -111276.250522
11.100327 109.074658 5.250581 5.610321 -111014.455926
5.473606 109.052150 6.711840 6.636142 -110394.426762
7.877873 107.359729 7.720596 5.367676 -110320.141517
10.259312 99.438112 4.659019 6.187310 -110595.169473
6.670577 109.117168 8.585023 6.617710 -110215.378357
6.449273 99.385179 2.915534 4.513339 -111367.571104
2.916334 110.491587 6.144047 8.462871 -110494.549502
3.213214 104.545883 7.010719 5.294590 -110436.605798
11.948919 95.592057 5.906678 7.240566 -110831.256367
5.236262 101.598195 5.251311 5.915196 -110358.395657
7.613712 95.349769 6.454981 5.431656 -110900.906826
3.407201 101.146057 3.814193 5.402782 -111030.195911
0.572968 114.595646 6.100468 9.003738 -111218.065306
3.562405 108.191485 7.107291 7.631609 -110110.508561
14.125827 110.960079 4.101879 7.964823 -111174.657231
2.638485 94.943395 2.513720 9.226603 -111224.351654
3.649990 102.605636 7.168168 7.324287 -109712.263382
14.418908 111.235484 7.013269 6.846661 -111345.304666
13.129604 100.205367 5.083139 6.174182 -110776.448872
10.270238 105.549277 6.054420 8.896668 -109862.643228
4.774615 103.900932 6.301994 7.921039 -109704.964179
0.288289 98.348283 3.856733 8.187779 -110899.106149
5.649986 106.128706 5.536137 4.412730 -110913.997927
1.993372 97.441335 5.215751 8.286829 -110481.598614
1.971903 96.938164 7.816826 8.279886 -110209.451964
12.833839 100.093218 5.124542 4.667731 -111147.474956
13.398295 98.733192 7.742693 8.987456 -110503.592272
0.003309 108.120718 4.025233 5.778593 -111401.800065
13.046651 100.399253 5.585911 7.370189 -110428.325975
3.648884 101.134824 8.244752 3.586531 -110912.823167
1.124018 97.890714 3.700501 7.451253 -111018.371964
14.947522 102.177877 7.266500 6.162495 -110808.852123
5.991632 101.945843 11.062115 6.944982 -109198.922749
16.995767 107.434648 6.852372 7.020822 -111318.170857
9.910448 103.502015 5.753469 3.892756 -111012.126886
4.993869 93.489136 8.020953 7.492581 -110932.528877
13.043891 97.776203 5.381749 4.972666 -111206.897246
3.627678 97.403773 2.421942 7.796335 -111203.850101
13.662173 104.596089 6.045674 8.396243 -110299.202351
4.417396 98.726063 5.575511 7.715163 -110159.517236
5.694393 103.387163 4.650836 6.164562 -110424.114003
6.502587 104.000650 3.826302 5.327057 -110864.088873
6.022195 98.228982 2.767449 4.928025 -111387.073399
8.798793 97.916880 2.485456 6.764281 -111181.420103
4.114978 97.462512 2.170254 8.458264 -111204.209524
13.733417 101.898624 4.302270 5.705060 -111065.125221
3.813438 105.326754 6.732888 7.632128 -109814.097187
10.483890 104.310398 7.835831 4.671006 -110455.707958
14.628120 98.621767 8.751224 5.280656 -111144.170815
1.916091 112.290822 7.924549 9.038655 -110745.911758
5.050593 100.894825 3.273596 5.294421 -111092.453812
0.508320 106.038501 5.812671 4.549310 -111324.646887
14.720238 100.183587 6.743334 9.445202 -110572.863669
8.128139 103.398054 8.001719 3.053037 -111032.834638
11.815213 108.025669 5.593986 4.761909 -111188.323615
9.136274 101.883886 7.577271 7.617427 -109513.850064
6.443248 99.343806 9.976936 6.048553 -109646.784928
7.242773 96.744161 6.886529 5.364528 -110613.120460
7.486669 107.602245 4.067771 5.741998 -110899.829037
5.549557 101.015105 11.394670 2.197261 -111309.066095
7.062474 98.940723 2.967114 5.563297 -111150.184195
1.859711 99.472850 4.164024 4.483094 -111409.933269
14.533259 111.028600 6.112733 7.705814 -111183.920935
8.936105 108.741654 4.241894 5.427516 -111075.157739
12.466620 100.334178 6.458219 6.610957 -110347.978585
15.505792 98.594306 3.618191 6.872294 -111284.915547
12.342840 99.975521 2.782768 5.413328 -111370.366494
7.716038 106.012117 4.864971 6.055215 -110480.164194
0.992492 105.800282 5.275546 6.227940 -110821.416585
3.967219 104.307433 4.731880 6.868901 -110383.985802
11.520684 95.911263 6.238721 4.948001 -111172.381241
18.530054 102.353762 3.428029 8.012240 -111391.302536
0.381041 101.088492 9.155342 5.254729 -110685.228910
1.622995 102.236081 8.165717 6.080687 -110195.808049
4.403584 97.359392 4.955710 5.713954 -110873.826350
10.410422 97.980364 7.437392 5.540420 -110444.164949
6.175203 101.191847 6.049712 5.459204 -110254.499397
11.169300 103.599896 5.389084 5.038638 -110751.532928
12.241452 102.692984 3.186692 9.388252 -110631.838264
1.058795 103.982026 2.882656 9.567011 -110826.911185
11.266168 97.922294 4.400671 6.993903 -110712.104931
7.643367 110.631243 7.689644 6.351923 -110657.117979
7.204993 105.303797 2.646178 5.251804 -111271.390681
1.212936 110.347026 4.784766 7.096242 -111057.418611
6.172788 98.093863 5.185843 4.266659 -111064.850511
7.920899 105.176296 6.908367 5.487371 -110131.732734
0.954626 101.579011 4.724787 6.419615 -110828.427729
10.939418 106.682490 5.997476 7.897316 -110111.061902
7.242112 110.733864 3.421145 5.691804 -111342.269943
0.933494 95.048560 5.599034 6.310680 -111239.388539
4.345776 101.550621 6.507343 4.273977 -110732.676001
15.302038 104.111517 4.740887 6.199935 -111105.831428
14.456418 99.875437 3.982156 6.090824 -111181.418263
15.487169 109.599547 7.213800 6.680789 -111322.939711
4.578429 113.366732 5.634717 7.419292 -111134.973991
3.099895 108.362687 6.646025 6.161215 -110601.712430
8.818918 98.401038 3.125692 6.709710 -110944.719379
4.103611 102.882083 5.687915 3.837617 -111057.109075
3.960524 100.452695 8.753840 5.658274 -109976.632477
4.751605 102.147182 4.750160 7.142843 -110241.965300
17.230038 104.824639 6.553337 7.307637 -111157.629604
7.032078 98.465228 4.738467 4.957684 -110875.986531
11.792480 108.146863 4.855564 6.804234 -110741.893307
2.730726 96.638328 4.322088 7.534936 -110828.242261
2.292469 104.188372 8.175571 4.828663 -110584.487615
14.611129 101.840446 5.080658 6.773134 -110813.487095
9.815791 96.590899 5.575143 5.293564 -110914.494465
7.734332 100.468757 8.607350 5.141290 -109900.431356
6.626984 97.891332 8.234215 6.041724 -110068.789411
0.625031 101.615734 4.311053 8.233196 -110582.788748
14.612771 105.126043 6.914467 6.195319 -110813.601182
13.219539 97.966192 7.587599 4.564651 -111151.728479
15.056424 101.536352 6.099506 8.152562 -110581.919073
7.706785 93.467320 4.063461 6.435837 -111276.396976
10.430516 107.458419 5.748845 4.256046 -111175.159424
8.392765 100.199505 4.576614 6.515597 -110402.627937
15.933122 109.215127 8.467412 8.259699 -111406.918355
4.685179 105.134498 4.468469 5.542576 -110761.056381
9.506517 107.403740 4.715127 5.708272 -110793.789830
9.066986 105.159461 4.280357 5.900506 -110656.675807
7.174454 105.529302 7.550616 6.018206 -109869.232907
9.123012 102.331013 4.753666 4.952616 -110728.723348
13.334946 112.251505 7.145016 9.159777 -111258.679239
7.356362 106.051422 5.945662 8.210395 -109811.195085
16.707815 102.900057 5.449926 7.019988 -111088.099655
3.935549 101.310674 4.849958 4.793371 -110904.233709
13.577005 98.328306 6.090457 9.763640 -110530.731775
10.573918 108.668233 5.293465 5.022886 -111097.202396
7.227749 110.295478 7.441240 4.014013 -111306.266791
13.978459 105.982082 1.803105 9.047781 -111325.992037
4.126407 93.360862 6.400882 5.445653 -111394.395609
9.948897 105.664715 6.724040 8.722814 -109761.138779
2.610637 105.930329 6.112934 7.859899 -110059.596877
9.299368 100.599328 7.958628 6.194202 -109762.231340
1.319159 103.761799 6.339144 4.813631 -110970.526884
4.409417 94.093035 8.946992 6.611419 -110956.299305
5.581268 111.280489 6.833198 7.750027 -110591.319367
8.929126 104.797863 4.153681 7.880042 -110288.495699
11.841206 108.667660 9.248804 8.041459 -110500.039453
14.050682 106.390092 5.883738 6.170354 -110885.256101
10.622368 100.373949 6.742417 7.386308 -109903.556378
5.784325 91.687542 5.569597 6.915697 -111375.850438
8.262679 108.137697 3.095454 5.219538 -111311.020565
9.217280 106.662572 4.178482 6.509138 -110645.754257
2.195702 109.385926 6.276488 6.693029 -110735.323294
11.775494 99.708912 5.788248 5.411074 -110699.902233
8.349290 102.842094 7.984758 5.960275 -109667.062304
5.884726 100.220231 7.091754 3.230653 -111055.343307
14.572204 101.594754 5.409010 6.407786 -110846.925311
3.027842 94.743681 4.623430 6.668262 -111141.120180
14.546608 107.624953 4.636664 7.551757 -110910.704795
0.842741 107.426353 5.878433 7.156594 -110601.082448
0.561759 96.877877 6.930170 6.693533 -110808.490191
16.646318 105.556224 4.222783 7.066021 -111227.065842
4.468358 98.974747 7.369493 7.680192 -109811.632935
12.308922 100.400114 5.951180 6.260628 -110473.917183
8.007800 99.168091 8.076768 4.069937 -110568.568245
8.776746 98.907463 2.927128 6.503667 -111010.194609
15.968747 107.450429 6.455816 7.155199 -111079.307223
9.893314 97.290145 4.693682 4.517429 -111188.981261
4.410609 100.039318 4.348027 5.140996 -110926.002966
17.413597 99.059751 5.513781 6.816249 -111386.319966
5.715202 110.285536 6.990247 6.873236 -110531.318325
14.830054 102.041554 5.405406 7.422826 -110680.990953
5.305164 95.514082 3.559438 6.879942 -111086.422332
2.509560 99.521597 5.854349 5.848756 -110651.033864
0.793895 97.489112 3.174623 9.053461 -110974.143090
15.762593 103.000765 5.250220 7.726187 -110808.927646
1.685234 109.501429 8.383882 7.228547 -110482.356460
12.790541 109.609599 6.130779 6.469434 -110950.902766
4.316465 97.001265 5.774087 6.070358 -110692.923426
6.629829 95.701085 5.478688 5.816470 -110875.647824
12.102760 109.216415 7.198134 7.542221 -110558.870399
6.615680 109.702051 6.836623 3.797294 -111350.005867
11.975133 94.414973 8.065859 5.145067 -111370.662212
6.634089 101.930432 8.604292 4.214066 -110247.257994
1.093334 93.542574 7.235731 6.140230 -111392.442609
7.720436 100.177005 7.369983 7.575964 -109590.609154
13.952572 100.637301 9.992268 4.674451 -110968.762111
4.925581 95.669688 5.231810 7.195111 -110698.135553
11.184225 95.436608 7.597610 5.840590 -110923.145368
14.521906 96.614752 3.734555 6.515076 -111353.795644
11.103831 109.209386 4.168165 5.173537 -111302.962870
6.288931 109.731749 11.389206 3.574715 -111287.122643
1.846107 97.338509 7.896584 5.730519 -110770.425295
2.430489 101.179756 6.884181 3.199928 -111368.716196
11.861082 95.076162 5.472852 9.328851 -110765.573938
3.716545 104.477857 3.853310 6.293157 -110792.158864
3.710727 102.395954 7.072863 3.219622 -111176.819318
9.718892 104.010121 4.813237 3.388304 -111367.217121
3.965397 108.282898 4.627259 5.339807 -111071.349320
6.903854 101.845063 4.956768 4.531089 -110781.944457
5.895238 102.394063 9.763736 5.398140 -109607.736053
15.450070 102.400446 6.761437 5.734727 -111052.093880
8.965742 108.343010 2.682827 7.948529 -110995.294823
4.649221 109.202570 6.517754 3.919858 -111331.264475
15.998522 99.234892 4.886105 8.459969 -110931.396419
5.567734 101.194816 8.245686 5.503855 -109854.544188
13.855713 103.654990 4.390167 7.953145 -110611.597623
14.119039 104.541300 4.728781 5.005294 -111269.916448
5.050616 107.628343 11.851234 3.221143 -111136.542440
14.265612 111.483149 6.184611 9.267685 -111115.342528
13.506755 102.121640 3.238181 6.435976 -111112.771677
14.823271 99.914011 6.579732 7.260864 -110709.811367
13.134812 109.193720 7.704848 7.610254 -110723.698346
6.635679 104.633337 7.519685 4.492080 -110384.333946
12.403429 101.166740 5.265052 8.420077 -110223.055518
11.793857 108.785068 7.684599 5.181625 -110959.589783
1.212339 102.040621 8.699636 4.805223 -110714.434329
19.043908 104.359803 4.387381 8.201697 -111367.337346
12.721999 98.953798 8.326122 6.206870 -110457.792565
5.504914 108.784452 6.360263 9.974045 -109990.000655
3.106925 100.906539 4.861148 4.587375 -111065.811643
11.321577 104.153756 7.603126 4.420822 -110710.973437
17.023276 98.775565 5.621258 6.815977 -111334.628610
11.464327 103.500996 3.990554 9.212408 -110328.823927
8.119079 100.173421 4.236030 4.492007 -111013.064214
8.641383 111.769758 3.876383 7.863191 -111000.502634
8.725104 100.396182 4.900723 6.804655 -110251.781562
10.359099 111.092911 3.610204 5.853568 -111368.054831
7.261279 104.482358 4.780879 6.074459 -110399.458971
16.822686 98.094098 3.521316 8.098370 -111303.246355
12.089211 109.509159 5.282626 8.265708 -110628.615745
12.425149 99.744141 8.976933 5.327703 -110483.142120
7.611077 95.610205 5.793589 6.352008 -110718.492183
11.808388 106.937943 3.367514 6.427206 -111056.708235
3.053527 112.809892 7.768143 6.113600 -111305.858662
7.031901 100.630293 8.176648 6.048821 -109672.067256
12.416709 104.422527 7.692515 5.505316 -110466.383191
10.678846 107.809616 5.833554 6.116478 -110598.267421
11.587163 104.705820 5.930954 6.894036 -110209.118263
8.466059 95.782780 4.150158 5.375872 -111180.678642
4.156383 109.870076 5.754673 7.061503 -110632.077402
3.361940 108.250934 4.428109 8.122769 -110546.138863
13.546196 106.293391 5.700886 8.877398 -110378.135113
4.271111 103.821218 7.399245 9.304425 -109436.216746
3.568000 111.402478 2.948526 7.680331 -111268.613624
3.289682 102.057360 4.571776 7.081012 -110431.569935
14.916612 99.296699 7.643905 7.991818 -110734.384924
5.013721 94.499398 7.678203 7.909236 -110619.431655
6.980105 93.642364 7.838752 7.013085 -110924.267613
12.995291 101.315753 7.618318 5.805316 -110459.789592
9.320253 97.896128 5.906113 4.443561 -110926.552170
7.225306 107.842338 4.713589 6.116746 -110674.007498
4.671795 110.336270 7.866651 8.144211 -110323.511715
7.882982 99.848987 5.938173 7.826409 -109857.005709
7.836330 103.590504 6.892884 5.574758 -109996.962792
13.444451 108.016029 3.497948 6.254587 -111259.410406
15.145990 106.186656 5.550705 7.290033 -110842.898560
4.167475 114.998459 6.628251 8.005992 -111367.410222
6.766709 98.309702 2.790061 6.417801 -111100.905721
14.787768 104.624664 7.287967 7.246014 -110594.400970
9.291569 106.052858 5.411759 6.780706 -110221.701727
10.611575 109.787683 3.595543 6.380263 -111156.802844
0.951466 107.327174 6.454338 6.481577 -110670.060515
2.669381 108.985600 4.320377 6.116819 -111096.565461
4.342421 96.948887 10.140428 8.933711 -110137.515000
7.070871 92.775640 4.675545 7.679046 -111115.758748
9.691354 106.558171 6.660196 7.676676 -109903.993479
5.585829 103.717151 2.066022 8.372374 -111065.275729
3.895314 98.195095 6.976722 3.670535 -111206.943060
6.223766 94.306790 6.243614 4.433276 -111394.509943
12.614890 105.710696 5.579693 6.818638 -110494.068284
9.439477 95.452199 3.953088 7.682504 -110879.950361
9.379822 97.453390 3.890617 6.771017 -110805.242993
14.456107 104.664957 7.618807 9.180415 -110473.290768
4.722932 101.069318 6.596429 5.458001 -110253.784162
5.588966 97.016546 2.615338 7.076544 -111177.036429
14.398287 99.085944 8.420102 9.231432 -110828.914690
6.889432 100.536203 9.548407 7.374212 -109342.361369
13.835323 107.316374 6.447673 9.838161 -110504.338182
8.185479 102.605181 10.237282 9.260872 -109605.815576
3.409402 98.623807 6.036520 7.084123 -110280.166058
12.525436 93.494100 3.832764 7.594596 -111322.713338
4.768457 102.723374 3.421125 6.517483 -110785.196186
7.238645 110.547981 5.814921 5.643699 -110968.431404
5.550539 98.998109 5.087244 6.439704 -110418.788583
17.016612 105.892157 6.609111 6.325731 -111332.256398
15.891005 111.536308 5.206139 9.628417 -111249.735421
12.602471 101.705245 4.272520 6.310847 -110789.931999
9.830439 109.057097 6.687705 7.834461 -110262.880755
7.077118 111.068775 5.361826 6.744730 -110847.324617
8.491023 110.075464 6.262589 7.818347 -110405.855822
13.379898 108.880039 6.599936 5.259621 -111219.096872
1.694377 99.284998 5.818650 5.461000 -110904.808015
4.037053 102.208343 6.897262 5.693204 -110156.573301
8.715326 100.434984 5.959889 5.154443 -110412.095178
9.213568 94.458638 6.921609 5.133642 -111151.062020
7.519442 98.367483 4.997165 3.941860 -111154.985883
17.700680 100.773501 5.146695 7.678978 -111225.922976
14.001454 97.783803 7.221636 7.658307 -110724.286625
9.080536 99.444556 2.327468 6.221304 -111242.169103
15.591876 108.144833 9.210620 7.569456 -111274.078577
4.563901 104.331169 5.421649 4.017922 -111032.900699
1.838952 108.629363 6.161349 5.425365 -111051.352465
7.049591 101.256492 7.932627 4.901067 -110048.706568
7.569376 112.494112 9.057189 7.004043 -111059.120828
0.366224 104.576568 5.677267 5.958383 -110862.403192
7.279584 110.684445 6.557854 4.243581 -111334.425417
13.628949 107.835065 3.853546 5.540397 -111358.827955
9.168981 110.679010 2.384838 8.005153 -111254.992080
7.022340 100.750878 4.287072 4.952547 -110836.461556
6.011517 104.450878 1.733525 6.450573 -111406.277255
6.042883 110.462020 4.320242 5.398489 -111239.020071
13.528341 110.926392 5.515213 9.301991 -110893.625097
5.012075 105.694612 6.039699 7.585683 -109903.539997
8.793904 110.395717 7.890207 5.344177 -110894.031214
11.532954 95.032329 3.471763 7.004186 -111222.199698
5.030198 101.896068 6.004658 3.818000 -110936.643787
11.164747 100.059291 7.479027 5.927479 -110179.128028
11.217483 95.863668 3.999532 6.648660 -111069.960922
9.416201 94.798303 3.444633 6.136030 -111295.621800
6.420158 96.335867 7.086678 3.555451 -111305.022018
0.285662 111.549123 7.879717 6.371575 -111202.504025
2.928051 98.472611 5.437424 6.521830 -110595.184324
13.597988 105.845936 5.705904 7.322303 -110534.645305
13.536169 100.806596 4.554903 5.124115 -111168.351116
16.416844 109.842141 4.556329 8.184290 -111257.209555
8.623167 112.074531 6.235367 6.418302 -111029.287717
10.868485 108.326363 2.314675 6.863356 -111315.925823
11.116005 106.468514 7.144241 3.909624 -111147.097015
16.954289 107.556634 4.266658 6.774775 -111403.842567
12.093264 102.441349 6.723236 4.293067 -110926.578419
16.178415 107.824103 6.980817 8.461750 -111047.999337
10.683566 97.025255 3.753878 9.710491 -110623.577815
10.403173 96.757511 3.047826 7.451743 -111041.013147
15.379073 107.613157 4.802822 7.685197 -110983.984678
5.814769 112.035098 6.398605 5.103744 -111312.549439
15.092726 103.908651 9.504018 5.531421 -111012.678956
9.620583 97.687532 6.561624 4.456150 -110873.219203
16.181353 100.889691 2.622149 7.390050 -111386.232347
9.510033 98.354171 4.448684 6.214669 -110686.976883
4.462616 110.066087 4.895362 4.491971 -111407.269407
9.900291 106.496924 6.228869 3.584481 -111268.568688
4.323200 102.048264 8.045425 4.392738 -110438.691486
3.870781 99.605735 2.225752 8.160727 -111127.442169
5.807442 93.205931 4.906371 6.406624 -111243.638069
6.511648 105.251658 2.894223 6.357147 -110984.249020
3.649208 101.325206 7.907943 7.390889 -109619.997058
11.469427 103.547323 4.084211 7.620207 -110470.832110
6.865246 95.565467 10.172464 6.132913 -110553.870533
7.935295 101.728930 2.136477 6.174950 -111250.749313
10.449180 96.658675 3.049870 7.997276 -110984.732093
7.854648 99.561664 8.571514 3.166044 -110932.882951
1.247801 104.174728 4.457976 6.730460 -110775.896727
15.126066 101.493901 6.284914 6.784887 -110785.108964
4.262171 109.499609 5.300154 5.940600 -110911.976671
10.997213 102.568247 6.976110 7.314298 -109823.818858
8.579537 101.158362 5.455944 8.037937 -109875.839166
10.818933 110.812853 8.012186 6.542784 -110855.218607
10.642107 101.294705 6.032584 8.467224 -109868.323990
11.756852 108.792743 5.742699 7.929412 -110487.407604
8.682662 110.530088 7.544600 9.551356 -110430.771844
14.857770 109.617369 5.755504 6.333102 -111279.904389
3.796961 105.926115 8.746865 3.772537 -110912.467408
11.337520 95.740765 7.378001 4.802165 -111143.325648
12.804210 102.033262 6.670862 6.869012 -110247.513099
13.099223 101.208607 4.954657 6.549359 -110666.122767
13.173304 106.237197 5.293434 9.516352 -110333.644440
15.203327 99.315462 7.870563 7.803490 -110825.525230
12.626918 110.431826 6.672846 5.750416 -111185.414265
9.789986 101.831907 5.489919 3.689400 -111097.154886
6.784919 107.670127 4.764664 5.264753 -110884.299277
2.819233 109.934070 7.141930 4.966811 -111167.365884
0.222538 108.711184 5.655674 9.795103 -110329.850254
4.304782 100.285689 3.573528 4.461562 -111277.898627
8.490918 104.212839 3.563024 9.614378 -110310.201189
9.230334 102.435541 5.896619 3.801681 -110950.330008
18.125556 104.790757 6.844956 8.715465 -111272.030915
11.720285 99.313853 8.496709 6.686182 -110114.662010
8.939274 102.276828 4.652967 7.384780 -110163.584096
9.781546 104.614159 6.449717 9.319325 -109712.794000
8.450400 105.941140 5.165476 4.977654 -110751.432645
16.908249 104.612914 6.406149 8.068641 -110981.584677
12.751231 109.547038 4.038516 6.831260 -111106.286133
6.154378 104.450085 9.385325 3.283928 -110808.148572
11.567315 110.160213 4.465264 7.862983 -110829.624049
6.780815 110.153567 6.946950 3.933489 -111346.801983
8.269581 97.122427 8.786049 5.720040 -110262.152327
1.289833 95.669802 3.198930 7.898017 -111219.923344
0.649684 96.213975 7.209516 5.675335 -111158.694179
1.316437 104.186994 2.702416 9.954709 -110846.449322
12.076917 92.610338 6.150664 7.333796 -111377.392907
14.121888 102.102839 6.398430 5.875715 -110772.800525
5.972563 101.348938 6.512871 3.853246 -110789.826178
7.016689 110.923069 6.725354 7.824006 -110503.230256
2.079477 110.761602 6.928793 9.071376 -110436.528903
6.850419 110.417203 6.188144 5.816325 -110862.250859
13.834861 102.789759 3.487167 8.766491 -110729.793317
2.779186 100.996655 3.879424 9.072394 -110413.832561
8.456378 100.360059 9.896701 8.513765 -109561.063101
4.468670 98.522686 4.978592 6.220182 -110614.224927
5.856483 102.987835 3.909650 3.796571 -111289.129812
12.472554 104.253763 4.847625 6.615261 -110588.096541
6.741769 104.746536 9.229514 6.731209 -109393.387474
1.332065 98.799021 6.228004 6.114267 -110737.438232
8.079007 102.493778 6.642955 6.708467 -109733.843839
12.468276 102.838381 5.202422 4.849729 -110992.464053
8.481275 108.736450 7.518683 6.307956 -110314.554129
3.606114 97.299927 8.940480 8.185696 -109992.976200
11.724179 105.293641 8.189867 4.941724 -110574.058097
6.935395 104.096676 7.395072 9.061220 -109414.768622
2.790976 103.503139 2.327044 7.884135 -111113.833234
0.367287 105.775878 5.115771 5.772014 -111060.164984
6.608365 104.842738 5.685113 5.404816 -110393.513199
5.066929 102.357281 7.437542 7.806674 -109470.919414
1.226318 104.170220 6.381409 5.852709 -110630.468169
2.345616 102.447331 8.582591 3.066065 -111287.641537
11.542195 93.039162 5.085119 7.374204 -111249.492563
5.929022 100.990279 6.221070 3.931336 -110816.975091
0.514502 98.484313 5.277299 7.296660 -110725.612292
10.168155 112.869465 3.753187 8.265603 -111145.503336
4.009448 95.598147 6.990543 5.470910 -110965.626506
12.617309 108.641520 6.656747 6.290802 -110799.676620
0.889903 105.538732 6.460854 5.091522 -110990.238164
8.200759 97.842363 8.785722 7.121208 -109884.016727
8.459639 95.432163 6.378182 5.274300 -110946.062928
2.873480 107.222525 7.216189 8.266962 -109907.755039
3.505780 99.216087 6.651136 3.807306 -111132.236744
11.180091 107.087953 9.245987 5.605532 -110382.681055
12.218319 101.671068 6.658518 7.133489 -110108.240084
7.879202 95.926636 7.366659 5.045117 -110811.288819
1.794676 111.440929 3.221346 8.332918 -111203.348682
9.937680 100.650484 7.380281 3.302935 -111045.304515
9.854206 103.227390 2.751846 6.625323 -110980.973252
6.927330 103.773821 3.417569 6.937817 -110643.542172
2.004231 105.030350 6.379137 8.003802 -109984.933460
6.607902 110.586240 5.118671 6.707451 -110818.829436
9.068187 105.697734 8.105080 5.130949 -110192.694226
3.106273 99.790872 6.697545 6.647375 -110172.649097
4.041743 101.550578 6.043473 4.117265 -110903.769189
9.076377 106.938460 7.331823 6.011059 -110152.417316
14.469045 99.825321 4.027487 5.823979 -111234.157331
9.682380 105.929589 8.551232 6.124423 -109885.633417
2.729440 101.042626 3.493105 6.147151 -111014.748402
3.435580 104.817441 2.993803 4.975654 -111346.860140
6.875991 103.244954 10.412724 6.483060 -109235.771747
7.061749 102.756610 3.208157 6.129286 -110853.424492
5.290689 111.174492 6.759716 7.629641 -110598.707635
1.648909 106.608065 5.247562 4.368164 -111339.278187
13.534924 100.020924 6.887978 6.826997 -110483.395751
8.624867 111.355512 5.352937 4.731586 -111385.473476
13.586222 102.913677 5.450717 6.540159 -110627.894008
1.733157 102.318510 5.801456 5.656869 -110700.538074
1.774559 95.138920 4.140926 8.887395 -110882.492332
15.154680 98.303087 7.993847 6.329280 -111088.067530
6.905972 110.528709 3.218518 5.702141 -111363.449969
1.231528 97.166427 6.098733 4.749243 -111342.671955
11.136762 102.796278 8.021905 6.819053 -109787.257734
13.660727 109.337500 4.572014 6.452673 -111172.627818
1.667360 102.293057 5.791259 4.890973 -110963.777322
9.666680 109.323813 6.794061 8.358159 -110244.947304
4.497305 93.865243 4.122169 8.550090 -110954.678259
4.255380 99.672777 4.780490 5.581152 -110741.940126
1.874011 98.211539 5.941470 5.218455 -111032.275848
3.997700 106.959207 2.991992 6.034640 -111187.381614
0.318235 97.637821 3.592061 6.688684 -111277.449219
12.125451 97.428455 7.176858 8.457336 -110409.613030
6.895032 95.129903 6.636710 7.989972 -110475.159147
9.451770 96.748619 6.788124 4.724568 -110879.753525
5.085269 95.817052 7.914396 8.511643 -110257.971260
12.428059 101.949052 5.648190 4.721476 -110955.764232
2.277281 94.108137 6.115099 5.845603 -111323.318536
6.945440 102.167582 5.100847 5.112187 -110546.947450
10.777217 109.034000 3.838957 7.458841 -110842.747112
2.367950 104.758610 5.121357 4.609954 -111109.546080
17.278187 99.883721 7.041870 7.435020 -111260.418791
8.391675 106.523069 8.313544 5.311349 -110158.971209
12.333556 96.164783 6.443830 5.468626 -111082.567262
6.614318 99.112959 6.979594 7.252514 -109810.918380
6.172211 102.137158 6.628585 6.216737 -109873.152519
1.371726 101.952558 6.747125 9.238869 -109756.940492
15.294946 106.338613 9.987682 8.557404 -111217.941191
6.478774 96.523588 4.525861 5.080399 -111104.197786
12.852288 101.134772 5.320204 7.339873 -110410.158195
13.973980 101.726328 3.226677 8.818085 -110825.485455
1.905473 108.281984 8.461310 5.977079 -110600.791574
11.839196 97.201707 3.985539 5.863389 -111131.797362
0.067994 98.113081 4.496215 6.966297 -111034.100088
13.669004 112.266219 5.381318 6.944375 -111358.986526
13.107181 98.368701 5.317733 9.077617 -110483.947563
8.522677 109.464084 3.768066 7.195328 -110861.679850
8.525243 101.555238 8.111836 5.316643 -109877.615003
17.832312 100.005026 7.307322 8.745514 -111373.275257
5.905023 108.518645 5.032014 7.095142 -110484.392862
11.249733 109.804108 9.296465 5.937125 -110829.530489
8.516669 105.389674 4.164567 5.599812 -110762.396183
7.114814 99.526915 2.953469 9.165909 -110651.558353
3.729389 103.432280 8.873704 8.267946 -109348.357016
7.665348 99.178890 10.322221 5.673724 -109718.464790
14.522839 96.588907 9.451307 6.813792 -111279.760057
5.271591 96.814695 8.307266 8.595687 -110029.871535
10.415191 113.267203 7.164804 7.035790 -111259.043358
0.829966 107.884013 5.200678 6.904452 -110827.179685
14.596747 105.479952 4.860822 6.843788 -110884.286115
3.182734 110.525972 6.430894 6.381114 -110882.767003
6.747055 98.198722 8.033117 3.489644 -110976.129059
11.173150 99.108205 4.834295 6.243186 -110646.075220
10.819209 98.762430 4.484924 7.092683 -110560.562794
11.311338 110.864137 5.124695 8.096893 -110786.203018
11.729172 94.359138 6.060361 7.196029 -111024.289463
1.806465 107.568979 6.356035 6.764444 -110520.832624
9.074232 97.218406 5.068116 5.720752 -110768.466197
8.920154 99.838171 7.203556 3.920502 -110734.113977
7.051114 104.431558 4.982691 4.168203 -110966.353182
4.427376 103.189482 3.356427 6.272569 -110875.896705
6.033078 95.887105 4.450729 4.980910 -111230.376825
11.979659 101.308370 7.033489 7.170685 -110029.929608
2.719757 100.993736 8.842979 8.084206 -109531.604083
10.516277 110.862275 7.512257 6.632164 -110818.654317
6.210302 105.069494 6.835919 4.960480 -110349.127145
15.658014 102.990374 6.367639 7.762317 -110711.279722
3.839574 109.838935 6.766871 4.827326 -111141.607333
4.219973 112.994175 7.068451 8.077669 -110941.163464
7.133487 100.497506 5.479771 7.066011 -110017.814878
4.333098 101.840399 8.171298 6.936463 -109569.587005
4.378432 101.156202 3.643305 9.671023 -110344.332772
4.229179 104.325495 7.896923 7.319408 -109568.757503
15.226355 101.484596 6.968884 8.384084 -110596.109171
15.565444 106.369696 4.716382 9.398399 -110745.526633
12.845013 103.102622 4.426918 6.324824 -110772.951054
16.450217 104.253621 4.531585 7.703345 -111018.159441
9.554780 96.518690 5.569208 4.324677 -111190.828811
10.740978 98.587884 7.564694 5.362625 -110433.938536
2.007237 108.998063 3.658672 6.253129 -111248.536705
9.531293 105.534876 7.095963 3.822750 -110955.279389
10.904133 100.146948 9.150915 7.015305 -109796.074950
4.765103 111.333088 2.924958 7.354954 -111270.571112
0.324392 96.485241 8.101449 5.922980 -111030.124008
8.518654 99.281265 4.365774 5.107759 -110861.981536
11.114003 98.009480 4.504765 4.723991 -111179.833767
1.744983 99.437026 6.758716 4.578829 -111056.929098
0.916776 98.790635 4.636274 6.715375 -110915.941783
13.329908 98.874685 3.621087 6.333492 -111128.335113
0.135753 101.738890 2.551143 8.059314 -111203.211458
6.288098 106.811876 4.598950 4.436298 -111110.946772
9.913774 98.794193 5.870371 3.584719 -111197.818429
3.394840 101.800383 8.473276 3.809688 -110798.029898
7.254305 100.904640 8.931751 5.446079 -109708.736829
4.651449 103.733086 3.097956 4.634118 -111301.095148
9.498055 102.612809 6.705444 5.670407 -110073.692237
14.811902 103.625401 5.329304 6.780801 -110806.985651
17.708539 103.339164 7.394556 7.845396 -111243.654748
14.218617 102.879024 4.389537 6.764279 -110864.445448
11.760774 102.528308 3.965304 8.642106 -110406.916406
12.429754 111.080382 7.641732 8.644569 -110942.666499
2.580800 99.452620 5.319417 4.582669 -111126.915415
4.970420 95.156772 5.870770 8.826502 -110466.512615
8.442003 107.160780 2.788033 5.022813 -111373.968580
12.056316 98.593963 7.935820 7.474872 -110228.209926
9.231725 100.650037 7.614675 3.593783 -110813.412478
13.372359 97.153239 10.735316 7.178366 -111056.424444
4.518825 106.890337 1.657040 8.145362 -111367.983785
4.634849 111.942215 3.733573 9.573020 -110865.095554
3.915945 99.677799 6.416608 5.306025 -110527.641181
8.591002 91.937549 4.677331 9.588869 -111090.573147
14.624578 103.897013 4.581150 6.220535 -111020.040677
3.660189 110.220647 4.819030 9.410108 -110486.215379
8.368516 102.064538 6.465526 3.769570 -110822.606923
12.177876 111.585368 5.919461 8.799516 -110878.365219
11.805492 109.677497 5.101743 4.965266 -111332.059572
1.396675 110.325689 7.213310 7.877397 -110583.155411
14.842799 104.177768 6.054913 7.521713 -110607.669956
13.315953 101.736812 3.692563 8.216127 -110693.493572
6.924127 105.556242 7.432928 6.397224 -109789.626671
14.098327 111.466124 7.616063 8.687807 -111287.849445
7.090732 109.187662 3.992191 6.011232 -111006.092877
16.773134 105.190483 6.765901 7.393117 -111062.693140
17.296149 106.073791 5.345431 9.973282 -110980.844084
6.183907 105.741832 5.272287 8.068105 -109970.516589
7.897526 99.241340 5.066247 5.538110 -110565.756582
3.401215 104.979854 6.538804 8.119743 -109783.723394
7.213446 102.617809 2.640798 4.347638 -111410.131223
1.127063 103.626501 7.149183 6.398997 -110327.579504
5.591632 113.305596 4.919648 6.847015 -111246.053308
12.264647 101.840170 6.190540 8.190647 -110051.298907
0.161813 98.212753 4.713243 5.615906 -111302.929672
10.600523 108.975106 10.328146 8.185739 -110536.787018
14.015191 98.251828 2.471434 9.773328 -111105.895147
6.052958 95.081560 7.127911 7.809137 -110482.781915
12.053564 105.613544 5.135078 6.100407 -110672.324645
8.637761 112.151624 9.979862 7.081137 -111115.553909
6.416853 103.358599 3.173260 6.544488 -110804.663073
5.360415 101.727225 5.248078 6.930331 -110109.111786
17.661151 98.807902 5.422557 8.511701 -111238.639855
12.776011 98.737253 5.160373 7.871896 -110519.875174
0.457851 107.410905 4.420419 7.238714 -110911.320200
7.267626 96.566565 8.642695 4.603712 -110719.627591
1.826047 102.403564 6.826459 6.632680 -110194.754154
7.545995 102.617691 6.805226 7.601330 -109546.575324
10.328133 106.073767 6.001644 4.540364 -110898.357414
13.392045 102.769980 6.338792 3.896382 -111320.179766
3.337789 111.127299 8.098388 7.032606 -110738.383122
6.178153 104.749996 7.099028 7.086431 -109645.401732
3.442764 109.696619 10.278969 9.516805 -110341.324432
3.809801 104.790462 2.992518 6.981624 -110942.608901
6.534962 106.151883 4.507746 6.990920 -110385.020883
5.149097 97.195540 10.357464 6.586124 -110091.504835
5.306453 108.776525 4.657644 8.522756 -110386.675869
2.841869 100.247783 6.072552 7.127500 -110172.780771
8.456433 100.536235 4.454519 5.487971 -110661.850920
3.938935 112.549111 5.711434 6.023266 -111292.030040
11.717349 103.939737 6.385342 9.344250 -109921.037125
10.901158 100.738906 3.795584 7.203263 -110616.800024
3.642691 96.535939 5.299114 4.962184 -111181.071262
4.771182 98.769304 7.730493 8.102648 -109732.195394
9.982305 103.151667 5.927679 8.228439 -109796.275815
11.683929 93.612578 7.691291 5.916964 -111359.494124
5.965053 98.766926 7.413102 6.956438 -109859.884748
3.677815 106.768704 3.376815 6.738358 -110952.108056
10.961581 94.594985 6.610344 7.124832 -110895.108778
12.927499 102.843240 6.842555 3.807068 -111246.846614
1.420180 106.849018 3.723643 7.301891 -110935.318394
1.740183 100.460632 2.193999 6.922009 -111375.783243
10.914067 99.274345 5.277508 6.044363 -110558.162319
9.150078 108.628422 5.654738 5.569596 -110780.386921
11.649972 104.913977 5.950688 8.339173 -110020.251959
10.713499 103.167383 3.138389 5.463185 -111119.786351
11.853952 99.650407 6.899126 3.663804 -111180.618341
10.238237 102.486371 5.658577 9.825463 -109843.228908
15.014736 104.889462 5.378918 7.677225 -110704.051727
8.653567 98.173828 6.011493 6.998826 -110173.506645
1.832734 104.418742 5.070970 7.936082 -110294.872341
7.330259 100.521803 4.918340 6.127710 -110361.203304
12.670890 98.779316 4.487314 7.911849 -110618.980493
7.605260 95.809306 6.515391 5.866271 -110699.537764
8.935973 111.249858 4.047847 6.333700 -111172.077985
12.090562 111.022172 7.557371 6.929720 -110982.863508
12.437176 109.116013 5.564722 8.726383 -110544.121189
14.904339 105.136038 5.125441 5.974801 -111084.821696
12.274020 106.762702 10.168458 7.762980 -110320.536336
0.688178 110.663974 6.273426 5.319587 -111403.927406
5.540906 107.845020 6.081981 7.904631 -110052.986240
12.608976 100.327566 7.075826 4.359973 -110972.666719
10.314350 108.193218 4.925981 8.622106 -110328.422564
2.658075 103.554116 7.623651 6.813404 -109884.379047
7.461560 106.250619 4.917328 7.357283 -110199.189585
1.486152 95.336201 5.725060 8.484320 -110680.288158
8.470646 108.984403 5.963313 6.951487 -110402.052422
9.733482 106.942615 8.192214 5.226408 -110375.164779
1.925675 103.508027 7.327267 5.876746 -110337.017051
14.289304 105.625401 5.769265 4.561755 -111363.969149
14.075535 112.104893 4.999111 8.170951 -111219.595018
8.044119 108.428259 4.374270 8.572648 -110388.614194
6.074456 97.723466 8.314269 3.147986 -111204.724823
8.122232 104.980405 4.610715 6.670988 -110339.734473
11.657193 102.838908 6.723469 7.963868 -109887.625768
10.654894 106.486443 3.032264 7.179915 -110925.333349
7.590242 96.664826 5.068973 4.872797 -111033.377737
12.204617 112.159233 7.598599 8.289650 -111142.998554
2.276954 112.078924 6.593995 5.727171 -111338.610749
12.251871 101.194534 3.657486 5.842107 -111020.544548
3.219651 109.131764 7.222368 6.717458 -110485.994609
18.240543 102.784685 2.976799 8.243580 -111387.908813
12.417014 94.638203 4.922847 7.588441 -111058.468350
8.136602 103.297469 4.418451 6.887985 -110299.495561
11.970878 102.433174 5.612401 4.175845 -111102.665308
9.434866 104.495480 5.057724 5.955894 -110417.684951
3.027612 96.944675 4.737051 4.951786 -111270.378662
9.684616 102.548219 7.082765 7.746617 -109606.521298
10.263290 98.508316 5.660538 7.420277 -110236.425936
6.450408 104.730610 4.041553 8.133666 -110276.191725
13.246899 100.809889 8.065042 5.601589 -110562.688582
16.364564 107.393447 5.129518 6.160013 -111376.914709
15.542587 102.584398 6.489547 5.032570 -111280.325572
9.874007 105.985708 5.596201 9.957020 -109925.610577
6.539855 105.375921 4.854934 6.930798 -110242.340567
0.175023 107.038195 6.924133 5.421003 -111029.916994
2.959939 105.368665 6.965273 6.278273 -110202.322371
17.027512 103.146721 6.093256 7.345083 -111073.870287
12.835458 108.057279 4.310982 6.776744 -110943.147751
13.165148 102.836626 6.021583 6.448985 -110488.288267
10.569638 97.366386 8.133387 6.989907 -110241.086328
14.994748 104.518634 4.235529 8.507716 -110740.505598
5.502595 108.899499 9.238077 7.865846 -110004.588909
1.817898 100.106745 6.666099 7.961554 -110016.731208
9.586836 95.699081 3.896104 5.795383 -111179.671078
8.251785 97.982532 8.885512 7.709572 -109837.505651
5.077866 102.713786 3.015497 5.902380 -111022.656842
17.083660 101.576250 5.834043 7.963317 -111029.148732
7.205962 101.523047 4.926544 7.476752 -110053.681212
14.472620 108.540778 7.527487 8.421439 -110827.922648
9.224079 97.935710 2.668597 5.017635 -111411.503593
7.291803 105.715398 4.597166 3.895120 -111216.006718
6.411120 107.516094 4.462261 7.115223 -110494.392462
11.583854 99.493699 3.794136 7.692244 -110661.059600
4.320973 103.798767 3.022287 7.318007 -110828.836352
6.591597 110.795420 6.750934 6.840801 -110640.380085
11.945185 104.611527 1.837568 6.901801 -111397.515795
8.900247 105.481314 7.846541 5.423494 -110075.456915
8.899560 110.778598 8.450610 4.501018 -111209.722537
9.944142 98.180209 4.662010 4.045793 -111258.728160
10.472474 102.777119 6.020955 7.626077 -109883.587975
10.278863 93.635920 4.379958 5.826464 -111383.399296
17.344653 103.909836 2.505984 9.107304 -111300.332490
6.668241 99.310333 9.063368 3.592514 -110683.741275
2.868801 100.747732 6.344456 3.620181 -111220.710751
9.055560 108.470567 4.796694 5.774402 -110848.752709
5.684181 105.510747 10.004826 5.911409 -109643.185568
9.391658 108.550527 3.780927 4.551494 -111394.981742
19.719713 103.171961 4.956503 9.583717 -111360.140649
7.795534 97.250981 5.096326 3.453845 -111410.311144
15.723954 98.286947 6.090637 8.108496 -110959.040123
6.053238 115.180158 3.754171 8.495505 -111362.941001
3.650241 102.489377 2.343921 5.752357 -111346.398334
7.065311 99.812518 10.835587 5.052316 -109754.609092
8.685119 100.150368 4.369931 7.156072 -110358.491032
1.997865 107.454487 3.477520 7.178304 -111009.127435
8.896198 101.211872 6.781114 8.038216 -109618.870948
14.491178 104.592677 10.239816 8.596533 -110876.351628
11.852661 104.800575 6.837301 4.427988 -110916.481333
15.484485 102.563764 6.150284 5.625142 -111124.755577
13.588460 107.619316 8.413219 7.136392 -110632.682820
6.106053 100.799501 8.095688 6.803996 -109537.194617
14.969887 97.071248 7.647854 8.353576 -111059.792023
6.874741 98.100884 3.720741 6.177192 -110872.086693
12.731573 108.220846 3.639308 6.099170 -111218.125248
14.074935 99.690257 4.135523 5.292911 -111295.611577
3.325316 101.300055 3.999140 4.509276 -111221.599802
8.128826 103.396965 6.977538 5.081536 -110161.370781
8.097809 106.542925 5.028353 6.035284 -110496.228314
6.579949 94.950089 8.766731 7.949147 -110535.851030
17.055576 104.973086 7.822231 9.694111 -111253.849464
13.470405 94.719494 6.737338 7.376932 -111163.949055
13.837081 98.618644 4.762119 6.060131 -111056.621479
15.866256 109.003006 5.392358 8.216992 -111070.453221
0.821196 111.532346 3.877457 7.809851 -111220.625717
2.343463 101.921591 4.978385 7.145416 -110410.264879
8.420175 107.129319 6.106289 5.081247 -110652.131872
2.926712 107.764214 8.119344 7.494100 -110018.461030
7.455705 100.792229 3.474495 8.042954 -110494.623729
7.877953 97.840798 6.754406 5.858648 -110311.005054
13.072927 111.675939 6.501854 6.601973 -111256.817208
4.876310 94.281442 6.442324 5.838267 -111091.799238
12.565854 109.836336 6.342178 7.483035 -110757.132791
12.034546 99.750242 3.602738 9.647345 -110554.440189
11.196928 105.804549 7.875601 6.157331 -110141.384135
16.976702 106.959581 5.599746 6.495728 -111358.231579
8.915015 96.069486 5.189280 5.815721 -110876.212504
9.379472 108.583208 7.721272 7.634147 -110097.087338
6.594632 110.657427 4.993650 7.921868 -110628.990759
11.062463 109.874484 5.257128 8.488843 -110562.244276
14.973073 108.036235 3.834741 7.538325 -111115.042878
0.698950 110.303750 8.021572 6.269250 -110992.519872
8.765817 107.444293 7.972967 6.165719 -110087.762855
10.826064 100.881854 10.647637 8.412007 -109948.586711
3.817598 104.054796 4.746390 7.215740 -110313.170579
14.052509 99.174671 7.274720 5.932389 -110829.529474
11.226144 103.068058 6.398926 5.161779 -110514.487536
9.835311 97.183182 2.836737 6.387418 -111198.375428
2.899997 113.983938 4.564370 8.900875 -111135.795778
10.196206 106.818539 6.169351 4.524249 -110937.658054
7.712034 100.395522 6.057886 5.322611 -110309.763733
4.037659 97.861783 6.960042 8.490632 -109957.509042
12.224322 107.890211 6.352035 6.537875 -110611.635359
5.358161 103.351966 5.561358 6.839798 -110030.935980
16.622088 97.969468 7.448159 6.708347 -111393.156783
8.309925 110.011211 4.289394 4.615894 -111390.540144
11.863721 104.124605 5.068360 4.151815 -111222.843510
3.837581 104.767228 6.747147 6.022343 -110168.060492
11.848792 104.608742 5.342186 4.604846 -111036.299824
11.341421 105.656044 6.651540 9.154930 -109933.331443
14.303715 103.535257 2.586003 7.085776 -111255.084276
5.700291 98.504049 4.146126 6.907983 -110613.652474
16.834687 103.930863 3.542311 7.263169 -111276.242696
1.771055 107.941451 6.307087 4.577156 -111241.137243
14.212497 105.488730 6.394712 8.447444 -110420.589209
16.492633 99.636387 7.474665 7.846667 -111089.107854
5.581292 100.361835 6.909306 7.228308 -109727.181622
12.777441 98.296556 4.884131 5.467599 -111067.179545
3.294576 111.858587 3.837283 7.739803 -111128.455178
10.571818 105.831910 3.367614 6.662841 -110868.951503
13.141214 105.577500 4.702870 6.672418 -110749.755094
1.697764 101.442180 5.432126 5.504501 -110840.476086
13.468599 102.279782 6.892798 3.634523 -111377.108462
6.823767 99.319828 5.181083 5.164200 -110645.004495
10.797048 112.030901 6.145106 5.547622 -111317.554931
2.290868 103.408485 8.212960 8.117992 -109568.947132
8.401750 97.657564 5.609875 7.301012 -110264.831229
9.787652 105.089353 5.507948 6.593802 -110200.356528
6.124597 103.900804 4.953962 4.400940 -110877.276649
16.667048 102.115105 6.842546 9.323675 -110913.746244
6.632539 110.072236 3.544604 5.301933 -111345.284267
1.675504 99.069072 6.166522 7.412765 -110333.084999
9.575305 100.625325 6.688397 7.523162 -109767.724341
6.585769 101.379744 4.567697 5.961276 -110476.497231
8.776898 103.986644 5.668412 7.387355 -109888.667415
0.904346 104.845125 5.848601 7.157520 -110421.359581
1.715963 100.413727 6.373132 7.875282 -110078.259939
10.241414 103.050253 8.480543 6.816074 -109600.666930
9.060756 104.511620 4.600535 6.853103 -110311.625645
13.303906 102.566568 6.998507 7.524443 -110200.783794
10.775906 109.159910 8.134594 6.731393 -110467.540055
7.401333 103.824713 7.873677 7.546775 -109389.798281
1.718486 99.415590 5.466319 9.727784 -110069.140161
7.728460 102.537114 5.290911 6.982379 -110009.982505
2.330209 98.701402 6.777326 7.256662 -110224.126936
1.135065 95.729875 5.553038 5.700139 -111294.217476
13.404501 97.581126 6.085468 6.650331 -110818.767201
8.418332 111.582009 7.911642 8.710502 -110667.294041
10.859040 103.378783 6.776169 7.391319 -109828.602165
7.372149 98.009391 6.066337 7.910180 -110033.716167
12.192949 104.510975 5.416562 7.596415 -110252.157024
4.218794 107.018898 6.213409 5.539942 -110582.887347
3.302249 114.774176 3.327619 8.862255 -111372.996252
9.579601 109.697347 6.313975 6.270905 -110678.942681
3.737626 98.714926 6.339465 4.847931 -110810.621806
7.111203 108.564341 3.655789 6.089208 -111008.581571
13.299397 99.703816 4.442895 5.256842 -111163.202562
16.420137 106.169641 4.199099 6.803881 -111270.644526
7.851453 104.823592 2.971620 4.531234 -111327.851755
13.535361 108.609469 7.859815 5.354061 -111142.817432
3.945982 96.237635 7.836076 4.687965 -111038.471559
8.192733 106.230208 5.208860 3.396595 -111363.885898
2.559550 113.737813 5.167191 7.377710 -111303.230606
14.528462 100.193751 7.744356 4.779942 -111148.028174
7.902434 101.082819 5.508734 6.566133 -110075.418756
0.145086 108.952556 3.630006 8.115372 -111061.154675
14.696811 108.352911 4.133497 6.052907 -111343.473995
10.594123 108.616581 4.757172 9.601674 -110356.169103
8.515733 106.802316 5.863840 4.828493 -110755.619350
5.926538 102.737335 4.608181 8.477116 -110026.671243
15.554492 105.532091 6.661780 5.689227 -111173.255021
6.042133 102.129089 6.605791 6.870059 -109733.801701
0.180221 105.019804 7.311691 6.357436 -110527.909886
9.405920 107.276809 7.021499 7.316059 -109976.230649
16.323055 101.122091 4.056108 6.017480 -111382.829654
8.662976 107.156362 4.965137 7.796613 -110222.222226
3.464716 104.408477 4.215032 5.160981 -110995.720609
7.321717 98.800092 5.014724 5.701921 -110574.319828
9.820638 111.654988 6.601558 9.407497 -110682.198931
9.321130 96.172140 6.642053 6.647176 -110511.235558
3.233576 105.663747 4.580785 4.499811 -111187.623527
3.023016 98.955519 8.183857 8.590728 -109736.666679
13.764934 101.761914 9.132857 5.187846 -110727.678217
4.517900 97.561312 4.211632 6.067064 -110916.278249
4.379090 109.645958 4.619404 9.107489 -110460.041997
2.684836 99.399682 8.318230 8.626383 -109689.949941
7.130844 113.016812 8.005907 5.974925 -111264.884046
8.031620 102.349406 6.156491 5.211213 -110264.265362
3.297756 112.108356 3.815548 6.483241 -111372.549326
12.463332 103.692017 4.931842 4.765999 -111082.835025
11.784308 94.994213 6.913200 5.166040 -111251.145333
4.436641 98.203073 10.421641 5.132797 -110280.540413
16.066836 109.633693 5.552620 7.308164 -111287.465586
10.722786 106.501841 6.461168 7.882142 -110003.709368
11.255026 96.243733 4.602776 6.809528 -110892.353818
0.969966 94.467497 4.487714 7.471605 -111188.374852
4.751618 95.245894 5.111663 7.371640 -110759.779385
13.777685 103.331544 4.212507 8.213969 -110602.967077
10.259112 103.413605 7.027675 5.085550 -110320.910099
14.485728 106.647347 7.907108 8.708270 -110631.268919
4.585651 100.096079 9.725868 5.439557 -109893.682594
9.101488 99.785098 6.128360 3.311139 -111170.934603
4.704189 99.385369 6.419097 3.682445 -111073.045518
1.886781 106.156358 4.213564 6.630210 -110864.077746
7.662012 102.632129 3.059214 5.176039 -111101.144436
15.728210 102.849208 7.731228 7.318718 -110786.451803
8.898512 101.742875 9.229837 9.953996 -109797.383301
8.057377 111.719796 8.478940 6.925597 -110830.515940
7.607387 107.511572 6.315217 8.657987 -109877.404112
8.031068 101.476871 6.317511 5.440985 -110164.874343
16.689507 105.099762 8.864134 7.031831 -111238.481862
11.243902 108.355763 6.180690 5.837861 -110755.297267
9.903322 97.563312 5.731207 8.313234 -110226.953582
10.441333 110.765103 5.345381 4.951556 -111332.253937
7.699575 105.255876 4.406496 5.012691 -110847.596532
7.095319 99.342394 2.246802 8.835178 -110987.356963
9.078985 107.745111 3.087056 5.448971 -111253.076118
9.168459 102.677919 3.850356 6.911263 -110509.371172
11.977754 92.514338 6.055939 7.266524 -111389.505849
4.513773 107.210290 6.860860 6.438769 -110201.435687
12.020505 98.723208 6.799862 5.148319 -110758.261267
6.109691 94.050477 8.222839 5.243981 -111157.437893
5.892850 96.265191 7.906396 6.796296 -110316.301476
11.465106 105.959328 6.259643 8.410501 -110022.147515
9.751591 101.924842 5.856403 4.776400 -110588.200390
7.633622 98.752983 6.280485 5.064693 -110499.047806
10.741808 111.271267 9.952323 4.978740 -111318.301410
7.411201 97.362358 3.287993 7.976587 -110787.068445
7.896778 108.030588 3.060215 4.761919 -111411.947328
15.406862 103.218591 5.141975 6.670794 -110952.309226
15.465996 102.161996 6.077712 7.285281 -110761.853594
10.888098 103.615749 7.980351 5.780582 -110019.982727
9.836973 96.832972 5.662376 7.060626 -110486.454494
10.533231 102.685109 1.811812 8.444189 -111195.337414
9.612890 108.550927 6.381380 4.118170 -111210.094542
7.627672 104.658658 4.559775 6.609453 -110346.409210
15.941286 100.370325 7.548087 6.724105 -111010.029046
1.780228 101.939774 6.917964 4.958604 -110760.298705
14.951421 101.393846 3.708416 5.474326 -111375.705849
15.970109 102.706169 5.692388 6.331920 -111074.331567
5.976298 97.091655 5.811947 4.256231 -111097.032390
10.831676 98.836740 3.764606 5.994869 -110947.634034
5.780944 107.188598 7.965497 5.162375 -110369.563890
4.083975 104.126783 5.681175 5.052036 -110640.935880
10.931891 100.744666 5.353976 8.885232 -110029.500647
8.357951 102.943415 3.013104 5.303448 -111096.953406
7.837193 109.802723 6.516566 6.052615 -110660.875187
9.244387 100.815956 7.214438 4.792688 -110315.042712
10.258533 93.542890 5.490780 8.911196 -110913.499027
5.951603 109.999765 4.659475 8.875288 -110478.957808
5.153721 103.978839 3.911914 8.024745 -110358.321179
14.113917 101.087759 7.531427 8.039094 -110377.757579
3.594855 104.786251 8.424180 6.561916 -109766.785568
9.990409 98.332566 5.087823 6.854955 -110441.678910
7.434394 103.049760 4.652036 4.372600 -110912.252859
3.561563 92.285232 6.450112 8.706473 -111051.240894
10.774990 104.748985 7.004565 5.625753 -110264.276378
7.158432 107.331699 4.699598 6.200048 -110603.876450
8.572516 102.799510 5.917129 7.226521 -109823.153582
12.941743 108.516297 3.448781 6.972539 -111124.884270
2.635543 105.247288 2.819733 6.572256 -111160.965530
1.368781 110.283301 6.284916 9.478496 -110398.737778
5.095078 110.072710 4.037170 8.823703 -110653.384623
14.208256 108.560559 5.078302 6.607939 -111074.645416
1.382764 101.561633 3.583237 8.142828 -110741.178927
11.536800 96.569260 5.287926 6.850215 -110761.955872
10.276550 95.901735 9.065700 5.934706 -110664.157599
15.082504 103.554880 6.917599 9.166157 -110527.084862
6.615491 94.705059 3.728893 8.215094 -110920.902468
2.941162 108.211806 4.731532 9.084846 -110355.179121
10.177399 99.423381 2.022006 7.520671 -111231.262897
5.613879 101.383022 8.098403 4.307692 -110349.401372
9.263028 101.837354 9.793686 4.058053 -110274.696269
14.804546 98.388630 7.174426 5.688676 -111125.914531
6.559547 97.136465 4.401057 5.924696 -110854.851835
3.112569 111.771446 5.340842 6.687778 -111111.434842
6.926611 106.581420 4.318229 6.031101 -110678.633372
5.983328 99.990457 6.912963 7.643766 -109684.308970
0.910429 103.397564 6.415645 5.109405 -110913.948502
5.597062 111.307200 6.694156 5.009648 -111214.815782
11.107126 102.821210 3.878108 5.553567 -110917.864396
13.353817 101.736599 7.170490 4.667581 -110943.520683
11.299635 105.476003 4.386537 8.413974 -110329.392105
11.488314 106.795647 4.158594 6.832382 -110737.450011
14.490738 110.554532 5.462739 6.597537 -111294.527782
0.246288 101.601901 10.873714 7.308049 -109833.094189
4.971667 105.631892 5.334593 6.726026 -110246.072163
2.640865 103.169384 7.052185 5.076729 -110548.936492
1.359505 105.513963 6.951756 5.428331 -110733.956240
13.514041 103.112289 5.568365 6.456680 -110618.097234
7.204442 107.631377 2.329058 6.401199 -111277.683880
11.924913 107.027549 2.510040 6.476394 -111299.114930
1.645395 98.533280 6.025560 5.864715 -110823.654540
1.822139 103.869052 4.160504 5.485655 -111078.485453
3.173246 107.050811 2.813307 5.592742 -111370.347753
4.790220 97.867909 6.452136 8.271578 -110007.278258
4.086973 106.279222 7.271936 7.616450 -109790.366806
11.002640 108.196884 6.982691 6.738278 -110386.542695
10.029436 106.744547 7.571461 7.223230 -109911.660520
2.451787 104.972516 7.826328 3.840097 -111061.110749
16.289727 105.339687 2.017140 9.976033 -111302.092899
5.105450 101.549451 8.170909 6.857058 -109527.558462
13.465103 95.181921 3.910872 6.239448 -111404.401334
8.401866 96.759907 9.398059 3.414943 -111124.612943
12.141172 97.020108 6.213942 6.063961 -110813.057731
4.581609 106.589226 5.310553 5.055502 -110831.389492
11.975958 94.773177 5.438400 8.288669 -110885.162773
4.035438 98.792354 4.692666 4.429941 -111171.286704
4.836704 105.233200 7.235233 4.682509 -110500.838867
7.478826 102.320353 3.182559 5.758365 -110934.346907
1.469247 95.777051 9.229643 5.803546 -111007.028936
5.679477 108.972779 6.053923 3.635139 -111407.980971
2.373411 101.136968 4.331713 6.721406 -110694.025216
6.373902 106.632104 3.469990 7.803139 -110619.301149
11.290270 112.086826 5.825090 5.418859 -111400.234576
5.495457 99.928545 8.375261 7.244879 -109555.477322
16.580599 108.928642 6.631413 9.703868 -111217.217874
3.854461 94.499472 7.944936 5.610280 -111110.203727
14.872148 96.973092 7.241599 7.304172 -111058.543964
8.228104 108.555177 4.758110 5.302617 -110973.665189
16.945552 97.696636 4.589389 9.824293 -111114.178579
4.744962 97.564775 6.805318 5.144223 -110687.061042
11.653895 100.398886 6.788422 7.904187 -109989.217774
14.140156 105.565555 7.881186 5.187440 -110995.514003
12.244144 98.002717 5.494721 8.108976 -110456.683927
13.471324 104.573687 7.655217 4.871151 -110920.690408
6.181275 102.652720 3.955126 6.966616 -110453.737829
15.481989 108.974319 3.991323 8.111670 -111130.148125
11.051387 99.394062 9.199036 4.493321 -110524.814197
2.842549 105.938798 2.623492 9.940983 -110831.020710
6.079425 98.411622 3.737180 8.060280 -110561.060393
9.888091 102.593931 8.212091 2.793611 -111240.392988
5.997206 97.553871 6.783816 6.504969 -110233.548318
1.547398 112.092906 7.977661 6.073257 -111271.604959
4.378733 100.645283 8.096768 6.824132 -109676.167972
6.757841 100.191942 8.010809 3.626475 -110705.758769
13.548657 110.126749 6.670345 5.534191 -111311.708261
13.209150 102.596316 9.379227 5.670721 -110417.437922
6.814049 102.902481 4.925608 6.311662 -110262.520727
8.259454 109.350340 4.806318 8.391098 -110424.670554
4.700787 107.273399 7.197395 5.595277 -110401.561966
0.974925 100.107205 4.638555 5.524821 -111130.063544
5.915316 102.553432 5.566178 6.269036 -110125.942370
16.887343 104.239272 5.390487 6.707636 -111197.509018
4.279548 110.640235 4.596063 6.252579 -111087.795585
6.274319 108.104166 4.109747 5.998675 -110886.579549
10.941563 108.418572 2.123491 7.665326 -111286.595308
3.120470 99.505180 3.629864 6.794256 -110878.611951
9.642246 105.533173 5.988260 5.230201 -110527.527675
3.753281 100.633381 5.011957 6.781889 -110378.126514
15.173868 97.981622 8.296686 7.701352 -111038.711898
7.984518 92.518420 4.624850 6.599816 -111325.337549
2.438758 100.250382 5.060628 5.843994 -110767.418958
1.317833 95.153583 6.097325 7.195023 -110933.127401
10.969769 107.879402 2.855480 6.777447 -111141.842302
9.242319 111.124049 6.930590 9.079443 -110545.318677
6.309388 102.744071 3.513816 6.994862 -110602.127533
17.528930 105.506090 7.035089 7.319517 -111276.323099
3.553660 102.738407 4.797258 5.850235 -110627.241644
6.381409 108.931230 5.643124 6.396558 -110563.660525
11.087241 100.384651 9.806596 3.485514 -110874.380328
9.826200 100.377168 6.074893 6.535042 -110085.934468
8.801296 106.851786 4.252863 8.180363 -110338.605795
5.805351 104.628212 3.364074 4.355813 -111284.853234
10.436674 108.019487 7.930903 5.585432 -110517.287355
14.114440 109.064381 9.314324 5.398557 -111327.183794
14.556078 108.605632 6.581881 8.413081 -110792.322991
5.233693 99.828591 3.994594 5.196740 -110953.443148
3.264557 93.724829 4.684051 6.936982 -111201.451166
7.102561 104.112662 7.450980 6.442539 -109654.853944
2.562917 109.752825 9.451407 4.787300 -111125.568728
9.795180 95.459263 3.041873 7.328894 -111151.391482
8.675635 93.533710 5.733222 6.515997 -111095.642850
10.455512 104.512312 6.690284 7.390342 -109834.649373
9.633978 111.303014 3.591980 6.463890 -111251.436583
12.624256 101.798112 5.159421 6.460437 -110561.800082
6.993462 103.931940 4.153785 8.578450 -110157.734260
13.577132 106.985584 2.354999 7.140268 -111342.460145
10.168262 98.945366 5.749483 7.603462 -110137.880327
7.003079 105.781879 4.788237 4.591100 -110933.487940
0.640808 108.007085 3.331114 7.138113 -111200.856226
2.648500 101.284227 3.443717 9.344333 -110539.504996
8.151597 104.700295 6.321493 6.604985 -109896.054405
9.940884 105.445679 3.492645 7.020306 -110711.654469
2.621578 102.181117 3.832387 5.642415 -111024.118257
11.562755 104.006849 7.311507 4.884875 -110572.786001
8.106577 96.302706 4.824343 4.916819 -111109.785929
0.950412 102.426668 6.082756 4.932673 -111014.615545
17.321847 98.316985 4.636352 8.092398 -111263.657029
5.556139 109.595441 6.521382 5.562027 -110797.317380
16.431183 105.943572 7.856005 7.782548 -111055.624729
10.192205 105.419195 7.110325 7.810933 -109762.549726
14.302318 94.491652 5.181434 8.493163 -111186.816040
10.467743 94.079652 7.620860 5.104884 -111290.559633
12.425575 106.690975 4.819004 6.069937 -110860.348020
16.458357 102.447607 6.895232 6.359825 -111121.169028
14.740886 106.239583 5.391213 7.488274 -110757.990359
0.891049 109.777279 5.552380 7.576831 -110801.086068
5.659693 104.456407 5.834632 7.533924 -109846.052523
7.620723 107.144761 4.624137 3.921094 -111304.668287
3.786301 109.139928 6.247869 4.513157 -111203.442020
8.656056 103.368552 3.994276 7.014629 -110429.065776
4.090308 108.125279 5.758635 7.335743 -110332.051035
7.223065 106.671710 7.442632 8.003511 -109660.755804
10.254798 101.688492 7.205821 6.229709 -109912.643094
11.603764 95.597995 4.256182 7.778830 -110914.453852
1.133017 97.181762 6.845535 5.704425 -110992.053334
3.173165 104.196402 6.354427 6.837841 -110068.344590
5.716771 100.129503 4.699784 6.936999 -110321.932425
8.114108 99.817628 4.390731 6.891176 -110405.461036
10.595449 108.509745 5.812076 6.373500 -110616.315550
13.583323 99.313730 4.270184 6.693649 -110928.240287
0.741431 100.843864 6.899367 6.820080 -110356.099450
10.242527 96.837769 7.931691 5.719986 -110535.366766
7.969299 103.625674 6.226398 4.205350 -110684.832007
6.884598 105.882366 8.769506 6.864046 -109547.925562
9.494378 98.041788 5.212405 4.850148 -110903.820017
11.040784 101.903169 6.895226 6.759430 -109945.607663
2.159948 110.613526 5.757040 5.710437 -111213.328016
9.204894 103.928231 8.835192 4.224894 -110368.790696
5.691505 105.690717 6.393842 3.571475 -111098.600555
4.331940 105.653025 6.900769 7.352328 -109817.817010
6.197191 99.209491 4.199192 9.011988 -110250.833065
8.496035 95.590858 6.681654 4.271352 -111186.913986
8.753692 100.826608 8.794716 9.702242 -109711.161920
12.778809 102.816144 4.639990 6.538180 -110666.028269
0.861778 110.470370 4.219778 6.348130 -111340.575635
12.882500 103.568186 3.009181 5.257987 -111361.566393
12.665568 108.714098 5.030497 5.164792 -111273.447773
10.026183 102.126402 5.694476 6.135383 -110208.957619
11.771450 97.029284 5.016076 8.398619 -110561.399285
1.005391 98.471463 4.964737 7.636759 -110657.173131
2.806406 95.717540 4.536994 7.371805 -110913.228293
8.308371 104.687534 6.599523 6.348796 -109902.898701
1.111985 106.688471 6.430718 9.931494 -109915.251694
7.356020 101.305098 5.679744 6.632987 -110002.882007
15.709188 101.140168 5.867564 8.543053 -110708.097165
10.262766 106.170312 4.200259 6.509180 -110659.133775
13.828171 104.702975 4.040508 6.142890 -111052.453657
11.699039 99.789397 7.994622 6.274034 -110157.829638
14.353934 106.120567 8.139069 6.222640 -110784.630160
8.804318 110.893321 7.021344 5.594821 -110963.426574
11.420206 110.643123 6.924396 7.262751 -110774.173395
10.514059 108.316551 8.011475 7.263094 -110192.988562
7.689924 103.738229 4.793845 7.164578 -110133.807569
4.234485 105.333578 5.866632 4.621017 -110811.877447
10.210844 113.746834 4.320970 6.866006 -111392.109848
16.902656 104.513163 5.397911 8.788450 -110906.798525
16.538545 102.270745 2.896776 8.295557 -111220.984546
13.459643 104.198951 2.124222 7.552740 -111288.466143
7.260624 104.850256 4.521511 4.802195 -110861.983369
8.150011 111.381330 4.582763 6.555523 -111045.782353
1.132090 107.511876 4.526787 7.335850 -110801.998800
9.664513 102.135507 5.199117 6.333836 -110253.799139
3.386409 110.692025 7.024785 7.625056 -110570.189144
4.477408 109.862887 8.817656 7.600748 -110283.162142
14.072395 101.492525 6.997868 3.833947 -111383.365443
3.761581 98.036712 6.263935 8.301200 -110069.507011
14.028644 96.981138 4.197534 7.133228 -111100.585418
5.727365 106.623817 6.244220 8.348340 -109811.155682
4.985394 102.126655 4.269733 5.549891 -110726.899176
6.181623 107.437824 3.554332 6.174142 -110938.695904
7.496032 97.420234 4.155062 4.218580 -111294.927386
4.489723 107.462430 4.465475 5.052959 -111074.479138
3.897176 107.429750 5.691052 8.506829 -110074.501117
