62.451399 106.101052 6.883577 9.912085 -102568.234416
126.468087 34.231190 7.729481 9.470998 -102076.335681
33.056258 195.334610 1.518871 8.247019 -104821.604492
162.310557 93.699045 7.350395 7.163211 -103596.497673
9.474935 69.336451 4.408051 8.630529 -104448.389843
100.219423 170.072163 4.700143 3.874861 -104761.662752
100.848429 72.203615 4.754676 1.778760 -104864.334301
31.411201 20.919768 3.836497 5.637961 -104662.299609
148.187972 142.298598 9.498208 1.880341 -104805.412334
85.475623 67.146359 1.554409 3.014213 -104859.843831
94.072926 155.776670 2.642250 1.687816 -104861.112305
49.950094 150.700811 1.485480 4.174186 -104853.489174
87.030875 143.725818 2.489090 1.701269 -104857.752779
