35.246959 115.366681 5.085841 3.785769 -102269.959457
35.424872 113.167550 2.982745 1.961792 -102451.380911
34.559924 115.349996 2.483203 2.144495 -102416.857405
34.262957 119.638445 1.925194 3.733539 -102386.661794
39.664143 115.923970 6.159698 2.728068 -102478.096012
33.993735 117.109676 5.074278 4.511767 -102252.080514
32.475319 114.467246 1.946714 4.117838 -102376.324450
36.247880 112.481427 4.569519 6.725485 -102467.405835
34.116069 117.907335 8.234866 3.878666 -102299.527646
32.494073 116.356791 3.220932 5.266627 -102296.162127
33.572933 113.418128 3.561338 5.777652 -102327.296922
33.425880 114.522491 6.572861 3.317675 -102298.441003
34.999966 122.505196 4.010329 5.774005 -102452.130401
29.463488 114.661410 1.565090 3.051449 -102459.238336
30.882877 115.120969 3.170198 2.850141 -102399.424208
38.723273 120.112405 5.167817 4.349720 -102436.133802
34.561483 118.086583 1.181094 2.887586 -102435.796454
42.515673 117.604333 2.515887 7.047945 -102466.353152
34.935523 108.327084 2.676694 3.950601 -102475.057652
34.108321 113.224240 7.700145 2.248012 -102403.934092
36.639351 118.373435 4.913216 1.709535 -102426.489983
37.277104 111.635701 3.796626 2.583066 -102466.706893
36.097094 121.776049 5.414486 4.582739 -102450.475904
35.135799 117.245911 2.894191 3.790219 -102314.290869
36.743555 115.833944 3.440275 4.832228 -102306.848549
35.165251 120.658065 1.187513 3.056919 -102454.093365
32.519017 112.771197 3.527654 3.362797 -102391.352590
34.044775 118.470792 3.023350 4.779905 -102299.668994
32.814571 112.985283 8.092830 3.946568 -102472.452718
36.153923 116.440631 4.591063 3.464889 -102292.028620
37.920309 114.653088 2.492372 9.048409 -102410.418501
31.780378 112.700474 3.547695 2.237631 -102452.219513
37.457753 124.191470 2.354275 5.350322 -102458.506709
37.985299 113.407709 5.802669 3.061096 -102440.000943
37.241108 123.317975 3.755329 3.948719 -102474.699299
34.635581 114.982735 3.399607 1.656148 -102431.489564
39.482330 118.958009 4.391222 5.523113 -102439.890301
35.820548 111.826829 1.412542 3.637995 -102445.016882
37.939766 122.066397 2.830721 6.181049 -102418.964243
35.360953 114.662999 5.563858 3.582836 -102293.156885
33.689676 120.464486 8.176029 3.182125 -102405.745610
36.889477 118.104635 4.461774 3.150727 -102338.792203
37.093748 110.793867 1.586199 3.338353 -102466.134912
39.432459 120.183680 3.348836 5.668042 -102417.041716
35.630821 115.673631 1.755797 2.508837 -102427.936274
34.203783 112.405829 4.476917 3.215539 -102388.073739
38.436342 113.822125 3.537664 2.866451 -102438.032452
35.655810 114.243969 2.858330 3.421783 -102362.389034
35.320292 117.608720 3.650421 4.353860 -102278.516154
35.046573 119.647022 6.134112 3.268101 -102323.481201
37.540411 117.286767 8.014452 2.551906 -102391.555696
33.906109 117.216122 4.120200 2.291891 -102346.018294
