16.741692 82.843507 2.618613 5.155320 -106588.271205
15.043819 83.029046 3.970571 5.739060 -106611.223295
14.230876 84.158063 3.792905 3.977590 -106627.358333
17.999607 79.450098 2.026056 6.229160 -106581.888784
16.093464 81.700731 4.111287 6.575344 -106629.478759
15.127806 79.316422 2.514329 7.705317 -106591.984151
21.451389 79.325837 2.595303 5.312891 -106613.026953
22.002357 81.859929 2.689109 6.997159 -106636.633591
18.662234 77.946444 1.599855 6.983798 -106601.436609
16.939967 82.163860 1.501380 6.045423 -106607.851079
17.901958 80.406843 2.139854 4.360350 -106607.005452
12.687226 78.948953 4.753347 3.533083 -106639.446199
16.810127 80.139274 2.270385 6.363993 -106571.894979
20.474379 80.906846 4.564246 3.054362 -106637.240778
17.158943 83.859798 1.891710 5.932948 -106608.628961
13.685770 77.088197 2.376436 7.388489 -106608.663652
18.271037 74.981322 2.856951 4.967663 -106634.174386
