19.555226 190.675227 3.217720 4.705484 -100967.798534
14.332302 191.803968 4.302814 5.693413 -100936.915335
14.460099 195.017732 3.271581 4.954366 -100907.227466
7.938855 191.622899 2.211240 5.761272 -100990.283145
13.173152 194.868875 3.281752 7.333182 -100890.459685
9.568595 198.600279 2.566029 4.370837 -100993.670432
20.599536 194.613405 5.770825 2.247053 -100993.360227
15.768836 191.598100 4.480554 3.176134 -100983.311610
14.414030 193.826719 2.088845 3.528160 -100984.829881
18.394521 192.810666 3.104118 4.364401 -100939.015565
19.765888 191.244467 3.844878 4.873814 -100963.394636
17.589993 193.240067 3.660505 2.802303 -100985.813831
16.540952 188.795816 3.329421 6.612238 -100965.156305
17.946704 192.667658 1.591069 6.340730 -100935.517247
19.446357 189.643436 2.697312 6.441944 -100948.127342
17.039781 190.759260 4.671989 3.991058 -100980.965370
19.516558 194.706989 4.564441 5.445597 -100926.132717
17.416142 198.445469 5.641077 3.172070 -100975.400129
16.046474 196.271513 2.547627 4.424641 -100939.490730
8.792607 199.129453 4.131857 6.125518 -100963.378987
22.193817 195.552224 3.964149 6.710041 -100943.481023
16.046026 199.290152 2.768236 6.846946 -100892.714846
23.578330 191.759814 3.152026 6.049733 -100981.084118
23.024170 194.229629 2.571361 6.565086 -100937.549007
20.815061 192.291551 3.407279 6.596670 -100936.584404
17.957324 198.283917 4.781186 5.572333 -100902.954287
26.494427 197.181996 2.927757 6.401740 -100981.440394
17.971431 197.064372 4.971363 2.740124 -100972.816747
7.117986 199.232736 3.965849 6.121221 -100988.770523
20.288921 197.212726 4.551247 7.861712 -100935.706936
12.422190 199.345082 2.587809 4.751063 -100970.604944
16.495256 198.929288 6.690103 4.791089 -100947.137299
10.123578 196.795789 4.915358 4.054731 -100991.430826
16.175049 194.237400 3.827022 7.902413 -100908.373236
19.860232 194.666119 4.772523 4.540854 -100940.290621
13.879171 194.528419 2.512012 7.912256 -100882.324681
16.608239 192.222228 4.660753 5.203089 -100935.211441
18.677257 196.417774 2.935857 3.495895 -100962.301627
11.871080 191.326121 1.238360 7.417390 -100958.538844
12.560002 190.336096 3.902931 4.079860 -100980.920292
10.175295 193.415347 2.719950 9.680778 -100941.905737
11.378563 189.807507 3.177052 5.984148 -100971.298395
26.365578 195.065570 2.757024 7.659378 -100971.618522
11.527856 196.863038 4.162977 6.163324 -100922.208175
19.719141 195.567004 4.990292 5.463174 -100937.196652
11.682510 194.007845 3.553093 7.145429 -100924.614337
20.252222 198.890947 1.688800 8.148852 -100922.552645
26.940779 199.104597 3.355946 7.048652 -100979.928207
19.819189 196.243907 3.072658 5.026408 -100923.465424
13.251786 191.653814 2.462713 5.668863 -100927.772152
24.070274 198.642022 1.834367 7.233427 -100955.368749
14.963530 195.955283 4.284301 9.459811 -100977.610078
21.920829 196.541956 2.819224 4.501063 -100964.367659
17.789106 190.270674 4.615556 4.499270 -100988.664067
19.949371 193.890588 5.771058 3.567151 -100978.040323
12.816549 191.144626 3.599667 7.789169 -100969.559925
10.898078 195.824675 4.750138 4.469589 -100968.561500
24.336136 197.032442 2.192338 6.079394 -100965.267526
12.036290 192.542265 3.447826 5.907461 -100927.654288
7.615681 198.094866 2.576072 7.081254 -100957.424574
