152.634969 151.112641 5.653550 8.695209 -100088.293714
185.050705 39.851909 8.902837 8.624164 -99073.687730
189.262771 22.734265 8.902837 8.624164 -99073.687730
42.222016 189.460975 2.099635 6.888394 -101179.393653
55.356400 191.750684 2.099635 6.888394 -101179.393653
88.660629 136.727093 6.455830 4.759177 -100683.461687
85.583706 102.574777 5.210375 2.873060 -101058.295513
122.751500 36.951386 2.030281 3.206602 -101228.402950
60.312712 157.010580 5.819951 2.758173 -101147.352726
42.523755 162.721604 2.083259 3.226256 -101233.174557
112.667906 114.822433 2.753422 1.996774 -101236.863670
131.250449 81.920488 2.203049 1.939076 -101231.985623
124.177129 137.043727 1.805287 2.003234 -101236.973350
91.240442 176.758001 1.598771 1.807903 -101238.534214
