152.206619 162.221561 4.154542 6.029190 -114746.656417
151.201166 157.953517 4.180702 7.670992 -114826.839445
159.259683 167.916637 7.919701 5.263072 -114616.742852
156.189337 164.423405 5.770274 3.876387 -114837.592407
155.282466 161.467059 9.815499 7.177723 -114848.699347
153.813514 167.143616 3.928411 7.020606 -114616.737234
148.341289 161.995376 4.925124 8.053366 -114905.503709
158.807766 167.247392 7.250445 9.796882 -114883.698060
161.122156 165.135456 5.927389 5.935781 -114535.795091
162.947042 161.763254 5.149909 4.502851 -114902.297185
163.608167 162.973132 3.162564 5.871541 -114879.870690
159.861555 165.129607 2.680033 5.575606 -114854.490219
155.375428 165.263136 7.717648 4.909537 -114583.528311
153.906060 166.029623 5.593285 6.110197 -114554.638910
148.845822 160.682646 3.888883 6.744650 -114938.441243
159.440230 163.962102 3.768425 5.332168 -114730.880086
150.081725 165.770378 6.915337 8.057513 -114936.769339
159.608513 161.341331 4.892394 5.924501 -114595.211972
149.975518 165.294026 4.798040 5.026476 -114934.385171
161.255919 166.412843 3.661852 5.706721 -114755.164863
153.584873 164.101539 8.056770 5.524933 -114604.659730
158.469678 161.191054 3.933000 8.371620 -114456.027606
154.788077 166.106914 4.150299 4.064448 -114928.580657
160.483662 164.122654 7.633723 4.316374 -114697.596871
152.867999 167.693282 2.360008 6.179053 -114931.555451
155.825002 165.020386 10.796386 5.940056 -114675.714061
156.373288 163.931830 5.607311 4.353575 -114743.242567
158.605909 168.133713 4.615664 5.406934 -114698.214587
151.720492 160.687261 7.463687 5.518284 -114857.519034
159.251282 159.563776 5.389407 5.829305 -114658.080066
161.230928 162.721243 11.206504 4.884452 -114833.415995
153.355119 166.717704 1.666532 8.585181 -114880.771656
158.044274 162.436013 5.441549 6.373124 -114441.028422
159.508658 163.992321 5.729330 5.523506 -114529.592675
156.689961 160.236888 2.937757 7.240660 -114689.745362
157.413453 166.701744 5.999359 7.818401 -114383.988437
