157.065195 192.207659 2.193086 9.860868 -117613.537198
175.750437 191.754912 4.057176 6.841994 -117645.029274
173.007479 190.132511 3.297496 5.345491 -117566.681445
163.402014 197.283811 3.923725 7.475077 -117583.485945
160.665540 193.017503 2.127557 4.514901 -117655.788770
172.788598 194.917541 2.523623 4.388727 -117603.091801
176.082832 197.130964 4.186155 5.132423 -117645.892869
171.223223 192.308728 2.731442 2.808581 -117645.137559
165.484376 185.490602 2.897331 3.719720 -117656.107824
173.078903 188.629417 3.723633 4.454819 -117613.846082
163.972340 188.851271 1.984292 5.919148 -117589.361843
168.425598 195.641518 4.777514 4.750341 -117549.700531
164.044244 188.115653 4.876283 5.238973 -117640.202096
162.927619 192.814204 3.609516 5.823834 -117581.978176
168.996887 184.576915 3.525646 6.494905 -117644.910594
168.193519 192.664629 4.098892 2.695260 -117619.824767
169.244888 194.856568 5.455837 7.095662 -117601.246785
176.659402 199.762819 2.420952 6.573380 -117625.937094
167.279003 194.189831 4.619599 4.968505 -117529.361311
176.135445 197.962590 2.200735 8.808769 -117572.743545
169.516527 189.511245 3.839485 3.959382 -117576.701050
169.525814 193.074829 7.589613 3.817920 -117614.996478
172.988895 189.100850 1.701807 5.112890 -117616.914791
162.772584 195.809002 3.960830 5.495907 -117615.155427
173.333947 194.224746 4.424700 8.032095 -117614.940582
179.362660 193.849409 1.499792 8.396926 -117629.046799
159.062759 192.806081 1.698423 6.512253 -117642.814629
170.245035 183.776035 1.691743 9.017865 -117612.732924
173.226858 189.343779 1.875035 5.753584 -117594.599357
166.458685 189.031410 3.095929 4.943857 -117554.513675
168.833434 195.935651 2.985645 6.866961 -117508.815989
166.275910 198.681574 4.558168 6.486909 -117566.578443
163.606540 184.595199 2.784592 6.447001 -117655.905575
171.487234 183.361503 1.857298 6.133535 -117651.313652
167.167778 194.504115 3.323826 6.695904 -117503.677696
166.179436 184.280879 3.550221 4.757535 -117662.041396
169.492176 194.484845 3.425991 6.507273 -117498.864404
170.593922 198.521114 2.450174 8.156039 -117529.337591
164.793643 196.253102 1.918714 4.591691 -117627.624262
163.512084 186.279201 2.750378 3.767393 -117658.903863
169.100717 198.751091 2.804315 7.700495 -117527.252459
162.238696 188.034306 1.764746 5.437970 -117634.436532
172.699187 193.737943 5.235256 5.918254 -117594.773390
179.066200 195.986227 2.549908 5.919325 -117656.037126
172.755776 195.842561 4.807550 4.776668 -117593.457912
170.377455 187.796301 4.084634 4.209909 -117604.715495
172.568472 197.955960 4.676927 7.891821 -117577.670436
165.018090 197.004678 2.529771 5.914714 -117578.420811
169.262011 193.119216 2.993146 4.829791 -117534.801711
169.830819 192.044977 4.968612 5.612809 -117528.086566
163.180514 187.948934 2.373316 4.743279 -117623.959310
171.512092 195.024335 2.422746 5.955357 -117546.035763
161.749846 189.268349 3.824476 4.263437 -117647.617354
161.794752 194.563399 3.743040 7.001415 -117615.609615
166.309763 193.237757 1.979465 3.926052 -117612.536236
166.132147 192.213726 5.439740 7.096989 -117656.094719
165.148609 194.289548 3.514771 9.153031 -117556.035177
162.876390 192.398286 2.505685 9.477192 -117550.382649
169.027197 189.859857 7.117979 3.001149 -117646.375569
178.070361 194.092366 2.871009 8.140380 -117627.166671
172.986297 189.201942 4.031767 6.110086 -117591.536332
168.801771 187.890066 3.050797 4.544983 -117582.734904
173.237410 196.770165 1.771121 6.829474 -117582.700808
173.745228 190.527441 3.918633 3.104740 -117643.679893
164.904630 186.474341 4.290585 5.502502 -117642.077278
166.514602 189.980451 1.274225 4.361560 -117636.140992
164.605605 189.541449 2.921119 4.886812 -117573.450953
157.117513 193.480260 2.534186 9.061098 -117639.591763
166.625715 188.005756 4.054862 3.142134 -117631.459444
160.112111 192.626792 2.710787 5.676399 -117640.258933
167.365263 183.562338 1.722325 7.336209 -117624.583644
155.128636 194.397041 1.165130 8.201027 -117659.797918
168.665717 188.512880 1.434311 7.427093 -117571.186231
174.648311 192.095223 1.966315 9.651594 -117556.315305
165.009872 187.097307 2.863007 5.262378 -117595.946350
165.297393 192.292156 2.593418 3.573784 -117609.265831
170.877659 192.686695 2.339564 8.548846 -117508.614349
165.732018 194.370110 4.747476 7.824889 -117608.013912
169.988322 188.196817 3.816860 8.029549 -117609.833011
175.545285 187.545660 1.865660 5.038540 -117656.530908
165.567128 197.748685 2.092254 8.082885 -117548.169126
161.562364 189.978762 2.239733 7.031460 -117596.440509
173.301363 186.321188 2.366059 8.139355 -117605.477248
168.324739 187.023622 1.636389 5.473114 -117607.394647
168.798149 192.868817 2.453571 6.944720 -117504.303471
164.298062 194.004208 4.414861 4.128269 -117592.371852
168.140959 191.190914 2.243912 3.322274 -117625.813598
167.164567 196.438584 2.840267 4.770040 -117579.282348
175.904035 196.616636 4.141858 5.134755 -117639.457483
165.018708 189.652832 2.872134 8.211934 -117549.151665
162.498958 188.902289 3.502606 3.688086 -117641.015629
164.542965 190.047473 1.939383 7.669467 -117551.620540
172.858869 187.489579 3.440653 4.868010 -117620.401728
161.992137 195.265908 1.609296 4.576505 -117657.318878
157.989820 191.237411 2.166599 7.207646 -117648.250753
