124.461860 109.565272 2.956387 9.971201 -121012.964306
129.058804 116.245069 4.680159 7.589490 -121046.416145
128.071290 111.539208 4.838886 8.712401 -120996.255326
131.567637 113.393351 3.937524 8.072983 -121081.705012
125.781188 108.003136 3.840823 8.887807 -121059.532459
123.035475 112.932680 5.078375 8.986940 -121019.795761
122.755629 111.516498 5.057275 8.789204 -121044.615912
129.636822 117.469073 4.865051 8.253886 -121067.536765
128.499651 116.722510 4.883071 8.301064 -121021.792180
130.905346 117.695038 4.551886 9.091512 -121087.753685
126.475057 112.284349 4.886803 7.134767 -121038.170083
131.774841 112.820410 3.125350 8.946553 -121079.871738
125.429073 117.707291 3.522563 8.144196 -121050.928673
127.043955 112.376627 3.527778 8.830501 -120974.061856
