36.336452 45.024523 1.350481 3.336431 -109028.872590
26.143447 60.277414 2.722640 3.011026 -109034.207377
22.435229 52.598915 4.149708 3.410982 -109008.239626
30.703901 47.161099 4.859003 4.914577 -108552.927241
31.707582 42.564281 3.807139 4.668483 -108914.736533
29.181290 57.019986 1.125601 3.235473 -109000.537210
29.551149 45.093595 9.472736 3.751797 -108919.985592
27.075332 42.195677 3.273724 7.814519 -108865.300804
27.288270 53.455029 4.493921 6.114002 -108467.192204
26.254730 57.901152 7.664690 6.525838 -109022.250919
35.340603 60.485966 5.074537 2.709629 -109046.159149
42.450798 56.473609 2.020077 3.558616 -109041.092957
31.623046 60.952716 4.016249 4.670414 -108908.443820
27.915030 37.369322 2.403532 9.581352 -108957.571012
26.689231 43.830022 2.350849 7.676173 -108805.550051
30.940137 42.678990 4.907042 4.472740 -108931.861911
22.791226 48.352376 5.931968 3.985257 -109031.842546
34.571775 45.169393 4.269729 7.374056 -108623.674174
34.477238 51.093989 11.578754 3.558288 -108496.865958
31.210784 57.082599 7.298121 5.451833 -108512.176344
27.394704 51.149728 5.480440 6.165832 -108412.321673
32.263621 61.851691 1.377553 6.024890 -108959.695935
33.487474 45.231059 4.650070 2.291463 -108981.160682
39.484193 47.794997 3.491424 6.065328 -108794.568857
37.701883 48.131908 6.151544 4.514414 -108779.792048
27.584441 47.257597 6.163013 6.362963 -108601.491672
21.833564 53.156920 2.865498 4.791427 -108958.029130
43.055760 49.166829 3.746924 9.805777 -108970.488946
25.109967 51.893487 7.774091 3.925550 -108819.304798
26.673802 48.579965 5.058313 5.085672 -108628.087877
38.188755 52.471272 5.033124 6.673168 -108569.333026
24.889086 55.748559 2.376909 4.207235 -108916.951717
37.539515 54.843502 3.949328 3.083216 -108882.495642
27.382891 54.781582 5.251887 1.995607 -108942.990101
29.597827 58.287132 5.152661 1.656830 -109024.477591
39.939759 45.648034 1.957406 4.884291 -108981.024513
37.979596 55.933267 4.640541 4.919944 -108731.808638
32.050157 57.088288 6.881674 8.311293 -108801.704897
33.334415 60.443108 5.650005 3.216196 -108992.001804
40.590638 51.934888 3.343598 4.440629 -108899.087902
25.648997 46.188295 1.711619 2.150548 -109046.915084
40.103328 59.500350 2.876452 6.838999 -108934.378737
33.810152 50.033812 1.666011 3.516064 -108896.972142
36.206804 45.569318 8.098281 5.226322 -108931.980235
35.153992 48.020301 1.907248 2.914398 -108965.391181
27.986838 40.805007 3.675825 6.843959 -108976.367657
34.082974 51.528051 7.101695 4.925887 -108280.983237
30.581131 48.031781 3.337741 4.314648 -108681.525209
32.782808 58.359471 5.070568 5.508433 -108631.700504
33.426748 51.332489 9.032828 5.611203 -108264.750892
34.476463 57.548609 5.423415 5.353734 -108605.705752
38.812773 40.993921 3.679579 8.897924 -108995.552251
35.352275 47.300361 7.518824 7.966916 -108886.625241
26.448394 47.746155 3.941803 3.998083 -108815.200741
37.316559 58.473427 5.519432 4.568966 -108873.460526
38.318578 53.076696 3.593021 4.217442 -108790.507732
39.623214 50.521841 1.686569 5.931368 -108868.010449
31.441903 57.830304 7.460406 3.248293 -108768.463597
26.570418 64.146011 1.873742 8.526078 -108965.467072
24.267453 58.423071 3.409924 4.403573 -108960.089484
35.838209 43.417603 4.613065 2.955379 -109043.239571
37.805815 44.372620 1.586080 4.834370 -108979.546913
33.932598 53.143236 5.994713 5.917527 -108257.925192
24.585726 47.211021 5.225381 5.080208 -108852.147582
43.143760 48.361695 1.568671 5.380829 -109012.271374
35.051689 53.482812 5.459506 8.413582 -108461.724196
33.165753 51.982238 8.574639 5.152779 -108208.639709
28.833550 54.966861 1.911345 3.548184 -108891.482472
39.109124 46.404223 3.574977 5.195940 -108881.611683
25.529844 54.660852 5.017928 3.904463 -108802.650896
25.195369 54.179942 2.488606 2.621709 -108991.603531
37.897280 55.693422 3.566600 4.143862 -108818.751574
27.730483 53.653004 8.315616 4.568154 -108491.468415
34.701717 46.412673 6.099459 3.515451 -108808.777103
41.568293 59.659911 2.331692 5.183974 -109028.900506
26.205315 57.613624 7.834551 4.843141 -108909.804628
24.968247 45.017912 5.837578 4.164072 -108993.401416
25.266697 48.690234 5.289015 5.713607 -108695.188485
40.409932 42.339576 3.091173 9.156286 -108932.747410
35.292966 48.567631 1.261982 6.011148 -108841.302120
24.968248 52.950322 2.498019 3.363118 -108944.476904
37.347001 59.412694 1.326236 6.152860 -108939.086227
39.235738 54.244578 2.616614 3.677274 -108928.641843
24.414363 43.434503 2.412428 4.202112 -109019.539492
30.635823 49.652442 6.295187 5.326718 -108291.061864
41.672751 58.072978 1.671509 3.362480 -109049.129764
39.911817 60.229238 2.162685 5.296879 -109002.829059
25.946529 50.503625 2.063307 5.347603 -108797.551371
28.563909 45.577843 2.538380 3.500856 -108927.667050
37.442856 43.125340 5.064899 6.124667 -108960.866466
34.263877 59.232310 1.930525 4.483652 -108921.561710
34.327414 47.091326 2.868542 1.822254 -109014.096759
38.632297 53.216558 1.345465 5.477166 -108895.717399
21.383774 55.298238 1.234961 6.035719 -108984.373345
36.461130 44.091441 5.205773 3.367150 -109018.682425
34.706943 51.612098 2.478719 3.537989 -108816.422939
23.430525 46.226917 4.031115 5.980956 -108900.264680
37.695831 58.145526 2.230563 6.393342 -108828.127714
37.196597 48.979070 4.512471 5.789778 -108596.192568
33.163890 49.950949 5.358338 3.646033 -108560.443529
24.295054 55.468360 5.107076 3.866569 -108906.355712
32.710306 56.533676 8.422618 2.774879 -108728.966235
27.293021 57.873526 3.195534 8.560188 -108653.149080
27.727987 52.482796 5.884095 1.730708 -108940.957257
39.900490 55.025410 4.854785 1.854010 -109045.024062
30.026760 52.611129 2.774816 4.204922 -108685.545316
29.947881 42.616354 3.078306 4.327322 -108949.179294
25.073407 48.385931 3.183007 3.412474 -108939.782438
28.839671 52.856361 2.973894 4.336465 -108678.382911
31.483702 60.722051 4.809565 3.923477 -108941.987652
21.033455 48.143860 3.441710 8.835406 -108895.333823
33.129039 43.410703 5.382634 5.442491 -108836.256708
27.959384 53.287926 4.391761 5.070593 -108508.425324
34.171343 58.640113 6.371982 5.072656 -108734.466338
29.730205 51.155312 3.449972 7.136434 -108389.048411
32.993726 57.622512 4.567430 4.565664 -108661.090959
27.582296 52.763541 5.832020 4.014351 -108580.021953
34.214921 48.591995 2.642223 3.415716 -108847.694592
30.736086 48.582459 6.179295 5.859619 -108335.288559
39.618756 45.020869 3.796968 4.410936 -109001.690688
35.303042 57.591678 2.752342 5.970008 -108715.475821
33.370821 45.324640 3.629109 6.343829 -108639.042854
25.668527 45.193872 5.301582 6.691146 -108861.884006
24.209037 55.806328 5.464389 2.073932 -109025.397669
25.794341 54.335792 2.985774 1.868408 -109018.347464
38.044053 47.338023 4.098176 7.183879 -108663.134125
23.334520 53.559681 1.914083 5.201213 -108912.919785
22.035017 53.813812 3.219645 5.408150 -108914.259203
34.954353 49.090777 5.572720 2.587356 -108821.978541
42.499485 46.308944 3.086145 9.974256 -108904.406324
34.506322 60.071170 1.484229 6.176852 -108905.361029
35.564536 55.969786 8.263822 2.125002 -108892.063394
29.066338 55.865316 8.421655 5.036792 -108509.014101
27.597394 51.539872 6.424832 4.041856 -108553.457135
30.541121 47.426923 4.230939 3.290917 -108775.863819
42.116282 53.517634 5.246029 5.434265 -108988.092879
26.459711 64.440445 1.860572 6.575080 -109023.266497
26.990873 57.097005 4.961881 2.207641 -108998.064886
24.623869 52.995210 5.449865 5.678652 -108698.552506
25.564973 41.949199 3.133137 6.187507 -108978.470502
27.666976 44.037296 4.346157 5.040646 -108861.978591
36.770129 53.141363 2.769895 6.413156 -108606.897808
44.384121 51.629745 2.743810 8.470476 -108942.229412
26.160566 63.008453 2.576844 6.821000 -108982.024752
37.866937 57.783628 7.884191 5.368546 -108988.935286
42.196088 56.216467 1.630476 3.892959 -109032.489002
36.715481 55.173192 2.183154 3.352728 -108920.354748
38.690701 48.058644 2.030736 4.696036 -108914.615444
28.552508 48.227057 2.939062 4.515460 -108730.660012
43.046607 56.426602 2.831453 3.978548 -109042.064590
26.244715 55.918958 5.213545 2.426990 -108955.551360
40.110538 48.245334 3.635726 4.791080 -108905.533409
37.570099 46.776062 7.261153 3.647217 -108955.064978
26.617334 49.346589 2.552618 5.662803 -108713.032786
26.947180 53.002258 2.992164 5.959403 -108607.368210
35.388889 56.851747 3.864765 3.572183 -108811.247129
26.128317 47.857187 10.184743 3.955723 -108944.887097
33.383226 60.491608 3.592906 2.459762 -109031.733288
23.534088 62.736149 1.325183 6.984415 -109014.331930
34.593728 42.679839 4.636275 3.578332 -109010.144311
29.595367 41.554259 5.226013 6.727582 -109006.955759
33.324118 57.608589 5.134094 3.907685 -108715.997795
30.666634 50.765563 5.177349 2.964780 -108673.991588
29.123085 53.602014 11.076858 4.837639 -108464.084260
29.708133 41.926962 3.659321 6.262441 -108886.657070
35.633285 49.848273 3.548899 4.387598 -108675.139664
32.539381 57.643315 7.970537 2.311989 -108873.082883
35.455370 52.345244 3.762603 4.175202 -108641.814763
38.021660 51.492277 7.540217 5.680027 -108660.783670
32.464552 54.350584 2.890829 7.251252 -108464.629836
34.262390 57.982877 4.145317 3.290709 -108856.987952
34.019311 57.005170 4.549496 6.294476 -108517.033671
36.078968 41.699525 2.931308 6.740157 -108894.464457
33.262541 46.009026 3.934737 8.323731 -108534.350613
31.814624 54.040579 3.990854 5.033508 -108452.211507
31.254380 62.742906 2.016113 4.780316 -109006.783792
27.258799 60.248939 1.768041 4.045164 -108995.594253
38.036623 48.238148 7.805769 6.432909 -108887.609747
25.286488 51.904629 3.574976 5.066965 -108721.273835
40.164963 51.829248 4.503347 3.915648 -108900.845472
34.966196 57.338641 3.673467 2.138588 -108970.831872
38.253012 49.533606 1.467602 2.082161 -109049.417494
29.685079 60.347292 2.205758 7.992613 -108777.936529
31.980515 47.828911 2.370372 4.358922 -108775.945371
35.788459 59.270465 3.627210 9.461287 -108760.905501
24.237259 53.753124 5.796309 5.233419 -108784.506679
28.187153 62.188644 4.263308 6.229657 -108975.123607
31.070965 55.319962 3.173533 4.902747 -108603.209665
42.986315 55.169512 1.965158 5.785643 -108978.167665
34.660396 45.668983 4.086561 3.262154 -108907.330626
38.377944 49.219768 3.981783 4.684292 -108781.723089
33.610804 53.163489 3.868368 1.472690 -108995.064127
33.372091 44.383350 1.260485 5.761698 -108915.061511
29.512762 53.241592 5.086039 7.189052 -108300.389701
29.411102 64.001180 3.571432 7.469978 -109025.317583
30.096268 39.698700 2.456098 5.619303 -109007.073867
28.182754 58.327002 6.361667 5.096639 -108747.065168
37.316006 49.294939 3.718594 2.841524 -108922.818259
39.857490 53.019627 3.641843 4.213461 -108869.315612
31.593541 55.294333 4.367475 4.627134 -108512.206052
35.388176 56.365992 3.066154 1.514989 -109028.443802
27.587095 58.562012 5.176638 4.924649 -108784.455004
31.082944 60.211402 2.905186 1.798940 -109047.165957
31.443199 61.795047 2.922126 4.023247 -108994.943679
31.136571 61.659443 1.078279 5.072626 -109004.852657
31.787785 50.004846 6.440142 2.727345 -108672.314820
37.885036 54.724486 9.054336 6.095004 -108929.521288
26.762123 50.339679 8.882094 4.635231 -108625.827051
41.105985 50.272422 5.082580 2.725966 -109035.345978
36.503631 55.273445 1.823088 2.872451 -108975.049833
36.929478 54.136497 5.802907 3.742405 -108695.371134
28.348115 55.404048 4.830667 8.355877 -108500.782119
40.194377 54.301608 2.055103 5.595337 -108876.518033
42.082936 48.322204 1.426337 3.830720 -109046.823240
25.908529 43.070554 3.961927 4.039783 -109011.420547
37.346030 41.969639 3.408556 4.762634 -109003.731253
32.038178 63.811480 3.732886 6.572984 -109033.279200
35.834927 55.975472 5.801870 2.585069 -108859.146143
39.698299 46.072318 1.440281 5.794891 -108951.048725
28.193605 40.475611 1.624526 6.306169 -108983.778393
39.639011 49.987648 5.288078 1.881297 -109035.207315
43.188219 55.545985 1.160393 4.330705 -109044.855743
28.419748 40.089718 3.310103 5.315533 -109039.444195
30.669680 53.675874 6.785620 1.984857 -108827.391062
34.194925 57.366473 7.342449 4.292920 -108653.879529
35.876922 52.882673 4.267552 3.969157 -108653.124672
38.501120 50.922300 4.610990 2.596092 -108948.948575
39.655496 44.884179 4.648783 4.146471 -109042.028272
37.865942 49.104812 1.969981 4.526637 -108888.671585
33.927686 51.502355 2.406855 5.064782 -108656.439877
23.854896 52.883370 6.659903 7.612848 -108953.082532
39.810764 50.386452 1.994488 8.083715 -108754.509883
31.918659 49.143584 3.847434 3.115039 -108758.081437
34.971693 52.846983 5.987527 6.687906 -108316.956842
34.100310 45.664997 2.606030 2.171715 -109017.029904
29.128617 56.149285 4.574902 4.637325 -108595.037110
33.355061 53.129098 2.678340 3.844284 -108737.707031
31.003741 57.113610 5.045246 1.734083 -108971.124750
39.419965 40.183126 3.144861 9.496942 -108983.406086
25.728200 49.499455 1.899583 3.152410 -108980.262814
38.079635 49.683254 4.843140 1.982518 -108998.437794
27.869617 49.109476 7.042889 1.648938 -108972.769561
31.095885 52.541126 3.666868 4.787177 -108493.870918
30.154724 59.865874 8.888531 2.799903 -109025.615336
35.578271 48.277460 7.522515 1.315901 -108998.234700
44.152835 52.859947 1.186615 5.200506 -109033.673821
41.543848 51.673645 3.701516 5.749789 -108874.582611
38.969018 56.874178 3.834434 4.226503 -108886.939201
31.577339 50.635338 2.141774 4.444067 -108737.474507
30.409575 46.218365 1.529748 6.631768 -108794.096356
33.868387 45.463164 1.609311 4.630557 -108914.038654
31.355771 56.316303 6.966886 3.234617 -108656.797630
27.038476 48.020781 2.284474 3.491726 -108918.052612
37.447338 44.557624 3.645716 3.178117 -109026.571867
27.404172 50.254196 5.540566 2.902040 -108800.584574
29.700445 52.532994 3.134685 2.994960 -108811.002557
35.810050 53.009421 6.526911 7.216760 -108447.131845
39.909286 58.552245 4.137228 3.799874 -109000.870695
24.946767 56.447847 6.448205 4.040943 -108902.919239
33.433175 44.466129 2.790072 2.415329 -109018.420273
40.132288 55.517055 6.127419 4.665657 -108913.462620
38.695143 57.490048 5.935945 5.919496 -108882.359017
43.960238 51.679749 1.864364 4.834106 -109026.365974
25.812185 44.200340 2.780485 3.652371 -108990.868968
35.744081 61.444625 4.025477 8.623359 -108933.497155
29.449173 53.848861 4.053279 3.187636 -108736.203018
35.628314 51.749761 2.008530 6.483690 -108665.422416
31.940932 55.065633 2.791144 3.751406 -108758.559501
39.575281 53.948948 4.392042 6.118698 -108724.254983
25.384782 57.502346 6.470401 3.454972 -108960.880833
38.722407 51.794594 7.102444 1.958308 -109002.350610
32.340102 63.043976 3.414040 5.103242 -109018.053477
26.681940 50.835255 3.947266 2.825483 -108888.682091
38.699594 48.343293 5.340323 6.380458 -108721.568505
28.983532 52.899853 4.301531 3.872759 -108612.733267
36.825406 45.736304 4.932023 5.012469 -108809.163807
24.499783 55.600489 4.918520 4.017988 -108885.130798
27.571651 41.243122 1.440159 4.209392 -109042.747831
20.672313 44.448975 1.788751 5.319927 -109040.214070
33.787470 51.198768 6.988524 4.723719 -108294.560621
27.382455 60.098749 4.336001 2.454506 -109039.695443
25.478000 56.210327 7.766175 4.000343 -108890.516960
38.493846 39.777150 2.368810 5.504981 -109036.487829
36.650112 48.695503 3.841092 5.657824 -108613.643007
43.674515 52.807097 1.115616 4.886891 -109035.307791
35.556136 62.028151 2.337037 6.708733 -108927.485467
28.457923 48.808051 11.948067 1.138062 -109026.013275
27.074058 58.945921 4.036861 6.029234 -108772.743885
25.915616 53.535824 5.449049 6.912748 -108557.133226
33.214281 49.039333 3.482291 2.955647 -108818.340994
36.730746 45.637166 3.668872 7.735396 -108664.693359
39.342827 49.614885 4.564084 3.613550 -108916.029117
28.375185 58.565072 7.928439 4.753859 -108847.112380
34.164450 57.735885 6.317426 3.114783 -108812.673562
43.902071 57.729403 2.321555 5.645186 -109042.805625
36.442550 55.631074 4.279945 2.670197 -108896.503939
24.618113 51.652471 2.636966 5.496591 -108784.408919
43.016531 45.792655 2.320610 5.260518 -109031.338207
31.943317 58.739988 2.152116 6.292522 -108764.683181
41.918447 56.399686 2.085099 3.472172 -109032.775862
28.677226 60.508662 5.374367 7.662081 -108925.589984
33.024122 59.489526 5.708877 4.132087 -108844.126640
36.207778 43.721331 3.317613 3.627607 -108995.205613
26.602988 51.097192 6.326870 3.167379 -108777.999055
35.389000 63.846537 1.503816 5.824740 -109032.985282
20.901791 52.460139 2.045816 6.542551 -108922.040770
27.686598 55.086607 6.038178 6.812367 -108489.219907
29.797696 52.590027 2.796933 6.261126 -108509.617025
26.800536 47.415980 6.829159 5.032361 -108701.250659
33.870666 57.923695 1.861421 2.295992 -109014.621626
24.462794 57.228627 5.856418 6.315903 -108903.423747
34.703124 58.666672 3.905684 5.564936 -108723.279954
30.353237 47.995357 6.996074 5.592019 -108403.479471
29.985213 45.521558 5.970679 5.232548 -108662.368895
25.528182 57.410413 1.528500 8.721149 -108802.860663
27.688631 58.788995 2.208636 6.625381 -108790.732198
39.263845 59.276511 1.486576 4.982630 -108995.615281
37.759044 54.328947 5.417215 3.598113 -108781.444134
29.133411 51.631941 4.406425 2.375019 -108846.899707
32.242444 54.863702 2.503129 4.167603 -108739.667122
40.631727 51.790010 3.259788 6.358178 -108786.834656
35.710087 49.341702 2.957875 5.478553 -108637.253619
31.737820 51.887968 5.212037 4.755696 -108337.018590
34.356079 58.083195 5.842114 4.787579 -108688.408135
41.236243 57.768520 3.676521 3.733582 -109019.908698
19.771967 53.652833 1.027427 9.648954 -108930.239008
36.849193 50.026945 3.128486 3.327404 -108868.751300
22.422754 46.272457 2.311855 6.044033 -108936.399084
37.413291 45.179701 5.384034 9.626592 -109004.997199
36.969750 52.183475 2.518029 6.765419 -108622.392352
28.311614 61.725319 1.766600 7.388709 -108895.240867
25.067384 54.430335 3.303024 4.597844 -108812.076755
41.550975 50.673481 2.799365 5.887753 -108881.916993
31.998223 48.173375 9.873002 1.429302 -108931.301994
29.982514 60.846128 1.486098 2.898502 -109042.723178
37.906037 53.903287 2.058037 2.619619 -108997.169783
30.023938 53.731111 6.807769 4.984662 -108289.770005
31.030781 43.224759 2.833425 4.260291 -108927.516773
38.467556 60.506423 2.923126 4.663794 -109000.576302
29.458671 61.055285 2.935557 3.216535 -109009.378942
45.050402 50.166800 1.156081 6.582762 -109020.119364
24.268359 54.797316 2.295712 3.177375 -108989.507304
21.127096 50.935672 4.585443 6.210885 -108965.530760
37.217192 45.492708 3.634682 3.511075 -108971.619591
33.193164 45.287844 4.983342 8.251442 -108630.093103
33.542784 53.821088 7.646774 5.997899 -108272.630722
26.506189 60.723393 4.666590 4.394525 -108990.066824
28.167191 62.052347 4.495999 4.837931 -109007.806630
38.528042 52.894492 4.458029 6.587799 -108603.188926
37.841327 45.202229 3.309126 4.363318 -108938.402815
30.817868 56.816382 3.553534 2.266973 -108939.456279
30.466540 57.738717 2.298335 1.601604 -109041.126514
32.509844 44.765471 6.165817 4.640349 -108767.877771
21.548616 45.174236 3.492085 5.161608 -109039.042961
31.211533 52.311434 3.755010 6.662733 -108339.254728
26.172397 58.908097 4.833706 3.314354 -108978.241322
25.116133 49.384168 4.596490 5.586822 -108689.459686
24.736881 50.017903 2.342115 8.254578 -108681.105913
40.629868 57.402089 1.288266 3.298912 -109042.930649
27.073707 45.291639 3.587876 4.530285 -108852.810004
41.337678 52.638352 3.273229 5.932168 -108852.881831
37.193399 59.632578 4.635463 2.322474 -109038.264059
24.499585 56.389673 3.885898 4.505683 -108877.646781
36.633474 51.328818 8.359009 2.984169 -108752.728849
38.017904 46.412953 2.341344 2.955885 -109022.123366
28.205087 47.734372 3.087239 5.362741 -108669.911447
24.357043 54.112108 6.637006 1.868875 -109008.946076
40.132605 49.374349 2.739417 4.021593 -108953.236338
38.586258 50.032809 7.258799 2.356749 -108974.213716
26.376402 52.461728 4.211873 5.251315 -108596.345426
36.506936 53.661314 7.738382 6.850827 -108618.443172
36.103893 40.077954 3.914128 5.967552 -109036.651387
35.245576 43.213765 3.184249 3.253964 -109016.786961
35.769437 44.923089 3.684897 2.162223 -109041.686533
28.955894 41.871933 3.801213 5.134024 -108956.970262
32.849334 57.406173 5.032206 1.985810 -108944.539199
33.348126 51.275355 5.482320 6.826408 -108241.345019
35.185193 47.066023 7.567951 8.093694 -108938.997979
30.458440 43.458882 5.764794 5.559353 -108845.716443
37.249393 56.244859 10.722292 3.617435 -108918.908608
26.377565 49.738185 3.650828 4.392490 -108741.213333
37.142103 56.267317 3.793422 5.209343 -108704.543150
38.721051 52.500207 8.478189 3.593800 -108860.400651
30.722205 51.381235 7.522123 1.755138 -108860.330100
21.040181 54.466812 2.550145 7.845547 -108868.820359
37.535131 53.212695 1.780277 5.778674 -108795.320303
36.890572 49.027769 8.542533 6.331041 -108771.490307
21.748860 45.948627 1.555449 4.131498 -109042.240661
31.961888 45.814736 1.752267 3.791269 -108933.592213
25.690494 44.951273 4.536549 8.647622 -108839.050469
33.514150 49.940236 2.378960 1.511772 -109026.474698
40.036626 57.949525 1.899663 5.831902 -108934.378264
30.323739 45.123670 3.972184 6.203767 -108647.441823
33.688593 44.019385 3.931187 6.580585 -108713.845002
36.972623 42.676826 4.848038 5.029550 -108995.062520
22.600769 52.112261 2.619858 3.773427 -108990.588586
32.927841 47.276313 3.467993 1.842136 -108987.203828
32.273240 45.619383 2.761265 5.723075 -108713.919819
21.256403 48.792119 2.694831 6.470354 -108912.853848
33.049967 58.560003 10.695518 3.073924 -108930.169392
24.785512 58.071410 4.502415 3.782233 -108965.070826
24.662676 54.731078 1.825666 1.945403 -109047.693412
24.826250 53.876593 4.025674 3.629380 -108879.787820
24.551654 53.209830 6.894468 2.775727 -108951.298950
21.110112 47.157586 2.929447 5.437515 -108992.010352
28.946728 57.225949 3.380797 9.146581 -108577.024280
33.071745 48.956390 2.326464 5.226482 -108683.117395
22.629164 51.737897 4.053929 4.579657 -108923.812442
24.441006 56.617220 5.561841 2.426875 -109021.306181
35.566701 48.845495 8.856007 1.874449 -108915.584539
29.655240 59.371491 2.991051 4.026710 -108894.181955
23.870845 53.245733 5.780628 2.548436 -108995.309410
24.357365 49.786206 2.858842 3.172043 -108980.691487
33.743068 49.670370 6.611572 5.441114 -108308.630428
38.150020 47.851420 6.181610 4.639255 -108824.273448
25.416304 50.131172 4.036360 4.430407 -108768.816977
29.963638 58.801787 1.607604 2.066348 -109046.308221
27.534931 42.343290 5.018472 4.467720 -109022.220126
33.757577 45.756830 5.215218 1.243825 -109043.067662
30.366838 52.736125 8.799615 7.003914 -108487.614672
23.950012 53.790011 5.760926 4.643616 -108848.991820
32.486546 45.491735 2.992360 7.098168 -108621.302711
36.412850 48.255679 4.523548 2.305758 -108950.147744
39.579238 51.711552 3.186128 4.615958 -108841.473439
29.502650 53.692068 4.536923 5.940298 -108359.585225
31.211410 49.200702 4.410822 3.570612 -108646.495672
30.518014 59.845622 3.042010 3.483624 -108945.833609
31.013627 41.072688 2.931785 8.133789 -108839.007700
40.305286 53.991137 3.879442 6.567225 -108766.010512
37.391424 61.012344 2.175263 5.996283 -108949.984135
24.303276 52.951179 2.733873 4.032877 -108907.287166
39.240316 37.373833 1.154150 7.187224 -109038.662403
31.914055 50.831356 1.057109 2.024093 -109032.706799
41.964814 51.460627 3.299665 3.008099 -109031.029241
28.810857 37.950877 1.034950 6.637895 -109036.366024
36.460975 45.718784 3.595803 9.165700 -108646.932095
39.612640 56.067189 1.081405 7.247697 -108914.948702
32.871658 50.917688 2.347862 3.184368 -108845.295939
37.426176 41.548317 3.350917 6.706169 -108941.728720
29.450047 47.355405 8.258559 3.776132 -108641.817398
37.358858 55.437360 4.342004 4.666120 -108702.433363
32.302186 58.405074 6.161416 8.382634 -108828.739657
23.442237 48.057912 2.737625 3.670657 -108989.446573
43.263550 44.518960 1.632333 7.277251 -108986.626726
35.649159 51.208827 4.239054 3.098228 -108781.854357
34.583212 59.914041 2.605634 4.745468 -108900.862887
31.064334 55.404487 2.444755 2.098077 -108973.778579
25.892515 46.945620 4.999924 5.145634 -108762.885683
27.983853 43.410271 5.544895 5.612815 -108914.291563
28.745326 46.332723 9.188262 3.303313 -108830.079048
32.590578 53.451837 7.060758 5.372727 -108212.384580
37.929040 51.161145 2.650588 2.210201 -109005.803514
30.777813 51.348469 7.007401 4.011057 -108353.383301
36.190185 52.127911 4.163681 6.402774 -108444.341285
38.185919 44.924229 3.393448 6.211566 -108831.094182
34.834973 47.693090 3.772804 5.237296 -108616.589868
32.262435 56.103779 2.306012 2.789499 -108923.257454
36.163610 56.281609 5.762007 5.454461 -108583.741808
32.938503 59.005948 1.295829 2.485466 -109038.043676
