40.493065 83.572520 4.869074 4.045202 -106609.692195
40.848595 81.185277 6.419432 2.869358 -106641.552857
41.460745 85.703421 4.182450 3.054593 -106617.100013
41.340638 83.486463 4.495438 3.529561 -106590.336378
39.088146 88.379712 2.257791 4.473359 -106643.068423
43.813267 85.919199 5.691064 4.041197 -106631.756279
46.020017 82.867669 3.972260 3.273386 -106623.618500
45.072807 79.028527 2.924908 3.787615 -106636.134308
43.224717 86.593934 3.246779 2.939053 -106629.083127
44.432574 83.554897 7.848887 2.875262 -106652.039870
45.676991 77.869468 2.424002 5.864203 -106641.966126
41.515773 87.576335 1.416293 5.311926 -106626.327780
46.810226 84.567987 1.611388 3.756832 -106649.840126
40.975239 81.231624 3.236067 3.362723 -106613.829780
44.754870 86.286514 2.205215 8.527123 -106635.722369
45.882310 83.248139 5.462518 4.140910 -106642.915785
47.390101 82.770017 3.886296 3.288244 -106650.672541
43.839671 82.331385 4.143818 3.289254 -106593.014843
36.641282 85.465239 1.081048 5.990811 -106650.405795
45.039879 78.707326 1.873739 3.818737 -106648.742156
46.590637 81.538213 3.547971 3.690409 -106630.451297
37.343258 81.006552 2.138536 5.337759 -106643.859365
43.718327 87.510631 4.535541 2.873284 -106640.747617
44.721826 78.244468 1.395178 7.310046 -106632.948847
42.788745 81.712657 1.633847 4.522266 -106614.251833
41.768748 82.893371 6.183567 2.747685 -106603.797252
45.076242 80.276205 4.324275 4.031099 -106623.135035
38.957155 87.223443 2.755934 6.207038 -106626.397361
