197.117250 69.915517 4.056403 7.222519 -112468.592142
195.238936 72.475862 5.163423 7.235086 -112384.700698
193.174787 67.631944 4.408628 6.804585 -112456.527177
192.385753 67.047780 6.410535 4.993379 -112469.081109
194.359698 73.010831 5.895439 5.475464 -112382.759395
196.752477 70.483544 5.370785 6.530992 -112380.542328
194.749546 72.660365 7.005048 6.653648 -112368.227150
193.816762 67.186100 6.885538 6.489945 -112448.064767
197.221407 73.543496 5.664992 7.490016 -112447.791797
194.292120 67.893006 5.332516 5.311771 -112431.889763
194.907058 70.600745 9.590857 3.111014 -112445.473288
196.336809 68.522787 6.520610 6.505397 -112376.053355
194.310403 72.215093 4.664176 6.732427 -112391.002321
196.364821 69.140578 6.733097 5.295640 -112383.441367
199.327707 69.971011 7.215199 6.511582 -112441.373129
191.029628 71.565502 4.388548 7.189621 -112454.925822
193.006593 68.737383 4.318468 5.177810 -112473.287384
192.512581 70.391159 5.184266 5.527736 -112357.991284
191.743087 70.848586 6.425383 6.103516 -112340.540191
195.187803 70.002672 5.059986 5.295994 -112402.760849
196.756508 71.765347 8.270155 5.012631 -112384.037340
194.854231 71.370818 4.061250 7.808764 -112423.020041
195.269922 71.933507 7.913864 7.165922 -112430.940189
192.618203 69.028744 4.540348 7.872716 -112435.493216
194.254488 68.520000 7.967624 3.967519 -112397.937058
195.803725 68.431161 4.910887 7.753951 -112415.704432
193.249554 72.653367 5.171425 8.041803 -112438.993329
191.681462 69.352444 4.417543 7.770878 -112453.791540
192.636768 70.157590 7.507917 4.910192 -112270.550794
198.971241 69.980265 5.808383 6.607028 -112457.706702
193.969992 68.898864 5.605867 6.896495 -112357.236948
195.051859 67.758481 5.711958 6.798799 -112403.943377
195.716349 72.673753 4.897348 5.344183 -112469.454598
195.592970 70.115909 4.476544 8.334532 -112411.935839
193.995261 71.421890 5.541226 6.948849 -112339.104877
