135.767740 86.948371 8.066107 6.905853 -102311.438828
166.936751 25.978714 6.147169 9.477744 -103194.448394
186.138697 60.234999 6.147169 9.477744 -103194.448394
176.672398 170.330894 4.868133 9.431243 -103473.879862
182.408066 154.283426 4.868133 9.431243 -103473.879862
61.727136 55.268885 6.060959 7.049510 -103671.082886
46.327183 61.591328 6.060959 7.049510 -103671.082886
123.370489 46.750870 7.094350 5.836852 -103461.375195
156.773783 69.101715 1.316996 3.775771 -104613.498516
159.841631 123.334063 5.690942 2.025030 -104604.527439
