31.229944 33.420223 9.506788 9.888614 -110400.011803
14.337169 17.468390 9.506788 9.888614 -110400.011803
46.125819 42.266684 9.506788 9.888614 -110400.011803
171.716881 29.332151 10.356131 6.491403 -110588.281526
163.306667 12.370718 10.356131 6.491403 -110588.281526
96.302581 130.711579 5.496423 7.903035 -112709.902781
114.689082 128.546026 5.496423 7.903035 -112709.902781
82.211589 132.598729 5.496423 7.903035 -112709.902781
146.687285 148.954561 11.726641 6.006435 -109640.164684
148.546644 161.169188 11.726641 6.006435 -109640.164684
108.114382 27.715811 5.353276 4.302464 -113546.836835
