108.749708 31.658783 1.171548 5.197331 -113687.149826
108.498739 32.773544 3.777060 4.767987 -113653.217805
112.805898 26.742115 4.466183 4.261193 -113643.077434
110.506292 24.899087 4.475692 4.427977 -113621.282958
109.358880 21.496887 3.096915 6.968930 -113699.016508
107.376469 29.741602 3.475036 5.262862 -113575.691983
107.793752 24.826258 1.998129 6.266206 -113622.236142
111.610590 26.044728 2.135163 7.321056 -113628.680996
105.851094 24.517839 6.916595 3.474305 -113695.033895
111.884090 26.426064 4.323724 4.732688 -113614.689886
110.422671 31.393907 5.929830 4.558051 -113667.535941
108.695705 27.960898 3.073218 6.297533 -113574.962954
109.458710 28.369378 5.598530 4.584939 -113560.501950
105.413766 26.289299 4.187803 4.403499 -113605.252970
107.170106 23.953154 3.778553 2.559241 -113698.648212
108.094237 26.533727 4.851948 2.935330 -113604.026167
111.099983 29.912885 4.199701 2.972893 -113648.547641
106.439978 28.651739 3.814778 5.421457 -113576.700464
111.172685 30.913390 3.426032 5.517498 -113622.430428
103.197323 27.369297 2.185778 9.407462 -113699.120743
109.262625 21.394167 1.409680 5.669241 -113702.032564
107.074294 28.439490 2.073833 2.910699 -113680.807633
112.452098 25.580769 4.815299 3.744213 -113664.618914
110.674155 30.790058 4.147245 3.266208 -113640.534400
114.065892 26.995642 3.233566 3.865521 -113683.471749
105.295130 27.551642 5.984768 3.113020 -113627.323615
110.631389 21.277330 2.905524 6.512664 -113701.544089
111.952545 28.752133 4.026135 6.043262 -113632.073671
106.335622 29.079852 2.977463 6.630599 -113603.658735
104.675097 26.909968 5.158189 4.962943 -113646.852393
109.099845 30.373060 3.577670 3.145860 -113631.869063
114.400211 29.251726 1.107029 9.960449 -113698.378111
111.250992 29.586466 4.428434 5.465063 -113614.344958
105.716585 25.397381 4.252138 5.025424 -113615.931655
106.351869 25.511633 2.494484 2.833736 -113686.804111
104.721477 29.858931 1.750686 4.585463 -113672.447829
104.050175 27.358293 2.035763 3.253132 -113700.004615
106.591274 32.221904 5.677376 4.473457 -113696.328925
103.519727 30.770085 2.626140 4.215335 -113689.723501
112.428173 25.679986 2.880517 3.181899 -113689.256733
107.734799 29.069938 3.226223 5.129968 -113567.855739
103.619735 22.882140 2.373828 5.763280 -113688.897767
108.948888 28.172587 3.744517 5.216133 -113553.367490
107.799974 29.441101 2.290078 7.968453 -113625.084180
104.840195 26.930901 2.524663 5.680117 -113619.030265
111.118589 30.843271 2.260175 7.180200 -113639.254720
112.869231 28.125715 3.532152 3.396800 -113663.802614
113.147591 29.119942 2.068821 5.064235 -113658.110036
107.171711 20.064534 1.796891 7.117994 -113696.146990
105.395825 27.441782 3.495919 6.918691 -113636.074273
105.445504 27.767958 2.465639 4.101204 -113635.215309
106.398237 33.487676 1.416380 6.880922 -113688.265327
107.218129 22.979605 4.492830 4.318083 -113679.063408
108.261736 33.055386 2.269784 3.765317 -113691.232924
109.183439 28.896386 4.348919 2.636527 -113633.402114
103.942600 30.881640 3.340657 5.978763 -113672.594298
108.562351 26.387601 1.857269 2.669261 -113700.254652
108.653128 28.552417 2.099457 3.735404 -113641.214144
108.187527 27.227503 3.155912 2.595091 -113658.017184
106.997796 23.269262 1.787930 4.007525 -113697.582196
110.552454 26.733589 2.004503 4.587645 -113635.248708
104.313362 27.080382 5.427901 3.136750 -113660.720307
109.523379 30.309038 3.299443 4.615903 -113589.240462
107.950187 25.943983 2.082267 4.715375 -113625.368914
107.508858 29.028732 3.950674 4.319412 -113562.039000
103.569701 27.523391 2.460973 7.379750 -113654.551281
105.452015 31.776446 4.454430 5.143557 -113676.433153
111.228666 29.159366 5.225384 4.843776 -113608.274099
107.679033 30.264350 1.681235 5.416683 -113639.708348
105.508957 32.027254 4.959290 3.381493 -113691.950400
115.017613 24.387802 1.993018 7.814495 -113696.332115
109.737947 28.993197 1.305489 4.521725 -113671.848160
105.709968 26.946192 2.884951 2.736680 -113675.675287
105.902094 25.481335 4.370462 4.144161 -113612.858460
103.203329 28.001645 3.538145 4.203850 -113667.635088
105.791156 30.545306 4.859988 4.250847 -113623.841705
110.311699 32.148290 2.737943 6.152539 -113643.860020
112.495650 23.530408 3.787691 5.916769 -113699.785300
107.852760 32.976899 3.521603 4.828299 -113660.308526
112.138234 30.817755 3.436172 3.808665 -113658.855094
107.678443 25.196474 2.946868 4.307200 -113613.863309
105.922927 25.499370 3.441581 3.732536 -113631.867914
103.912877 32.101870 2.180020 5.224469 -113689.015720
107.269479 27.071011 2.543810 2.833897 -113666.492226
102.279923 27.941336 2.352788 5.148801 -113682.714056
109.156954 31.673950 3.641423 5.422745 -113619.951655
110.777546 27.076053 6.395346 4.604334 -113625.867047
110.630516 22.634246 3.747503 4.949549 -113687.127597
107.264829 29.705613 4.821889 5.201589 -113588.148290
109.867017 22.676226 3.760962 5.810496 -113678.346435
110.567840 32.053109 2.857726 3.629392 -113670.665123
110.272250 25.577947 7.142527 4.624165 -113698.723540
106.980218 26.183713 4.527403 4.050744 -113578.722137
106.535630 27.402968 2.580883 6.095341 -113590.932300
110.798811 25.312277 2.464904 5.237825 -113621.738989
113.285253 26.035481 1.953950 6.041502 -113655.932227
103.467791 26.770618 5.131172 4.147228 -113682.479771
104.594060 25.492842 2.675449 6.818333 -113637.586148
108.347317 27.132293 3.842285 2.044087 -113680.727604
104.926633 23.989427 3.261286 5.607798 -113652.650851
108.857194 25.112555 4.173589 3.207194 -113630.348734
105.674532 21.610658 2.429843 7.699383 -113688.107567
107.804228 28.059843 1.674641 4.859217 -113636.379862
106.014716 30.705430 6.073918 2.253421 -113695.156157
108.699876 31.576686 1.876452 3.542807 -113684.748380
107.807563 28.118635 5.353276 4.302464 -113546.836835
103.947297 25.475935 4.372059 3.787469 -113672.788528
109.564455 28.480251 3.894033 6.577830 -113608.004131
110.617674 25.426819 3.188271 5.330548 -113602.600807
104.707929 22.375677 3.055305 5.408815 -113692.222442
108.460106 24.129861 5.148457 3.599978 -113645.939060
104.782051 26.391582 6.584002 4.080444 -113674.782216
108.505992 30.228479 3.323087 6.671428 -113611.577659
108.914616 27.440932 1.963558 5.812392 -113606.489111
104.030403 31.344478 3.703530 4.523169 -113682.176500
113.527212 24.433684 2.369796 5.536383 -113675.730543
110.472759 30.195097 3.091419 5.112933 -113596.966149
108.809706 24.926899 3.123161 5.894621 -113598.266792
107.886645 27.782507 5.840851 3.746590 -113550.802254
108.870874 27.896112 2.757011 5.965387 -113574.704161
108.244269 28.743129 2.324330 5.681173 -113590.964165
104.098802 24.078094 3.916671 5.918512 -113694.135529
109.427875 29.388579 2.735644 6.217520 -113588.122495
106.179901 33.476019 1.770262 5.438424 -113691.540171
109.819327 31.674757 3.296094 7.404113 -113680.992988
106.917453 32.019317 2.740429 5.698170 -113636.627118
111.672753 30.324700 2.281631 7.610839 -113646.246021
106.694495 27.152463 4.708977 3.869906 -113571.356209
