61.777372 48.717159 8.152307 9.565840 -103527.987413
97.364774 85.161227 8.152307 9.565840 -103527.987413
86.009804 70.752074 8.152307 9.565840 -103527.987413
108.660215 139.668067 3.667386 8.412077 -108293.691393
109.129517 158.392744 3.667386 8.412077 -108293.691393
96.826498 136.800391 3.667386 8.412077 -108293.691393
179.038622 175.679234 8.023341 4.369119 -107432.166346
162.663797 153.791296 8.023341 4.369119 -107432.166346
159.998919 166.368605 8.023341 4.369119 -107432.166346
99.159517 19.447667 7.602059 1.772900 -108512.211591
1.366826 114.058776 4.155154 5.118985 -108515.743282
37.636948 31.821441 2.018992 9.284430 -108599.403220
