6.254859 109.601433 8.640366 2.062500 -110796.381673
5.398433 109.658855 2.846100 5.035731 -110787.435240
12.970022 105.550522 4.556254 4.295250 -110847.878665
3.496749 113.746528 1.012158 7.755933 -110852.158129
3.099281 108.102665 2.648618 1.971194 -110853.412145
3.788359 106.454582 5.428085 2.705060 -110784.942830
7.357428 102.534112 4.655799 3.739388 -110836.128425
6.548323 102.696569 1.737128 9.094737 -110836.215631
3.151135 113.361603 1.051009 8.558014 -110847.891099
8.847986 107.752687 2.946404 3.897635 -110743.307256
6.219910 108.383554 6.985894 2.849372 -110700.333172
9.891599 108.288481 10.614299 1.581388 -110813.263819
11.486664 103.576272 1.808075 3.918478 -110827.322286
11.658318 103.124748 1.947552 5.875917 -110822.159767
9.580590 107.527401 5.974464 2.954126 -110729.135842
9.579076 103.678359 7.952352 2.086334 -110846.394616
2.442946 103.873616 3.785290 6.102724 -110863.191055
5.065924 111.511369 3.452092 2.563457 -110864.630727
7.063073 109.349118 1.910899 3.707455 -110793.994734
8.551820 105.754983 3.319706 5.217303 -110753.601329
7.039903 111.756502 3.708539 4.505184 -110852.212102
4.871957 108.890798 5.644070 1.942094 -110796.921119
1.952205 110.145439 1.061955 3.741915 -110863.864667
3.823812 110.456119 3.522378 3.996287 -110829.310883
9.336715 110.582850 4.226076 5.127211 -110859.699870
7.896542 108.295088 10.268051 2.870510 -110748.792544
11.212233 107.855625 4.976912 3.587564 -110805.642465
9.788924 109.723977 2.737609 5.051896 -110798.642269
0.659406 108.459003 3.295712 3.506428 -110866.443441
8.136515 109.191721 2.501302 3.869022 -110774.848780
7.787738 110.325106 1.968297 3.282499 -110821.589537
10.256174 104.064631 4.926988 4.011176 -110799.657553
7.042234 110.667521 2.799907 4.886547 -110802.948970
5.510488 109.271453 2.267661 3.119531 -110798.142057
8.944551 110.120147 3.405224 2.586563 -110826.759602
