48.174578 182.309319 8.901833 1.287893 -103733.679107
46.217592 179.275755 1.445650 3.692149 -103750.184274
52.859382 180.239235 3.887782 2.628090 -103740.722673
52.070619 182.262895 2.483614 2.119205 -103743.259437
48.143780 184.451505 2.755403 1.978740 -103733.931686
46.948615 182.296695 4.574878 2.007642 -103727.922198
45.034731 181.952920 2.153132 3.572194 -103748.293767
49.039921 186.097240 1.818397 5.658148 -103748.377422
46.266320 181.676552 4.367769 2.237807 -103739.656824
50.600229 183.978125 2.941661 3.482709 -103719.053334
52.897077 180.392295 1.363022 2.951278 -103745.793670
50.335236 183.033968 5.790542 2.679393 -103720.589347
52.622683 178.806218 2.284121 2.967170 -103744.250529
50.701475 184.763847 5.096990 2.621688 -103750.076987
49.775302 184.443790 4.804225 1.632542 -103741.982468
48.879894 178.981238 1.027796 3.051576 -103749.307175
51.903286 180.857365 2.615922 3.033984 -103723.068803
51.886846 182.339142 1.826952 2.567118 -103738.213007
49.782778 180.807855 2.360088 5.836194 -103749.607783
50.974349 185.100968 2.724268 3.827916 -103736.536483
51.762027 185.047207 1.546037 3.884383 -103741.437653
49.066679 179.239063 2.521501 3.322600 -103729.594066
51.640476 178.553191 1.892355 1.923187 -103749.906638
50.411263 181.641855 2.732162 4.997666 -103732.677711
52.050087 183.387265 1.696922 2.589699 -103745.022675
48.513425 182.429784 2.685675 1.228191 -103746.268343
49.825833 180.739731 4.276703 1.760588 -103720.548564
50.738529 183.171731 3.557664 1.682131 -103744.030511
48.052343 179.653671 5.388008 1.035043 -103749.799175
