187.931630 55.571390 4.588409 4.844255 -106761.696164
186.185985 51.723616 3.406275 4.609320 -106860.796520
194.204907 58.303650 2.978717 7.201680 -106808.185947
186.561350 56.891951 6.501650 3.763750 -106826.707031
194.841588 58.125114 3.793150 4.716453 -106827.723943
183.885468 55.166426 3.146913 5.164316 -106836.280858
189.594425 56.641654 4.456383 2.149885 -106844.174676
189.772585 59.030845 3.573223 3.440895 -106799.706122
191.099202 58.352410 1.367837 5.425458 -106825.931938
193.460874 61.157915 2.364671 5.939826 -106835.720153
191.149108 59.637741 4.675723 4.575344 -106800.112729
189.072733 53.458658 1.802541 5.652706 -106806.812372
190.540665 52.364505 4.243894 3.227252 -106829.303099
188.359962 59.261136 1.313639 7.866083 -106822.337283
187.016178 56.592038 2.352051 3.998411 -106812.102892
190.407976 52.404327 4.245874 4.158381 -106812.205584
190.025563 54.160772 5.055368 5.858213 -106833.661885
191.055819 51.487771 2.129812 7.260144 -106822.435480
