137.137489 130.511305 3.849502 4.987352 -106806.152050
135.932549 133.153088 3.994252 6.195700 -106741.946809
138.810341 134.891868 3.437692 3.963440 -106812.604942
138.549783 134.953250 4.765977 3.997318 -106751.804062
138.893012 135.509892 3.591071 5.541430 -106773.965214
138.458738 135.593073 3.051470 5.104815 -106789.609890
134.481232 132.875184 5.239853 3.204309 -106761.226651
135.933905 130.257904 3.336672 5.850492 -106814.143501
137.112220 134.029000 3.576377 3.666965 -106785.250650
135.575203 131.589043 3.361685 6.231010 -106780.431207
133.783682 134.017874 4.606440 4.312513 -106731.360160
133.225201 136.601826 5.196874 3.971532 -106806.467095
136.809128 132.652538 2.620479 4.556389 -106811.747126
135.154205 132.695112 3.189925 5.446940 -106761.097157
137.383014 135.521891 3.578866 4.846296 -106747.324437
137.409054 133.921143 4.029682 4.083354 -106741.181253
136.403329 130.891523 3.456486 5.113834 -106793.740838
137.191566 132.218760 3.031726 5.136945 -106780.471970
133.021947 131.698015 4.419997 5.509692 -106815.853656
135.281287 133.309879 4.776701 5.324670 -106704.568169
134.056775 133.638765 3.573010 4.392221 -106764.451037
135.882730 136.510024 4.576822 5.189526 -106739.071838
139.065830 132.690229 6.094768 5.011129 -106787.439412
138.433267 133.638793 3.025874 5.629142 -106776.170251
134.533810 132.928508 3.108786 4.240866 -106793.828015
135.717440 132.259899 5.796337 5.078567 -106719.364425
134.879803 131.158490 3.984079 3.897700 -106811.002207
138.193352 132.866722 3.472508 3.947397 -106807.585639
134.854892 133.086220 5.160410 4.161742 -106698.572347
138.520579 134.882636 6.115266 5.166793 -106749.968315
135.250020 134.212116 4.713824 5.734246 -106721.364807
134.043310 132.243394 5.012533 3.683271 -106764.703761
139.285058 133.465055 2.958904 7.161423 -106815.538846
139.925498 133.342582 4.426522 4.681366 -106799.072478
136.764913 135.483717 5.144351 6.260754 -106782.118455
136.207125 132.650207 4.266471 3.293526 -106790.998251
134.378630 134.442744 3.887275 4.831589 -106733.946481
134.731502 131.799205 4.159996 3.838785 -106785.247172
133.234571 134.550066 5.056551 4.081999 -106749.142000
134.649428 132.906796 4.457219 4.968512 -106719.649172
138.341334 133.975280 2.850543 6.359315 -106784.624452
132.906594 132.963166 3.094907 5.238873 -106814.145650
135.138043 133.856965 4.120156 4.365998 -106716.094053
137.808403 131.483535 4.374959 6.564373 -106813.754849
134.534519 133.469027 5.763559 6.115066 -106815.225069
137.780145 132.703301 6.177558 5.407156 -106762.000335
133.821748 135.298932 4.268389 5.543384 -106764.131977
133.120238 133.217979 3.746922 4.134428 -106796.968031
134.507907 134.128672 2.999885 5.955609 -106774.924376
135.811114 130.901806 5.018980 5.743428 -106796.352019
139.024637 132.790454 3.825929 6.508084 -106795.635110
137.628101 137.271480 5.629261 4.757032 -106780.614271
133.373760 133.255706 3.814209 5.836741 -106783.427181
136.962561 133.676441 5.199072 5.765741 -106724.413529
133.707854 133.737693 7.815805 4.257592 -106738.256686
134.751833 135.854065 5.912642 4.564048 -106711.599661
134.905956 131.282320 3.404930 6.594628 -106803.663496
136.432244 135.965320 3.512861 6.282601 -106767.194070
138.380868 131.452546 3.466778 5.392184 -106797.208874
135.772469 134.130867 4.141957 5.440060 -106707.802533
134.647188 134.024674 4.589083 3.755325 -106727.482566
135.622398 136.710585 3.459146 3.802167 -106813.298208
137.181327 134.598473 5.015134 3.807980 -106710.726016
134.124665 136.716188 6.140280 3.847849 -106770.358120
135.299033 133.884325 3.372754 4.554000 -106748.688141
137.832565 131.351690 5.416445 4.244200 -106779.588445
137.017410 136.740412 4.787089 3.203887 -106807.091470
135.364592 133.652636 3.452533 6.818688 -106776.005026
139.368394 134.403924 6.275735 3.385113 -106801.513310
136.588160 131.238065 4.331197 6.466155 -106801.761209
133.923862 134.634059 5.017989 5.611449 -106759.061830
138.314390 133.419562 6.206168 3.927512 -106726.988885
139.768286 134.717333 4.511188 4.939933 -106781.900214
137.451604 133.134001 3.420887 7.203831 -106792.996463
135.883003 136.830782 4.239314 4.074151 -106770.017657
134.567732 135.358291 11.014332 2.555912 -106764.239308
135.823406 135.275299 3.606632 6.223184 -106753.890048
134.159118 133.738674 6.771376 5.219992 -106771.345632
133.442644 134.931673 4.596170 3.480096 -106781.844473
134.125175 131.099865 4.382369 4.853555 -106790.329528
136.171755 134.303093 2.622986 5.126332 -106783.382521
135.826128 133.309960 2.505838 4.734651 -106804.619753
138.083766 131.427067 3.610068 5.239721 -106789.338501
139.712402 133.367649 3.135983 5.540791 -106806.480837
136.328342 132.085785 3.245843 5.902657 -106765.145556
136.398195 137.631632 4.774903 3.996547 -106796.927263
136.528328 132.448573 5.161817 5.918499 -106753.522608
135.413044 135.931862 4.904931 4.827160 -106711.753009
136.561273 134.355321 7.615600 2.763594 -106737.194996
138.325711 131.570409 2.955345 6.501772 -106808.419423
