46.317980 154.440162 2.162558 4.003146 -101124.192231
47.607330 157.115448 2.992663 4.820709 -101139.456049
45.104554 155.237396 4.806280 2.308139 -101159.263752
47.643718 155.564114 3.488306 5.571670 -101157.162293
46.036927 157.401766 1.796447 6.874158 -101137.685560
50.717815 159.649166 1.366838 2.836224 -101165.596454
42.683328 155.190866 1.393953 4.025025 -101155.315685
44.665525 155.424016 2.397045 2.940499 -101148.920425
47.532765 156.161831 1.801034 4.536532 -101123.941770
42.914060 152.794520 1.812492 2.183229 -101165.052114
49.747909 156.158433 1.862428 2.869203 -101142.743477
48.341892 161.655607 1.542662 4.091823 -101165.462787
45.352111 156.784483 2.812458 4.001057 -101144.838475
43.416529 150.735312 2.330082 2.397830 -101159.942646
47.326721 155.637824 6.224398 2.419392 -101166.129018
44.445853 152.613582 1.353455 3.383701 -101148.272843
43.648783 155.589780 2.762382 3.091856 -101159.577208
49.737629 158.227672 2.795233 4.797248 -101148.495209
45.959765 153.799396 5.889753 2.266268 -101159.070254
45.401605 151.338436 3.540029 4.490460 -101154.135565
47.360265 159.444086 3.061915 3.296917 -101163.860706
51.634348 160.956091 1.234922 4.970253 -101159.763252
48.638513 155.356378 1.520411 3.746913 -101131.063527
