3.076227 129.041065 3.837092 3.523014 -109037.755440
5.816855 123.628754 4.871079 8.444112 -108951.618667
6.651942 126.746176 7.624738 5.805091 -108724.787890
8.363806 132.568605 3.888502 8.141226 -108970.526403
4.735669 134.086468 2.497655 5.287214 -109152.656425
5.371590 130.205100 9.345126 7.229723 -108857.127212
2.267224 127.846311 10.752366 5.728773 -108426.860534
6.645081 135.405950 7.950733 5.384648 -109149.136026
2.026976 123.007073 5.381373 6.606334 -108864.807445
7.621045 131.898262 4.565252 7.750138 -108876.413127
2.227451 126.616234 2.123067 6.548158 -109071.526027
1.641250 126.608540 6.589614 5.129439 -108632.567159
3.023765 129.271773 8.523098 4.766956 -108447.513909
8.489223 129.662238 7.631204 7.197450 -109047.704560
5.174693 128.227599 10.977610 2.608381 -108864.278214
1.832563 122.176313 4.585017 6.248977 -108997.695401
0.895331 138.072908 4.274735 8.078817 -109089.497438
7.917580 125.313725 2.279008 8.860883 -109083.421333
8.792780 133.688225 5.525026 6.727558 -109062.564791
5.881587 121.893182 3.040158 5.864874 -109176.212048
10.810265 128.492673 4.518998 6.078814 -109143.877421
3.249083 121.626401 6.584074 4.527852 -109138.626905
2.602371 134.238693 7.073663 3.728521 -109052.981739
4.469215 125.381501 6.879250 4.503680 -108755.457003
3.555991 124.116787 4.515324 5.462286 -108900.867300
9.879206 126.321120 3.042814 7.148248 -109106.277349
7.287432 128.572178 5.031189 7.172183 -108773.822968
3.287227 135.161391 7.531784 4.634458 -109012.130320
8.988038 130.167876 9.230094 4.955100 -109078.181834
0.223270 129.694358 4.677942 7.555065 -108652.188797
8.257327 132.488315 4.264337 5.941833 -108990.815341
4.706397 134.546240 8.756155 6.825307 -109039.583250
3.755805 134.526588 5.571906 3.399944 -109169.340916
0.794657 126.574007 4.691448 8.097525 -108664.810329
5.248517 136.328634 6.682026 6.141563 -109101.871024
4.016926 122.076972 5.806804 5.533197 -109025.181377
4.280461 130.142429 5.612104 4.349719 -108727.771654
4.531271 129.718988 2.486048 5.621646 -109016.262125
2.573207 129.571362 2.237761 4.391734 -109161.212971
2.389587 124.366121 1.904040 7.771066 -109119.668320
1.032832 130.514454 6.715590 6.017907 -108533.107803
6.937124 125.144298 2.545631 6.617178 -109071.266792
6.241425 127.661599 7.009317 6.758080 -108680.962019
4.343922 126.406220 2.609389 6.865660 -108963.375368
10.078317 126.042514 4.961432 7.665895 -109115.623409
2.777852 127.947234 5.387764 4.527121 -108729.535599
8.005920 135.091102 5.754295 6.083729 -109110.226630
3.254081 121.412530 7.137160 6.310405 -109089.558718
1.537721 121.051068 4.704461 6.389974 -109080.779124
3.180768 132.014741 7.251300 2.603148 -109083.605953
4.139828 121.382418 3.360619 7.386383 -109087.130694
5.593008 128.372228 8.077455 3.909578 -108665.507937
8.102591 134.315185 5.353103 5.167292 -109099.306599
2.440556 131.374044 5.653332 3.907928 -108869.426387
1.062868 131.607992 6.964477 5.213288 -108649.515481
9.439303 130.459316 5.732761 4.725216 -109085.221762
6.103455 124.842834 4.665533 5.653159 -108890.573418
2.620240 131.536175 4.578492 3.000354 -109124.413555
5.526523 123.716774 6.017555 9.421409 -109124.601962
6.829051 132.820156 7.412622 5.547045 -108851.890767
3.745836 122.975572 2.729188 5.443875 -109148.838335
10.179376 130.392828 5.132023 5.062884 -109148.800579
3.800487 121.724560 4.620489 7.604231 -109004.637514
1.605320 124.700501 3.994853 5.581039 -108932.714747
1.971270 132.517666 7.802259 3.766166 -108868.345400
1.437387 131.236309 7.708406 8.795179 -108665.135459
1.672379 122.027800 7.111226 8.617921 -109043.553347
8.629290 128.608858 3.912352 5.461974 -109006.369956
3.594567 132.433793 5.135319 4.377787 -108879.608350
4.463716 127.916245 2.651238 4.473023 -109078.510528
5.531014 130.911789 7.406065 3.638990 -108797.323863
7.247751 132.407729 6.607290 5.658875 -108849.760022
8.247605 132.580637 6.827709 4.423548 -109048.563000
6.597713 128.067799 3.976218 8.825878 -108828.805108
7.085583 134.191309 6.656774 3.590633 -109174.902812
2.585192 126.325957 4.490300 5.923470 -108745.932194
8.382733 126.493274 4.560981 3.871465 -109158.647039
6.161435 135.479142 3.482197 7.452644 -109029.756519
3.574339 124.974721 8.761075 6.038312 -108683.898103
2.746692 128.396636 4.198635 3.724993 -108975.249828
0.554332 124.689178 2.792598 8.427546 -108963.475694
0.187811 132.227361 8.007558 5.293638 -108675.016832
1.264355 135.659210 4.673681 4.657083 -109160.807707
2.038992 120.042272 5.374050 6.737877 -109155.819130
4.286919 135.850915 3.694500 8.313849 -108978.350925
7.868247 132.456731 7.518129 7.499394 -109112.045994
3.699056 133.413260 4.906231 3.385311 -109123.818418
0.439296 129.385398 1.500851 8.089264 -109167.193442
2.178749 124.213978 8.549333 5.765739 -108723.165609
3.791538 136.882145 5.289129 5.954349 -109098.338179
2.580596 132.899498 4.858145 5.477554 -108819.507812
6.655184 122.297347 4.424107 9.475243 -109133.230101
0.103909 125.169905 4.099395 7.714849 -108804.791431
3.036115 131.412941 9.182543 4.886190 -108526.865998
2.281014 134.968435 5.943024 6.600101 -108847.877915
1.668204 131.022961 2.720740 6.886943 -108950.370658
2.903739 122.926366 5.880681 6.785209 -108862.690167
4.839102 126.607407 9.771800 7.579766 -109037.184112
8.264869 124.013841 3.906787 5.691855 -109109.785741
5.988460 122.245262 5.998766 7.936884 -109132.811465
3.162485 129.749302 7.819450 5.793818 -108432.503850
2.016665 137.164940 4.370061 6.520178 -109098.419467
1.564083 124.962252 4.889742 5.451995 -108840.626450
2.601415 134.238906 3.292893 6.577544 -108978.247162
3.807585 133.203342 4.068627 5.815337 -108878.501496
5.162352 130.405860 6.497188 2.845512 -108999.600364
6.465957 133.033664 4.094688 7.743333 -108871.884845
1.960717 124.319351 5.813971 4.405158 -108934.308552
3.367508 121.932469 5.124004 4.594443 -109127.214952
6.680978 123.667313 6.472740 5.608622 -108980.012532
5.317062 136.859791 4.490292 7.350186 -109074.018389
4.422161 133.573925 5.260622 6.683667 -108775.718760
6.561702 130.578039 6.664283 6.580122 -108696.819201
3.160580 126.220170 4.006400 4.573400 -108928.187772
4.007736 122.629201 4.371384 4.380193 -109130.718090
1.935245 131.476992 6.793792 6.013136 -108551.003466
5.404218 131.799219 3.210473 4.663930 -109035.139743
2.095639 130.216543 4.008055 3.171228 -109114.759847
6.141080 127.301639 2.193485 7.645897 -109027.298698
2.167911 125.768084 5.694013 3.542235 -108982.999991
5.728866 130.887684 6.847170 5.135598 -108642.115367
4.673374 129.753716 9.032237 3.744422 -108601.713153
2.429193 125.502955 7.855949 4.816614 -108655.933500
2.006711 126.255732 8.162745 9.023775 -108844.793881
3.027611 126.948911 6.900400 9.218097 -108779.115262
7.753161 127.258572 2.232061 9.010330 -109048.463333
2.627586 130.773674 2.825317 5.327182 -109003.995408
4.426695 128.048847 3.937193 5.572776 -108789.850794
1.864049 129.320426 3.367816 7.100881 -108805.998967
9.282707 126.432884 6.765368 5.652713 -109060.154050
2.095318 130.659702 3.432429 5.652227 -108893.154966
1.018123 125.495126 7.922110 5.151590 -108657.355543
4.597139 125.913896 4.427022 7.696144 -108744.438895
5.065806 125.918798 4.714059 6.717035 -108738.784897
2.774452 129.116025 5.594332 7.022066 -108532.808073
3.176543 128.887046 7.163637 2.946293 -108869.326858
2.612647 131.687332 5.747454 5.371227 -108674.029797
5.793198 125.383665 5.073247 3.621261 -109051.456343
2.451556 130.546745 7.778616 7.988858 -108582.630090
2.875041 128.936071 2.317300 7.232435 -108978.157910
5.709822 131.969190 9.050340 2.400353 -109148.902437
4.335369 128.020137 6.611932 3.508169 -108786.995634
0.289734 129.682993 4.359848 4.556849 -108958.318080
0.096688 129.378852 8.815522 9.760800 -108835.522355
6.603019 127.680491 7.847388 6.831647 -108773.390863
4.536880 130.424815 1.986910 4.924690 -109157.901429
2.907394 121.264033 5.361841 7.287394 -109030.623770
7.917125 126.350441 8.029297 4.068503 -108993.794732
1.514755 132.015431 4.169413 6.852070 -108768.298780
1.929635 130.775735 8.361309 6.653982 -108461.888716
3.385093 123.436006 2.017074 6.343445 -109174.193611
