175.713512 177.553179 3.293570 6.476746 -104814.598873
171.412734 176.246038 4.624788 4.594577 -104859.315903
172.198384 179.527621 3.264471 7.040472 -104749.457208
173.448016 177.049618 3.768313 5.167226 -104851.738240
168.314807 174.440674 2.474384 8.222537 -104778.336582
172.529023 177.256004 6.168306 5.560281 -104802.234884
173.098148 182.710370 4.427386 7.520361 -104830.867322
174.487831 173.528410 5.357916 7.622215 -104832.820328
173.190228 173.615774 5.859250 5.059647 -104871.838268
169.805247 171.711492 4.523324 8.381046 -104823.142103
165.787575 176.969712 4.918522 5.185780 -104873.335116
174.735859 171.567609 3.917094 6.519390 -104849.518540
168.784102 173.959599 2.473064 7.163308 -104812.410263
174.360628 179.773550 4.398488 6.081515 -104806.780065
176.899784 171.309329 1.918374 9.317259 -104867.205959
171.109201 179.651412 2.518322 9.651228 -104730.400042
175.242272 173.918465 3.152082 6.111533 -104853.240583
171.601795 177.766453 4.742321 5.840892 -104753.822546
169.180193 178.900161 4.016782 4.527608 -104886.327680
169.957158 178.389737 2.228976 5.973579 -104877.353496
166.516279 175.055860 4.660847 6.304654 -104814.244360
174.996465 175.829038 5.544565 5.316596 -104863.932969
170.671726 179.407216 3.026012 6.442082 -104790.378039
172.220632 169.243745 2.859081 7.376995 -104873.056664
169.824037 169.385009 3.356008 7.435328 -104865.762023
171.557942 172.468465 2.999560 6.120200 -104839.118710
167.701504 171.817993 3.164257 5.792644 -104886.828927
173.316982 180.077177 3.963350 5.799219 -104816.917998
175.493324 180.119076 3.167867 6.731792 -104825.309958
175.445724 175.788906 1.535136 8.289139 -104880.131143
177.791466 175.453196 3.397256 6.461034 -104872.448636
168.921363 178.116097 2.301468 9.540686 -104750.589817
170.178138 177.976176 2.977166 6.883477 -104757.844800
172.029893 181.397045 3.300170 7.910043 -104756.148991
171.260448 175.812012 3.325166 6.623452 -104746.274321
169.498106 184.559399 3.503772 8.303821 -104868.250568
168.436048 179.451220 5.101242 8.499839 -104836.759062
173.539617 179.946254 3.960501 5.008829 -104879.488413
179.869832 179.294919 3.121386 8.910291 -104883.415302
172.912413 175.196935 6.108195 6.013831 -104800.195370
170.839015 177.717175 6.495382 7.512138 -104856.925864
170.965179 173.505191 5.864263 4.595016 -104875.190063
176.326816 173.132859 3.354693 6.401735 -104864.618674
169.634635 175.927155 4.214877 6.420420 -104729.677959
167.495557 174.642076 5.040229 6.550252 -104791.937009
173.122690 176.183485 4.080875 5.097900 -104844.296866
173.637606 173.320668 6.196054 5.390127 -104882.237206
166.899201 174.001193 6.196268 5.797397 -104883.719007
172.511977 174.689006 3.493955 6.149838 -104783.711633
168.264805 175.856720 2.966194 6.796068 -104781.949215
173.627387 174.319294 4.360837 6.755033 -104751.615759
170.001066 181.488755 4.479484 5.327203 -104853.749672
167.614838 178.736971 4.076994 5.825972 -104807.012545
168.349897 180.655378 3.421132 6.911792 -104791.678392
171.830974 172.076860 5.945030 6.427015 -104859.038081
166.234583 173.744556 4.264433 7.284401 -104828.301514
168.471981 176.287811 3.854940 6.067284 -104771.220659
168.988969 174.321722 2.385171 7.185481 -104812.923149
174.171647 180.680989 2.576982 7.287161 -104817.759734
171.773025 174.744837 2.218582 7.485987 -104801.836964
