127.537165 100.014028 4.187168 6.067055 -106945.118564
127.720062 94.021299 6.877390 7.792848 -106983.197898
127.754469 103.111984 5.118443 6.721977 -106998.934239
126.547668 99.002675 7.117903 7.686187 -106847.246994
130.009226 95.339144 3.485356 6.057852 -107066.416931
130.415521 95.048468 5.279629 7.712991 -106871.864770
125.310081 96.906660 4.367487 5.553684 -107017.212040
132.702523 99.565218 5.015381 8.963768 -107016.162982
132.669936 96.996364 5.237661 9.108435 -107019.236830
131.547563 97.755001 5.424120 9.627289 -107024.034485
126.159828 92.773809 3.556011 8.312461 -107035.430992
131.282453 94.793597 4.626514 6.214214 -106996.709388
130.435428 96.921176 4.908945 5.894384 -106908.168723
127.349028 94.986314 5.100615 5.319947 -107000.184379
131.620479 98.184272 4.117073 9.665989 -106941.945622
131.969414 94.994408 5.883709 7.946920 -106983.772869
129.119867 94.437833 7.504858 5.583231 -106932.030974
123.878885 96.684674 7.419498 7.357397 -107017.577952
124.163843 95.026621 5.101158 6.231059 -107013.129678
128.191972 97.691638 8.849927 6.820092 -106873.086083
130.217144 98.681277 7.953002 7.341784 -106925.694972
129.105316 98.669582 6.040015 8.860060 -106891.078493
129.282739 99.580024 6.538458 7.393349 -106802.113826
127.001791 103.468171 5.554506 6.848600 -107022.325966
123.018592 95.557494 6.481150 8.008841 -107095.058216
125.589353 96.757871 5.195544 8.521849 -106840.279043
130.490953 97.789927 3.573345 6.116846 -107022.616266
130.654995 95.824862 5.766259 4.799838 -107021.442393
132.533196 94.280789 3.790674 8.994936 -107034.080327
124.240317 99.424554 3.638459 7.327847 -106979.303144
125.934765 96.608604 8.001340 6.683988 -106864.748755
127.581075 93.955158 5.648861 7.882391 -106906.721580
129.806426 95.060264 3.995206 6.980054 -106940.414475
124.827496 97.366506 5.094141 9.725761 -106951.090172
128.031768 98.418746 8.022829 7.268812 -106849.461055
126.028238 97.717347 7.623424 7.195661 -106846.346764
126.068647 93.306091 6.518422 7.569247 -107034.225583
122.882558 100.248013 6.580259 5.789460 -107052.619807
124.065823 95.357781 7.569765 5.539148 -107051.211718
127.989245 94.155518 2.537089 9.259348 -107055.940725
127.120533 100.664716 4.231964 9.134281 -106878.004323
126.217456 95.632929 6.849090 6.944126 -106843.446081
124.641044 98.774627 3.439310 8.011661 -106949.744300
123.774976 96.703527 2.900511 7.958554 -107057.385559
131.283831 98.278646 5.128597 9.102607 -106923.587027
130.478228 101.371995 7.240032 7.003105 -106985.347541
124.417020 96.719565 6.684740 6.615906 -106889.719583
130.130063 100.466617 3.661983 5.999807 -107057.075622
124.331063 94.527033 4.736629 6.778921 -107003.880123
124.670549 98.264931 4.917926 5.476426 -106990.734955
125.777466 99.659587 4.034591 8.161099 -106868.006374
128.843802 97.199501 4.045898 5.029363 -107065.727021
127.114079 101.272294 5.606719 4.617230 -107066.983288
124.216230 100.154127 4.563737 7.397970 -106921.069749
124.891657 94.740655 3.689503 6.327354 -107082.845313
123.409050 97.580601 2.828061 9.503499 -107025.056393
122.771913 100.196781 5.319168 6.807074 -107011.048142
124.027623 94.054168 3.946255 7.656968 -107033.657647
126.094000 102.503475 6.921123 5.392376 -107032.373917
134.157746 96.193115 4.468438 7.183375 -107074.551448
127.860294 98.302431 5.325140 4.221569 -107070.503486
124.032583 100.062597 5.653403 6.247749 -106939.209531
132.898642 96.249373 4.740346 8.198071 -106973.066446
129.906367 102.438521 5.161311 5.492369 -107083.839924
128.774203 99.689382 4.326809 5.332127 -107008.988581
123.562569 101.503323 4.851967 5.879140 -107081.571689
129.000720 100.771872 3.644232 7.859746 -106926.871443
126.160865 97.121957 3.838939 7.032202 -106908.013809
131.391033 99.581718 3.999191 6.555486 -106989.921440
123.784175 96.476259 5.067967 5.885100 -107011.457413
131.462802 93.602872 5.890709 8.403697 -107075.893234
129.725780 96.318905 6.955622 5.601596 -106829.942098
127.777784 99.919911 11.723018 3.764280 -107064.930714
124.676649 98.843598 8.440137 6.600480 -106955.547071
127.353975 98.794084 3.791907 6.588855 -106924.349150
131.070244 93.384631 4.930788 8.857534 -107026.828928
127.834281 101.415214 3.788333 6.518619 -107000.102963
124.217028 95.682552 4.899981 5.580265 -107057.711517
124.917456 102.057129 7.826235 5.878842 -107043.470305
133.404776 96.116570 5.932326 5.698140 -107064.163611
