168.174098 149.645875 2.956087 3.220245 -102193.885914
163.180984 151.423231 2.400384 7.056741 -102216.038234
167.461136 148.854045 6.807968 2.574830 -102211.618779
168.367469 150.439419 4.367612 4.503906 -102160.068493
165.204755 156.545193 2.739912 4.359938 -102216.060323
165.731106 151.740841 4.258965 5.911137 -102198.528401
166.470133 151.343458 2.198789 6.251183 -102172.167432
165.971990 152.463440 2.486110 4.034045 -102161.151047
166.677914 153.232966 2.709865 3.339528 -102175.195163
168.877280 152.082783 3.930587 3.256825 -102168.232690
164.879746 153.981238 3.523888 2.598126 -102205.281074
165.889140 152.050438 5.405368 5.395352 -102217.773935
163.951206 154.063989 4.600294 3.840861 -102177.487325
167.627845 155.044974 5.095787 4.304030 -102194.698508
165.455301 151.621365 4.691189 4.541914 -102135.060427
165.931880 154.605626 5.706330 2.230539 -102208.942612
167.654917 149.006056 2.631748 5.482099 -102182.222239
166.033391 155.705094 5.155029 3.994636 -102205.928300
164.699213 153.421163 3.394657 6.359407 -102204.578280
167.570628 151.460605 4.510164 4.065063 -102127.985279
165.173069 153.171168 4.802899 4.939596 -102167.727607
164.624610 151.912896 6.063782 3.450056 -102140.226177
168.015600 156.453332 1.992228 5.338624 -102217.579477
164.058615 155.992243 3.379093 4.534371 -102214.851990
170.588283 152.313467 3.684247 4.637234 -102208.163971
162.451134 151.863257 3.862007 3.528139 -102199.530617
163.652458 150.869686 5.193476 2.619131 -102192.790591
166.407400 154.656954 3.383532 5.578028 -102178.490478
163.497147 153.733451 3.160196 3.861967 -102186.580064
168.347250 148.972300 3.890357 5.589601 -102212.231504
166.499468 150.279341 4.308189 2.837253 -102161.090474
167.415614 155.497514 1.639650 7.530407 -102217.792519
168.041464 149.008334 5.265569 4.215407 -102199.099326
169.173842 149.621168 3.717722 3.065374 -102202.963719
162.144735 151.245255 2.629864 4.951787 -102206.439358
167.554576 149.525298 3.782509 3.913964 -102160.795611
168.832616 150.627412 4.234039 3.349724 -102168.128042
166.156700 154.475463 3.090858 2.499060 -102217.517104
165.484239 153.420305 1.333487 5.306563 -102207.277225
166.232248 155.452457 2.461379 6.029437 -102194.330685
165.522550 154.182486 4.077028 2.594858 -102194.160549
167.166394 149.783572 2.777613 4.463843 -102164.023686
170.015873 152.358446 2.304032 3.817034 -102212.506983
166.030188 149.480944 2.952515 2.995679 -102197.324495
165.554687 151.370004 4.781277 2.095263 -102193.712103
165.393189 155.001724 2.011606 5.925901 -102193.611710
163.349841 148.966057 3.321482 4.973177 -102208.992961
166.351979 153.982957 2.860763 2.440935 -102217.185839
166.115844 151.417583 4.537581 3.266603 -102126.792137
165.820145 155.066283 2.947928 3.637447 -102189.675075
170.946009 153.006554 3.368946 4.402304 -102220.234419
167.277704 154.026353 4.938280 4.253467 -102154.933801
168.852966 153.955363 5.053778 2.450136 -102209.431511
165.415163 152.610490 4.355314 2.063809 -102202.565574
164.767729 151.577036 1.094192 5.809380 -102219.693941
165.384139 152.478081 4.338842 4.315281 -102128.119831
166.920466 148.088769 2.491557 6.801991 -102215.096661
165.628399 149.531169 2.078076 5.812906 -102184.808723
166.984491 150.628201 5.107364 1.911969 -102205.522494
167.901158 155.235852 1.412381 7.269051 -102218.553662
163.605852 153.871386 4.290639 4.682918 -102189.648307
167.490069 154.485306 1.911639 5.003664 -102191.153027
167.235506 150.075994 2.705600 3.192292 -102187.626594
168.015375 151.570225 3.062836 3.455861 -102164.153553
167.643537 156.022811 4.786699 3.976460 -102216.420324
169.065763 147.867803 2.283945 4.877340 -102217.283032
166.133325 154.288379 1.781359 4.850313 -102192.817518
167.928646 149.596911 3.036678 3.163081 -102192.060346
163.180789 154.315818 3.453085 4.019329 -102198.165360
166.841476 156.096082 1.916666 4.571897 -102214.669021
164.250246 151.056902 4.077736 4.832900 -102161.340899
168.929038 154.536807 2.173834 3.882767 -102211.823027
165.532530 155.617000 2.814526 5.532554 -102193.438927
170.178753 153.744749 2.787951 5.301737 -102202.262311
163.325371 154.895533 2.342245 4.731730 -102207.189839
