186.097458 195.579853 4.101851 7.624396 -111229.979460
180.283379 185.771067 5.105187 7.724355 -111199.419756
187.994864 196.189714 6.780116 7.683010 -111032.922348
183.947811 180.756098 7.140169 6.443676 -111224.527980
180.118223 190.207730 6.243801 8.851433 -111219.364846
185.862045 176.669634 7.114229 6.774168 -111675.621626
188.210064 187.024514 2.972110 7.229457 -111056.069697
198.558357 183.797914 6.560747 4.758551 -111604.727859
197.709266 193.907028 4.207619 9.028071 -111123.193533
190.703158 176.715802 6.578488 4.633994 -111667.900959
181.365584 187.386270 6.717094 4.684642 -111516.635900
182.802081 179.742300 4.239672 7.330459 -111370.935841
198.761947 191.560213 4.117848 7.349221 -111337.146260
189.618269 198.468517 5.640252 8.763733 -111090.960687
181.055944 192.996952 3.669324 9.292549 -111210.069921
196.921023 184.869507 11.324176 6.269026 -111098.022891
185.727871 189.780403 6.546662 8.658649 -110533.717392
181.949244 182.547136 4.230525 6.265313 -111387.534578
179.990712 186.209645 4.932389 9.244940 -111128.188364
189.032715 187.647112 3.907718 8.785079 -110645.341683
188.140080 190.606905 3.876340 7.141680 -110939.784666
186.605759 185.248055 10.493996 8.267938 -110899.345160
192.715461 180.178046 4.207047 6.893588 -111180.735350
195.497184 177.671957 4.290481 6.780423 -111529.754040
186.501987 180.200887 7.490586 6.905027 -111041.229879
192.273674 192.696778 4.302156 6.167358 -111174.291293
180.156722 186.132551 3.724608 8.483659 -111219.896102
191.402493 193.180732 3.257804 9.910130 -110920.832517
184.690448 185.420645 5.842098 9.320541 -110620.326760
194.586018 186.361439 3.337376 8.354250 -110976.472376
192.256823 193.089862 11.323855 5.423630 -111169.651304
178.118626 191.882729 3.525654 9.379499 -111414.707865
192.997708 180.989026 3.219939 8.511176 -111114.524785
181.950353 195.443073 6.585755 6.564506 -111547.447314
186.001761 182.892297 2.705743 8.633388 -111123.781505
197.120688 176.422911 3.667237 7.570405 -111640.128151
186.039315 189.159932 4.398519 9.577703 -110611.859028
194.867432 188.273401 4.112718 6.487570 -111092.923760
197.297773 180.655255 7.681489 6.571721 -111312.720948
192.428070 187.182588 1.342961 6.693686 -111645.013526
188.266100 178.142615 3.236309 5.984277 -111536.522462
188.814661 183.219355 5.619645 5.614735 -110908.948568
189.482456 186.174800 5.518725 6.637610 -110594.480386
185.634519 192.183631 4.893637 3.758529 -111658.053961
193.918232 188.265169 5.788259 4.846439 -111144.159669
197.196356 188.753230 8.821835 7.065145 -110830.496142
199.239964 197.107398 7.332299 7.273220 -111478.888087
190.798738 187.552042 6.255161 7.791241 -110359.643160
198.185831 184.999068 5.307511 5.278810 -111489.015091
184.142360 184.933709 7.111691 3.184448 -111640.817915
180.625041 189.740783 3.462509 6.103386 -111539.606518
182.134102 191.161229 3.793043 6.737539 -111348.877031
183.701306 191.597824 1.763835 7.457664 -111576.264893
179.911001 186.935911 4.846617 5.436193 -111562.824063
183.378432 184.143158 3.500530 6.307658 -111308.566286
191.259147 188.305468 7.658439 6.045155 -110525.220120
189.542240 184.443117 2.580851 4.478886 -111594.072617
182.709237 189.290964 4.771988 5.916141 -111271.566090
182.106627 180.558982 6.891621 6.974191 -111410.232880
194.960397 181.949200 5.489118 8.821758 -110785.452738
190.732562 185.629775 5.724376 8.387233 -110389.575106
194.695472 181.168108 6.596451 8.725602 -110822.165541
184.922340 177.665370 4.485478 7.918345 -111386.038178
182.772835 185.908236 7.684638 3.983889 -111514.686677
185.377535 187.091254 1.910153 7.091884 -111449.310538
192.429367 179.658267 8.921025 6.166826 -111201.946547
185.106403 183.012157 5.478963 6.532606 -110941.491959
195.838695 188.265352 5.097928 5.098246 -111304.896556
179.324562 193.145375 6.412559 6.261483 -111702.667080
198.829157 191.119133 5.400674 8.556387 -110983.266205
190.773238 187.439508 8.035519 8.333338 -110279.894729
199.416752 182.676569 3.229122 6.641669 -111609.485020
196.668330 186.247870 7.234232 3.598092 -111616.628643
192.818238 188.303752 4.471568 6.064756 -110982.222443
186.049995 190.264326 4.749544 6.147904 -111024.312419
192.166129 191.652862 6.268122 4.993309 -111110.705368
189.767732 181.861809 4.718060 6.837407 -110903.693236
183.422746 192.088244 1.779761 6.999598 -111635.246649
186.162665 186.393995 6.039980 4.929883 -111049.773768
188.910926 196.859907 7.011666 7.534902 -111100.172969
179.916417 180.412771 3.216588 6.338154 -111695.671493
192.926695 183.390267 7.946365 5.862340 -110784.123522
194.033509 179.781870 5.207147 5.232019 -111443.236596
189.364121 189.111192 4.042898 6.086901 -111003.772744
188.179524 190.623953 11.398042 2.781826 -111553.008670
183.183226 195.801333 5.613164 8.449827 -111182.855050
197.262206 179.686643 9.735024 5.779792 -111635.684802
186.366751 190.223114 5.746656 8.689219 -110534.693872
197.715451 187.537520 3.793415 7.080464 -111261.737015
185.163124 184.879552 6.529422 3.250450 -111584.124249
197.724226 191.946340 3.333387 8.695221 -111227.502901
188.546794 182.864196 7.241547 7.090857 -110566.898812
193.152716 180.931114 7.758807 7.948125 -110859.579632
179.337046 190.506808 6.485175 6.961287 -111499.678913
176.544022 191.350516 4.145336 7.663477 -111682.464559
180.835604 182.787254 6.188975 7.384050 -111296.936495
194.468414 192.610950 6.387019 6.125346 -111070.561399
188.531249 188.397406 4.139655 6.553611 -110887.269188
187.223882 186.761591 4.614236 4.924955 -111173.449402
193.959666 188.509377 4.102820 7.279203 -110915.205796
193.116474 192.387220 5.216549 9.159838 -110632.840257
181.431635 182.233927 3.291909 6.058227 -111558.939983
185.635825 191.651983 10.209429 5.843590 -111090.884844
196.006089 193.760386 2.983567 5.715737 -111630.314440
188.318370 179.222910 2.857682 7.169126 -111382.748577
190.839016 176.372755 4.905340 7.526523 -111442.982838
186.875819 177.392434 3.126479 8.946739 -111356.831850
187.367351 186.038687 2.325534 4.373693 -111662.773007
190.165275 179.650218 6.171316 3.846913 -111516.232261
177.966494 186.589657 6.597940 7.918724 -111589.340940
193.040126 191.981620 2.761378 7.764587 -111235.929839
189.210399 187.823922 6.626933 7.335776 -110367.454202
195.484497 197.178778 6.553803 6.030238 -111531.255136
191.598205 181.565372 5.712349 6.605267 -110883.713736
191.143995 190.772090 5.096904 3.515922 -111526.695766
181.958083 182.525400 8.326144 7.616161 -111358.549920
189.167678 177.402812 9.056045 5.769300 -111597.109033
185.200135 186.260257 6.816341 3.446548 -111498.129621
183.346952 181.194629 3.648292 8.076974 -111202.562110
181.316579 184.855036 4.830692 7.518336 -111135.690281
182.387490 181.875637 2.704547 8.267246 -111353.500984
190.394042 190.709818 3.154690 7.101969 -111104.557297
184.022060 190.167098 7.686977 7.103438 -110861.603529
188.703739 184.232471 8.833533 2.868757 -111492.850693
179.724242 180.648811 3.996006 7.462393 -111540.810045
188.894675 184.116640 6.095403 3.203292 -111516.545559
186.526816 187.653152 3.764175 4.067717 -111531.341903
190.372711 188.332931 5.556420 4.850692 -111026.428048
195.931452 193.737441 3.607742 8.779893 -111144.694599
194.735630 193.577501 7.277956 8.121045 -110801.457886
191.124486 182.088355 4.856181 4.816736 -111271.604942
184.483221 184.802955 9.294625 9.431561 -111269.359693
185.328720 189.161332 9.224528 5.189097 -110968.308390
183.648736 184.203681 2.377315 5.381935 -111623.839051
193.648941 188.206664 4.448734 4.002311 -111482.178181
196.316683 188.245042 7.761925 3.601386 -111542.533577
199.820157 189.404793 4.163920 5.968174 -111575.674847
190.195348 186.144719 5.314322 3.626305 -111421.561808
187.147006 183.928434 5.927461 8.998155 -110513.681361
184.446160 184.936148 6.321026 3.707158 -111510.399444
188.028575 179.335549 3.704683 5.543809 -111452.971998
187.155498 176.339773 5.811039 9.042073 -111501.391847
193.078220 195.197096 7.673587 8.080476 -110886.847756
179.081463 186.675374 3.346967 6.315317 -111593.518285
191.029617 177.742581 3.980282 6.799026 -111399.221392
196.464790 198.808658 9.677257 9.151485 -111194.960963
192.414591 182.386502 7.440135 5.337722 -110967.383105
196.863760 189.141166 6.025584 5.280368 -111287.275339
182.159301 190.781824 3.761364 7.072067 -111285.773084
184.811689 191.047309 4.734347 6.512910 -111078.146555
196.733544 184.539931 5.005645 6.358527 -111177.318915
186.821604 187.326130 3.173499 7.092980 -111053.134787
193.210114 186.713721 6.970344 4.211099 -111179.561889
192.257125 183.189754 6.495935 5.842719 -110842.981493
194.052499 190.872259 4.285567 5.162836 -111327.510519
186.447926 187.545775 4.972201 3.667103 -111504.612779
188.182818 191.134591 2.998193 9.196509 -110945.473179
185.859265 187.984122 2.434240 8.288928 -111163.176479
182.771223 193.451783 5.195744 9.056013 -111005.429196
185.966544 182.236821 2.221926 5.161060 -111648.735993
191.640224 192.998891 6.232398 6.396809 -110928.962518
198.305922 195.990275 5.006455 7.894410 -111356.907173
189.916745 178.624206 7.019531 4.109246 -111515.055446
180.258831 193.803785 3.288075 6.609224 -111644.124556
186.076382 183.538498 8.033973 8.287515 -110680.788113
179.630104 189.995375 7.983396 7.810158 -111551.938363
181.152864 185.465806 5.569973 5.477695 -111415.467802
189.788237 177.502553 5.195542 6.897189 -111337.467359
185.188849 199.354657 5.853480 6.671075 -111593.367318
180.201370 182.100845 6.501266 7.861197 -111438.942720
180.463089 179.743939 6.176760 7.865215 -111605.707531
180.392310 185.233457 3.898863 8.504208 -111193.036207
185.986582 178.956682 4.711961 6.125780 -111369.687834
190.207413 180.344662 5.882894 7.729916 -110856.539505
183.979537 182.915023 6.698181 7.636869 -110882.338024
183.024815 192.222767 7.617533 4.259953 -111635.910889
196.037890 183.573706 6.959536 8.133976 -110719.687250
186.602743 184.693225 9.251422 7.661961 -110597.471577
197.843786 189.992354 7.722978 7.835882 -110816.343970
184.637146 194.949833 3.139145 6.442890 -111537.619672
178.399922 187.071251 6.419577 5.898616 -111654.627243
182.514532 189.461141 5.027448 4.670919 -111526.033815
183.313505 194.238114 5.800583 9.592204 -110953.599667
196.027635 186.287845 5.975988 4.545661 -111388.007411
185.253806 194.897746 4.897474 7.994963 -111075.319008
190.365739 181.734022 6.647395 5.587016 -110933.084656
191.778575 188.232041 4.211389 5.943198 -111008.654894
186.284163 194.392666 2.969248 8.536318 -111215.618123
199.395148 187.355820 5.756210 6.509279 -111282.056152
192.734630 189.387479 4.581796 3.152816 -111653.991382
183.605113 182.157528 4.086562 7.200769 -111164.518340
185.869499 184.535510 4.189150 7.503814 -110848.028249
185.881697 196.994767 3.550022 6.826016 -111521.609988
199.754115 183.350099 6.397181 7.029671 -111263.705155
193.716265 187.457053 6.797927 5.795478 -110788.589245
190.366319 190.648947 3.053645 5.631543 -111343.077106
189.509572 188.395710 6.376871 4.339851 -111090.916249
184.257386 180.848878 7.232722 8.587730 -111145.805851
189.791867 185.218789 1.891900 5.174844 -111622.300471
195.364589 181.254291 7.840650 5.573330 -111268.987066
195.096601 179.869262 3.316398 7.387731 -111371.966744
190.634627 182.536941 7.272929 6.257697 -110696.812858
189.692759 188.611616 6.596037 7.290069 -110395.707219
185.972485 188.450591 4.490080 4.244673 -111435.928807
196.854257 183.377239 7.017428 4.968973 -111408.320190
190.827152 198.850741 4.540584 9.212415 -111157.697456
197.705660 190.572315 6.018723 5.723611 -111313.894909
183.646204 184.376315 5.285162 4.786165 -111374.984510
182.724041 181.674848 3.997747 5.794621 -111468.505366
196.758067 184.840501 4.091226 6.663457 -111233.839671
179.781357 183.532550 6.456251 6.541383 -111480.763599
188.229579 187.665763 6.113712 4.552380 -111062.129571
187.961948 182.553344 1.758248 9.611348 -111337.751782
190.491818 188.730061 4.575457 4.792497 -111188.482712
182.754008 185.756028 2.601955 7.519700 -111327.697235
192.600203 176.953973 8.127563 5.713219 -111659.831676
191.595672 190.748368 4.204422 5.961358 -111088.669581
195.442465 189.925954 8.350303 7.786105 -110620.637742
192.256822 182.594384 3.660273 4.549160 -111492.844628
185.136685 196.813286 5.527037 6.473712 -111453.546705
195.099948 174.563085 4.512381 8.782503 -111622.523141
191.745419 181.079800 8.096826 7.770425 -110811.640588
186.804622 197.204999 4.812349 5.709554 -111591.869608
192.535696 194.170846 1.994391 6.316598 -111645.701839
187.054112 195.078557 6.880904 7.305663 -111016.730294
186.259055 193.122501 9.031160 5.241294 -111257.989124
185.527559 192.684928 8.743434 8.343260 -110906.961343
193.671181 187.602138 11.144855 8.948552 -110856.177159
195.658421 186.631330 6.535338 4.328957 -111369.226539
186.488375 190.753514 3.230883 5.013246 -111482.885913
181.339338 187.619385 6.880288 5.091673 -111439.036085
179.928995 196.346672 6.165890 7.949657 -111583.907590
181.010719 182.940746 5.698414 6.841654 -111308.350792
190.032356 184.999034 3.840939 9.063357 -110670.750770
188.849667 180.950319 4.778395 5.409121 -111212.817730
191.181818 178.371219 5.393812 6.337719 -111292.222022
197.312634 188.114722 3.444649 6.465896 -111384.933978
183.830638 189.520056 5.044790 3.948797 -111596.632734
193.393685 186.358948 9.259880 6.797369 -110495.545339
187.938357 192.248091 6.657487 6.900891 -110752.409188
192.350962 191.290222 8.998224 4.434323 -111087.003575
187.993389 181.128042 4.203706 5.253676 -111316.101917
192.486126 189.755358 4.026873 4.105762 -111484.991077
184.054243 186.776592 3.028351 5.197158 -111506.334163
186.218470 189.993047 6.291158 7.035393 -110665.409851
189.366084 183.069009 8.423775 6.164050 -110604.704255
195.148624 182.543075 4.452029 7.935489 -110964.813536
194.035571 192.612994 5.740740 3.873021 -111532.192236
184.115455 184.216153 5.577409 7.526142 -110815.208905
190.705062 195.266565 5.566115 5.096502 -111438.110243
191.055953 182.474503 3.922243 5.978594 -111149.609442
186.030250 185.914763 2.413889 4.702398 -111623.417184
194.759851 179.449899 5.041715 5.598725 -111462.704306
188.680698 178.346556 8.926859 6.411504 -111397.691856
178.615143 179.668324 2.969567 8.030554 -111665.712227
187.233238 194.531725 7.626184 6.052384 -111173.936940
190.775018 182.895794 2.770472 7.757659 -111140.674559
195.755257 193.845993 3.999473 6.449151 -111398.033189
180.655757 194.493156 2.016312 8.687875 -111604.256560
182.284987 185.492593 3.342911 4.625659 -111654.893530
191.099090 189.682442 7.051442 7.385610 -110423.145184
185.395406 183.451025 3.795363 5.632014 -111284.324469
194.310810 184.888584 4.836352 4.494821 -111396.469105
186.578732 193.912089 5.364985 7.311934 -110990.972393
180.193359 183.973657 7.040507 5.278900 -111585.290915
187.469094 185.728157 6.722001 3.200298 -111477.478297
182.728351 178.687008 2.874937 7.374994 -111565.327689
183.434937 185.821405 6.459678 4.426850 -111379.909474
181.745224 182.835263 6.321549 5.680508 -111390.296017
183.116755 183.257514 7.641746 3.780251 -111599.210238
188.761828 192.920963 11.190031 6.795105 -111030.176062
198.839711 184.805590 7.575080 5.968203 -111287.890778
189.447816 187.696531 6.196946 9.571378 -110306.026222
190.136379 181.490084 7.651292 4.464536 -111155.214649
195.938004 187.167761 5.049318 8.316987 -110734.576218
196.926482 177.543001 6.669639 8.162948 -111438.382898
192.615027 177.474600 4.673217 5.158651 -111610.383704
181.991400 182.773568 4.325257 7.564542 -111189.927055
186.203631 184.767847 6.477485 4.116434 -111272.247817
196.438341 192.212863 5.269599 7.834457 -110978.284000
188.009062 193.644206 11.193694 9.530355 -111437.323312
183.092428 186.432527 3.062490 5.333199 -111525.597591
188.051214 179.628604 4.956616 7.290199 -111060.403891
191.031141 190.834629 3.335472 4.839778 -111440.583522
183.111402 192.139607 5.937414 8.878179 -110902.150458
196.465339 181.873456 5.481320 5.706381 -111368.723620
185.079789 195.869572 5.425950 8.198643 -111098.797343
181.644354 195.047134 8.666298 6.585525 -111703.708700
197.522530 184.915187 6.560605 5.187011 -111375.502395
193.701946 181.489933 6.237558 6.732865 -110945.917140
181.652675 178.417200 4.587584 6.692722 -111627.024658
191.383646 183.500081 5.516858 9.755999 -110494.387755
193.554521 195.596394 2.207264 7.665489 -111556.808848
187.513188 192.201756 5.403991 7.359654 -110790.719655
196.096859 193.956483 4.125070 5.507960 -111547.896676
191.383742 180.636929 9.281591 3.792616 -111394.874148
184.498080 188.728177 4.133914 5.915489 -111196.043401
181.121451 183.040782 3.576180 7.966486 -111283.404140
192.550713 182.251394 5.166884 6.293528 -110977.754741
192.431457 183.001471 11.650176 5.350615 -110943.292980
178.628486 181.796946 4.963703 9.261845 -111490.867782
189.426065 181.668211 6.264286 9.441825 -110664.050414
198.620485 184.473983 3.511357 7.707462 -111319.859757
189.018507 179.236403 5.611073 5.943773 -111212.156779
194.806479 196.265321 5.762731 7.440268 -111211.223291
196.457011 195.697323 3.975931 7.946481 -111337.302243
187.464571 192.488723 6.554073 5.673765 -111043.865198
188.074192 184.101917 5.343773 7.281292 -110616.729499
188.028602 197.504278 7.095936 5.263842 -111611.549830
190.675197 176.040607 6.113898 6.563489 -111592.961850
183.089745 191.168486 2.748271 6.400748 -111494.334520
186.982199 187.606187 4.475705 5.598908 -111047.966938
182.982515 184.617196 6.722906 9.429902 -110917.821851
192.967998 198.944114 5.642980 8.153638 -111263.269538
193.715934 195.838412 6.721409 5.689098 -111398.571937
183.487234 187.038489 5.669167 6.041110 -111045.898445
187.875329 193.913727 8.257352 5.479925 -111187.052713
197.756887 183.058676 9.213487 7.729703 -110978.701952
188.642120 177.634554 5.767277 8.992288 -111230.122178
187.362544 185.930866 3.361126 7.183326 -110980.041918
180.603993 181.825518 5.581104 7.707824 -111351.694494
183.926497 181.111193 3.657401 4.530458 -111664.351735
191.711040 189.062860 8.082281 3.530791 -111277.748507
188.515119 179.084879 3.799391 5.265084 -111493.646256
180.130362 185.824061 5.284202 6.665732 -111338.933348
193.111330 183.090938 3.415374 4.140456 -111619.854750
188.213445 183.967711 7.417805 4.120452 -111137.870774
196.103092 188.866206 3.063887 6.966662 -111311.085933
191.592338 177.996756 5.947732 7.983278 -111195.068039
179.174040 180.816824 2.593968 6.976714 -111705.425793
191.503896 183.235104 7.126984 7.830352 -110499.315578
189.385471 195.037470 8.053799 4.491614 -111488.576186
192.686659 196.995032 5.911200 6.104079 -111423.363959
190.588987 189.504494 3.498436 5.472806 -111244.918973
194.559527 187.104906 2.793053 6.228380 -111369.485333
179.540321 193.356110 2.622849 8.468078 -111536.671028
193.631358 197.614168 2.824863 7.462396 -111574.123349
193.537403 196.867217 9.895122 7.730190 -111232.285374
193.958923 184.079980 2.390384 6.655685 -111416.789488
181.688522 199.372622 4.454531 9.737298 -111384.617718
182.616163 191.074971 4.615119 9.339588 -110908.028931
191.057390 183.808063 5.327935 5.004673 -111082.231786
191.855149 189.962027 5.009080 5.584369 -111006.376609
184.804944 194.531191 3.763323 9.326029 -111042.896592
192.378464 197.018368 8.230386 6.336983 -111353.709065
190.984764 188.967295 6.535890 8.868110 -110311.081058
193.426933 178.293771 9.152435 4.696273 -111628.351017
183.406434 192.847143 2.223043 9.651875 -111319.337388
192.102679 186.260434 4.873135 6.175774 -110847.518084
195.601493 183.619424 7.838452 4.396964 -111395.936016
179.547059 184.401239 3.689028 8.142374 -111342.330676
186.312351 188.801591 1.384393 6.295022 -111675.519690
187.663472 195.736025 4.015844 5.447662 -111562.477939
196.466351 198.141972 6.624737 9.154632 -111110.067973
181.859257 186.444779 3.797558 4.949358 -111573.807073
197.200754 179.443159 3.936859 5.441375 -111698.383663
187.249992 197.570159 7.786327 7.332229 -111259.737842
182.700909 179.756958 2.632844 6.154992 -111663.994071
180.222939 184.546070 4.758740 9.117801 -111149.487759
196.959526 195.507844 5.797762 7.775825 -111205.704743
196.142492 182.843450 5.531916 7.937795 -110888.996210
192.121331 190.889128 7.413621 5.086652 -110946.543204
189.579127 198.721473 6.756746 9.889774 -110922.179503
188.239210 195.557179 3.966475 4.936640 -111629.282500
193.461561 183.127098 6.832436 7.583219 -110631.318231
189.740939 185.313419 4.823142 7.245982 -110634.121865
192.285994 178.077400 4.563062 7.083999 -111313.591179
180.432513 181.195046 5.691658 6.632864 -111518.557474
184.574750 180.583061 3.650114 5.930629 -111438.122615
186.493376 177.071155 4.404855 7.909707 -111390.934906
186.485702 183.039683 7.989703 5.973744 -110781.927063
193.871646 194.781220 7.067289 7.386251 -110988.955598
198.021183 194.417460 6.481298 5.554467 -111551.644747
179.704755 180.010153 2.208701 7.919907 -111672.998384
195.574125 198.235246 5.827237 5.600172 -111692.571776
184.073628 187.405257 5.794426 9.150611 -110639.294278
181.677147 179.055140 3.398349 6.106300 -111683.269790
192.922606 186.092640 4.869734 5.908903 -110947.907718
188.742268 188.342209 4.643090 4.559010 -111241.125506
186.941306 186.564921 4.398496 4.653981 -111284.525234
193.084584 190.249182 3.397925 8.659287 -110913.277591
190.251901 191.712417 2.307417 9.606248 -111145.030724
195.802353 197.796908 7.179428 7.489150 -111327.723516
196.200296 198.721467 5.709896 6.459604 -111620.257895
187.914242 179.780952 5.467983 4.789889 -111381.531728
182.279648 185.180304 5.496660 5.690032 -111268.349693
198.392520 181.639269 6.096749 5.326391 -111583.632293
187.728374 189.327005 3.046589 7.157917 -111089.669076
196.047068 182.416555 7.952225 6.147247 -111109.511717
183.024733 182.617755 2.871177 6.217819 -111490.966344
187.794128 187.020256 5.826052 2.740787 -111661.410427
186.707435 191.348324 10.060481 8.313030 -110895.462781
179.371330 191.830693 5.299356 7.780343 -111412.800470
191.911633 177.689755 4.859287 5.779606 -111482.569442
181.353272 183.169008 6.410664 5.134178 -111507.671935
183.021751 186.788881 5.330498 5.065275 -111329.966408
181.173171 183.458975 5.654781 7.966472 -111152.369772
186.150445 188.989209 4.949324 8.137252 -110624.837474
188.372988 184.867124 6.474840 3.442441 -111404.803459
188.205274 178.748639 6.635203 5.831802 -111271.053700
186.719988 177.471566 1.936443 6.786191 -111707.069662
182.658899 179.667331 7.301225 4.803295 -111694.962481
189.391328 183.797889 6.133005 5.709420 -110786.530055
194.277668 187.545037 8.908872 7.229291 -110513.454904
189.485151 178.461005 4.465776 8.350778 -111125.053482
191.227668 182.225469 4.308918 7.210862 -110912.723370
182.582235 190.378933 5.941625 4.527796 -111539.598145
192.729883 192.453862 5.414087 2.984157 -111706.355736
182.774868 176.439889 4.078395 7.486155 -111670.437878
197.462665 184.017749 1.386161 9.547025 -111607.852031
182.491056 178.170552 5.591775 7.134978 -111571.162940
179.496005 180.202379 5.459242 6.811889 -111670.012970
192.450680 190.870733 3.886552 6.393092 -111103.358278
192.173533 189.672518 5.920389 5.357691 -110939.774355
194.391590 176.249616 3.931438 7.816524 -111524.722356
187.169771 189.875408 6.825765 4.775381 -111055.533931
185.064516 193.635535 5.017174 6.665673 -111189.701462
197.518873 176.816403 4.096909 8.307125 -111523.603866
190.404641 182.408130 5.704728 6.573244 -110778.308587
189.401087 187.014486 7.828475 5.851248 -110498.915651
196.736403 185.524535 7.790426 5.200703 -111221.131008
196.552757 192.383216 4.956719 7.948137 -111014.680124
187.588686 182.725415 9.149857 9.857066 -111231.719049
193.037472 180.650511 4.939537 4.038376 -111578.097580
190.835088 186.445155 8.091721 6.395549 -110399.316665
191.997379 189.142623 4.372853 8.699140 -110616.160015
184.842790 178.356964 5.166582 5.017053 -111623.645136
185.019722 188.839098 4.042344 7.058623 -110978.079539
181.962122 190.221629 2.422352 6.816654 -111527.552694
190.624709 193.725094 4.208772 6.942176 -111106.124625
181.806120 185.115359 1.509240 8.280574 -111593.619566
186.668365 187.900745 1.969376 6.731533 -111442.432201
185.469553 178.375163 3.500845 8.919698 -111271.626313
194.832130 189.422572 5.746328 3.887331 -111463.217624
190.078162 178.268218 4.375317 9.844843 -111072.484084
181.583951 183.140571 8.874418 4.625272 -111614.434456
181.120294 186.012804 5.670546 5.084510 -111483.643351
196.557617 175.703084 3.202133 7.763933 -111680.957646
194.820983 181.709833 7.018979 8.475250 -110785.052583
196.225883 185.956820 5.987731 3.323155 -111694.976226
190.571650 196.755415 4.505979 4.670963 -111695.824605
190.896490 192.242438 8.198124 6.100479 -110800.274636
185.203550 187.499574 1.479022 7.194051 -111581.448931
186.768140 184.259345 5.507252 5.648904 -110933.425612
184.040668 185.076326 5.219796 4.420673 -111423.198629
185.667599 189.616233 4.455942 5.046259 -111295.473468
188.247278 189.664037 4.128685 6.172597 -111006.729210
183.414348 180.250318 8.010820 5.998322 -111436.405034
194.649004 191.022597 6.575228 5.919718 -110991.819060
195.063678 179.262896 5.007379 4.574766 -111658.252821
182.921141 185.382362 2.118136 6.029560 -111604.955030
188.950452 183.702536 4.811430 8.736558 -110573.063255
183.214451 181.705509 7.837914 6.297789 -111244.001439
189.327233 190.970619 2.450872 5.256522 -111537.586205
189.385091 197.790474 9.664021 7.021460 -111365.168553
188.778633 182.773341 6.155580 5.040469 -111017.222677
184.528018 187.397467 7.225539 4.347912 -111268.106907
182.192793 186.986472 8.719306 6.764667 -111120.144278
193.026595 194.377337 4.703868 6.438189 -111231.504092
185.826284 189.533802 5.723513 6.411885 -110827.890395
187.424183 184.221097 5.845936 7.047062 -110602.620906
187.041906 191.356921 4.800075 4.973965 -111289.029291
192.896903 178.343085 6.461714 6.430815 -111321.790452
184.751212 183.516485 8.849010 4.357875 -111267.432726
184.146468 184.601928 7.102520 6.142065 -110911.851826
187.248400 197.434950 3.456442 6.176578 -111624.133982
195.118138 193.625707 7.699614 3.649918 -111620.559651
184.154076 178.477999 5.321149 6.091084 -111505.999331
190.361952 181.305489 2.213087 6.538695 -111474.884609
186.644125 181.403723 3.307194 4.489849 -111593.886610
193.232784 193.175513 3.733312 7.256373 -111162.555823
193.927998 186.143855 4.309734 5.432503 -111197.876032
187.880722 179.912468 6.015754 8.558118 -110917.392286
182.287858 180.812844 5.653557 9.245860 -111214.299352
197.662345 196.537973 2.575273 7.795506 -111647.788014
192.133086 197.332862 9.166609 7.647999 -111196.102742
180.474225 190.889048 7.233188 6.756873 -111429.161281
188.021827 178.117155 3.896493 4.608652 -111654.194180
184.484184 179.150479 4.722076 6.654491 -111363.254269
192.933815 183.945020 11.163594 4.857240 -110966.478430
191.913281 180.422469 3.452885 8.795965 -111053.351839
182.155631 192.370607 2.804587 6.515908 -111556.863251
186.706196 181.695363 5.562438 7.486527 -110816.447641
189.360198 176.980623 2.348962 6.856224 -111640.728383
187.014581 178.305483 7.028123 4.569096 -111546.709012
187.570222 197.015605 6.016838 8.704295 -110988.801807
199.717000 189.416095 7.190921 5.738715 -111405.680506
194.363002 186.162419 10.118186 4.433905 -111108.219272
192.261194 188.224291 5.983419 8.430832 -110389.055949
192.613106 177.156846 6.922743 4.378719 -111695.697261
189.869314 190.801924 5.662059 8.053782 -110521.346039
197.399796 179.531753 5.526041 8.138286 -111226.972502
186.196373 182.959447 7.026916 5.786663 -110882.157403
189.210634 188.074696 7.141948 4.938728 -110821.998540
184.113857 184.004546 6.398604 6.532224 -110908.163279
186.464293 178.230040 3.447428 4.922422 -111678.214571
185.501953 192.564453 6.623010 6.793002 -110951.818717
187.858862 190.538361 7.503817 5.652236 -110789.477910
187.546245 192.631351 5.245135 5.844647 -111121.038925
190.599135 187.876548 6.629670 5.385283 -110742.267955
194.992091 185.981383 4.946590 7.889175 -110744.115288
185.348906 182.975955 6.892884 4.898735 -111160.556669
195.506853 178.921927 2.371284 6.392293 -111688.180289
193.388279 182.339974 8.141919 9.372506 -110742.964498
193.133128 185.507580 5.591199 6.732294 -110706.612274
188.812014 196.437050 7.139713 6.923429 -111164.977269
180.655535 188.296768 4.313243 5.673618 -111502.961813
192.975197 186.987615 8.454443 5.068569 -110803.263197
186.324979 176.078683 5.418390 5.913723 -111693.209245
183.989631 193.790293 6.876577 4.840775 -111563.988339
182.477076 187.415255 1.474933 7.025842 -111669.214788
180.975424 185.169304 2.625937 8.675438 -111321.048157
183.979983 191.660222 4.879509 7.482660 -111000.840257
185.067626 199.933263 5.864172 7.019938 -111578.259946
188.749708 179.120663 4.856020 5.152656 -111404.454738
180.501796 194.167223 6.932775 7.810426 -111483.868742
183.913842 181.202548 5.345169 3.998359 -111650.524541
194.035191 192.001035 4.480113 5.265410 -111336.213724
191.239353 178.625623 7.451369 3.933782 -111556.254964
186.047199 185.055202 8.672698 2.709407 -111621.934024
192.739079 178.527078 3.591711 8.328251 -111247.532924
185.090369 190.220630 3.133507 5.008098 -111531.806041
191.176625 178.956214 2.085749 5.584230 -111704.205060
184.367268 186.655185 5.926363 7.056003 -110754.274308
192.401611 179.141182 6.491857 3.263181 -111705.936763
181.066623 179.958314 5.013037 5.988119 -111622.097668
185.164342 190.484975 4.166752 3.961162 -111621.332419
197.729156 190.522121 3.675081 5.850348 -111512.478442
197.166855 190.412368 3.720260 4.621598 -111654.736818
190.617257 198.960733 4.225719 9.828092 -111124.517048
189.211594 187.913409 5.011275 8.094428 -110489.474932
183.185506 179.900990 6.543990 7.549399 -111313.606574
186.139985 197.595138 3.895241 5.599833 -111705.168812
184.811716 186.440487 7.786172 6.642746 -110687.063944
188.285814 195.024159 2.997370 6.642516 -111446.904520
189.460466 184.390109 8.141963 8.436754 -110419.688495
186.617978 189.601207 4.525296 3.961807 -111502.985135
194.546788 177.199991 4.461759 6.687622 -111534.454546
186.551424 194.944314 1.707769 7.701349 -111619.213900
196.226985 182.763690 5.936974 6.057821 -111191.954139
187.031059 191.898395 4.533203 5.950868 -111146.944806
189.654767 182.731826 1.804632 6.927005 -111497.343490
183.987947 184.484169 4.715281 4.155052 -111540.417439
194.618506 175.866555 3.708802 8.687899 -111497.766951
188.788266 184.920774 5.789625 6.498922 -110619.090991
186.316422 185.276723 1.827564 6.349231 -111534.370142
192.782414 186.165521 7.003433 5.758330 -110713.310080
189.857348 193.873363 4.988057 8.947347 -110729.370784
186.475033 186.114645 10.007918 5.511064 -110684.295676
195.171577 191.198557 2.882558 8.043352 -111230.805348
187.139297 177.777958 1.350512 9.962172 -111629.791952
191.802321 175.894622 5.013007 6.931573 -111567.321725
179.528411 177.672539 3.426194 8.296224 -111695.309245
175.932479 184.301682 3.705196 9.305477 -111600.648609
192.931942 197.911847 3.493605 8.410723 -111364.797160
184.115883 190.843743 6.421729 4.384093 -111455.471217
185.939322 185.877921 6.000748 3.227948 -111569.303460
193.783235 187.077773 4.100955 5.722597 -111156.756952
192.009844 174.900675 4.160622 8.805309 -111538.187058
196.937044 194.114104 8.827578 5.725099 -111416.882284
188.000914 193.031406 4.674991 5.273839 -111318.441401
183.488525 192.661063 5.846588 8.323193 -110946.300599
190.905575 190.952776 4.722897 3.194206 -111644.605814
196.028599 190.007708 5.604992 6.111678 -111098.465107
188.304219 183.153544 4.824306 6.106636 -110929.870052
196.784022 187.705016 5.408114 5.831331 -111198.036058
190.915080 190.772147 4.450513 6.177100 -110994.051866
187.889849 193.886128 5.425550 4.418602 -111511.705615
189.648245 196.343174 6.687275 7.190622 -111102.573940
180.864389 178.450625 5.033205 7.848698 -111605.492168
185.211569 113.167458 3.942530 8.294811 -111430.561953
193.433388 180.962263 4.340125 7.434799 -111059.289234
176.060778 188.467016 5.226176 9.476654 -111656.409505
180.917027 189.904451 3.378094 7.153953 -111386.303262
191.516198 193.490045 6.955983 3.487322 -111567.304168
184.130389 188.345595 3.005627 5.749317 -111425.752139
191.072520 180.379908 3.929135 4.983487 -111444.720227
180.071433 185.615061 5.028669 5.144530 -111594.087308
187.341488 192.604927 4.864988 7.173192 -110922.828697
181.649841 187.036336 9.058588 8.467392 -111373.394455
193.485611 186.178938 4.897752 6.946301 -110782.413717
190.378381 186.664256 2.257640 4.678521 -111607.343620
188.275856 192.706444 5.420351 6.610447 -110935.036530
186.790898 188.754940 5.300233 5.407221 -111008.061947
188.011280 189.327042 2.188046 5.750601 -111499.117332
177.702028 182.530942 3.187148 7.131795 -111676.154822
194.323674 196.228221 3.172920 6.050206 -111630.258301
188.243064 184.443364 2.612949 4.580158 -111577.960964
195.394108 188.322989 7.165532 7.782298 -110573.294771
185.708096 197.821837 6.426508 7.620863 -111288.842464
192.275185 184.270252 8.152050 9.717439 -110560.460350
177.915514 189.232344 5.150742 7.045710 -111571.769394
186.083832 179.348058 3.251450 8.108947 -111261.722300
192.015101 185.156972 3.166739 3.920723 -111628.145201
191.016863 187.024070 9.480984 3.909104 -111036.163828
190.753133 179.762569 4.969084 4.777923 -111410.292843
185.776173 186.914156 4.853425 8.066878 -110635.156660
191.409713 188.320424 6.890952 3.954260 -111187.461314
192.859277 192.503092 5.322159 5.842035 -111113.798743
194.025760 180.256842 6.318822 7.153410 -111043.030683
194.196973 187.741308 8.512442 6.699081 -110571.967675
190.315393 179.494683 2.136056 5.489259 -111676.089917
193.363921 186.679747 4.902166 6.400796 -110865.437775
195.364201 197.057577 3.876622 7.689544 -111423.990385
189.338637 194.726954 3.640604 5.820734 -111443.399658
185.132170 191.968934 3.730968 8.278344 -110998.029941
183.144386 183.437614 8.759368 5.804948 -111189.373553
177.511225 190.196315 4.744741 7.550687 -111578.889444
191.011190 193.547446 3.606411 4.811278 -111534.597545
187.153087 193.408767 5.019113 6.658200 -111067.833907
180.289230 183.149547 5.078322 6.197431 -111471.200768
186.887025 189.232250 6.668694 6.203956 -110690.291210
190.215662 178.004054 3.488358 5.265494 -111598.238792
193.541709 182.762813 6.496013 5.663607 -111002.700531
187.968609 179.823671 6.293381 5.577569 -111183.956449
199.698103 190.015373 4.365251 6.842890 -111414.774058
186.980941 183.291610 7.878937 5.065388 -110921.739191
178.685227 186.574017 4.349777 8.396502 -111333.452322
195.889640 193.974438 4.811085 5.782387 -111436.401018
184.637718 187.488525 4.544551 6.122028 -111060.582008
195.911849 194.732549 3.668479 7.948386 -111294.657045
189.363686 190.059965 4.473455 7.263063 -110760.654122
183.005811 184.286438 7.517993 8.726533 -110982.298273
183.156286 185.656720 5.527310 4.855453 -111356.557709
190.727273 183.724358 2.381525 4.124806 -111702.841582
191.762788 189.122040 9.888450 2.283268 -111674.879407
188.826501 187.691379 5.416191 3.555716 -111434.957846
188.504152 179.551969 7.668667 5.456606 -111188.722904
197.144548 191.780948 7.336685 4.079494 -111586.176673
191.823188 185.078803 4.084698 8.226897 -110714.327376
182.695633 177.219475 2.097707 8.493190 -111658.716732
191.452817 182.800215 4.806912 6.345957 -110932.020465
192.317292 177.306056 4.687130 4.650947 -111677.445314
189.489207 196.407760 6.053077 9.460794 -110801.326318
183.460337 190.830098 4.811720 5.608125 -111331.940174
185.704573 191.607346 1.587062 7.018459 -111614.620340
183.826269 187.039349 4.882448 6.457873 -111012.102895
199.762774 182.013290 3.806310 9.806855 -111178.382137
190.050296 179.985972 1.685908 7.062532 -111610.613913
195.558041 194.101319 5.123056 4.046425 -111682.706692
178.036501 183.286719 5.622244 9.961425 -111578.110214
189.749509 195.694892 6.234180 4.370568 -111601.777622
196.016669 196.610189 6.385569 6.855245 -111371.978332
183.480529 186.132381 1.342140 7.101489 -111672.608103
188.639630 199.100687 6.681401 6.909154 -111424.823850
189.393521 190.775202 7.078934 5.870807 -110737.768531
179.275119 190.762412 1.855030 7.528046 -111692.949239
190.693148 192.772226 5.050624 3.320369 -111660.789193
186.122796 189.486529 2.331437 5.458821 -111549.186548
181.157339 195.685785 6.702732 7.309644 -111536.751198
195.730711 193.279258 5.658117 7.779375 -110971.920483
195.038851 192.310582 2.354035 7.629793 -111434.459753
184.487571 188.912485 6.825014 5.928644 -110933.755142
198.311548 183.152267 3.074802 7.085852 -111487.105793
184.736663 182.559290 2.928678 6.655606 -111341.218868
192.935255 190.184674 9.515689 4.782795 -110938.529765
198.195831 183.140467 5.172071 5.777557 -111458.469569
186.688680 183.151346 4.434232 7.536473 -110828.038816
198.830084 177.464619 6.817469 6.734726 -111685.741045
191.922428 179.933800 5.823273 8.516067 -110891.191148
186.432837 187.430957 5.911861 7.120106 -110572.999284
181.539752 182.338863 3.672591 7.184514 -111358.349398
189.002054 174.496751 3.028869 8.721209 -111611.800615
188.145636 181.282422 9.278101 5.167100 -111008.191204
192.365246 188.303476 4.524136 5.747688 -111015.424001
186.284906 175.539005 2.564267 8.732805 -111597.756041
190.525002 192.555077 5.186578 7.705226 -110756.645449
183.988613 179.157091 6.695010 5.664956 -111499.290637
182.200732 190.631413 6.095160 8.758330 -110942.652532
195.024817 186.894468 1.777436 6.361534 -111615.103774
192.593967 177.147284 5.430876 6.521904 -111463.253438
197.449861 180.831811 5.750289 5.460198 -111543.850765
182.117113 182.401798 1.529690 8.203289 -111624.092982
180.372933 194.561271 5.821421 7.819902 -111448.410627
183.306142 189.273039 6.778972 6.809112 -110932.110469
181.832862 186.174581 3.636665 4.453974 -111676.617221
186.202006 184.112518 8.873802 5.526829 -110792.373181
190.269848 185.394987 4.754591 6.531804 -110761.419420
192.904273 182.407994 8.427067 4.271425 -111242.781747
191.750421 192.334002 6.449691 8.923660 -110511.693737
191.214475 185.366911 5.836485 6.434642 -110631.935072
183.713471 184.646959 6.547125 3.466692 -111618.161623
188.457828 193.814965 5.333909 6.257681 -111109.042951
190.651409 186.849328 6.543436 2.635992 -111657.177235
180.675171 183.122650 3.709184 7.266519 -111378.639198
188.867766 188.559349 3.484187 6.121121 -111105.041344
187.961089 178.621020 5.177716 6.215674 -111292.928034
185.571017 192.796911 8.694324 3.540631 -111644.930903
184.673182 176.576318 4.383737 7.511368 -111557.208709
184.769787 189.687762 4.027733 9.169007 -110781.469584
183.778907 179.339046 5.381930 8.585961 -111229.867773
186.584490 187.011335 8.980489 7.467798 -110473.083467
199.165371 190.587252 9.695343 5.801748 -111336.184840
192.921767 182.769602 4.358306 7.044858 -110955.901169
179.004993 189.961223 6.358340 6.417136 -111575.128644
198.819706 195.488013 5.412606 6.511362 -111548.251568
180.849281 187.480527 7.102526 6.658174 -111252.560419
189.135943 182.605755 6.711776 8.263388 -110543.237022
196.512479 186.084554 5.672828 4.442162 -111478.518990
186.054074 190.772050 4.787956 4.043409 -111522.359324
186.725246 186.678685 6.901437 7.023748 -110477.652468
183.083226 188.706856 8.402353 7.199092 -110953.484483
188.756606 184.832539 2.302257 7.087705 -111282.574992
180.262808 192.843309 4.616508 6.603402 -111529.358566
192.371137 179.847406 5.889278 7.385201 -111000.157157
184.930213 181.208296 6.781075 3.555503 -111630.196885
180.223491 191.100093 5.037837 5.377520 -111628.697252
196.835641 199.490286 6.271819 7.094058 -111577.090266
192.071049 183.616795 3.019446 7.165173 -111142.590569
189.592904 187.802918 5.569829 2.947303 -111604.776500
191.094419 183.074044 4.914994 6.669451 -110832.524234
184.644088 179.457347 2.430090 5.855331 -111667.687074
189.582472 184.166044 3.971981 9.500122 -110649.438398
189.902410 180.509237 4.198463 5.608300 -111279.838344
192.244453 181.061277 7.025886 4.363725 -111319.631163
189.387649 199.389731 9.998506 8.143992 -111344.165088
185.009002 184.445399 4.352756 4.522715 -111434.486155
180.229196 186.215303 5.938913 4.554895 -111655.252840
188.340023 191.398418 4.019711 5.965673 -111151.085464
186.784744 192.365359 7.842307 5.042553 -111169.182242
181.572611 183.164134 6.870390 6.511116 -111276.822697
195.343223 183.065075 6.827045 6.521024 -110944.037431
185.790030 178.931219 7.079523 4.152328 -111615.965549
190.818739 187.203212 3.781111 5.399508 -111168.737769
192.222963 191.317789 4.061770 3.267280 -111694.817596
188.906461 193.831854 2.374864 5.273765 -111661.622756
181.795020 196.926128 3.041314 7.312670 -111646.426326
187.070026 186.760972 2.104309 7.519620 -111305.584969
178.246698 185.313695 5.047405 9.767604 -111371.555923
178.581216 184.387249 6.174186 6.409901 -111602.338163
180.796940 186.645404 4.112395 5.505643 -111522.567412
181.854073 181.282899 8.216366 6.787922 -111493.729858
183.998922 189.421694 4.213592 7.088823 -111032.419022
185.037697 199.317951 4.646327 7.359813 -111534.245271
190.342071 185.091640 8.589094 5.675518 -110540.495914
185.744516 191.247739 4.293512 7.783134 -110893.047227
180.847886 184.379439 6.026913 6.349443 -111320.897431
186.960669 189.924991 4.240838 6.328248 -111008.454535
178.021357 183.100094 4.958477 7.515627 -111571.207704
196.986630 188.050199 7.502420 5.904959 -111055.539135
183.198015 192.248826 3.611670 6.812461 -111340.991311
184.486614 191.786120 6.204977 7.660000 -110857.070416
187.544221 188.270275 6.328187 2.763230 -111642.471751
179.990618 180.082217 5.048524 5.998412 -111699.943626
182.550859 198.874831 8.706611 8.158794 -111612.564910
194.223301 190.181307 5.477851 3.792167 -111484.951186
199.593670 185.751164 3.885045 8.555818 -111194.718160
192.630946 199.672525 5.267051 7.949003 -111371.883492
181.954353 191.592250 3.930613 6.728473 -111366.580154
198.955507 180.902656 7.815191 8.740778 -111101.892076
188.291717 185.592300 6.300641 4.615226 -111022.473473
194.195246 174.229655 2.563768 9.675573 -111627.838444
189.276956 181.625126 1.949295 8.385258 -111370.503642
191.354201 182.464570 3.828112 6.647574 -111067.059802
193.198198 188.118267 8.609451 5.161115 -110797.573202
188.086820 186.013996 7.502175 5.960082 -110539.411047
188.596992 177.370043 7.235577 6.568567 -111442.032907
192.993923 186.242006 6.612552 5.394267 -110854.077317
185.727768 184.435551 5.440840 7.168535 -110721.809828
187.694304 183.434952 4.570769 7.437392 -110763.571504
192.566469 189.688024 4.938343 5.449850 -111061.750662
177.729018 185.320258 6.044602 8.560688 -111570.101797
189.919521 192.806777 6.774740 4.312576 -111318.557414
191.018587 195.365711 2.602283 9.416763 -111243.303953
198.067668 180.115054 3.681689 6.245197 -111625.155779
188.048741 181.591497 5.604322 4.697727 -111248.490471
182.213071 180.218711 8.004465 7.591124 -111569.304830
186.031279 196.702003 4.698006 6.599470 -111428.990742
181.701172 194.084570 5.178256 6.623104 -111462.286548
177.259977 186.610699 6.408804 7.085999 -111707.281332
179.968795 185.829233 5.380106 8.393000 -111185.392627
192.961129 189.627388 1.900943 7.958267 -111394.750810
187.493007 182.583943 2.147633 5.280453 -111608.719304
194.123663 180.094474 3.542677 6.809587 -111349.631358
185.939357 195.098700 3.668066 6.032526 -111501.556536
183.080353 192.417866 8.005417 4.024414 -111692.668525
187.593146 183.215296 3.090830 5.083340 -111437.645249
192.515151 192.135987 5.906675 6.565636 -110877.173973
185.040831 177.812441 3.496362 5.702728 -111652.024387
193.850753 194.548149 7.105388 7.139135 -111006.178975
182.817754 183.920640 4.772440 5.627944 -111320.919441
194.219039 185.226040 8.277772 8.314851 -110479.526766
188.622459 182.980093 8.477057 6.472497 -110592.403931
183.279534 186.007351 3.790729 6.356602 -111227.845840
188.650967 190.466401 5.463767 2.851690 -111688.325142
188.945148 183.609166 4.977098 6.418266 -110812.598353
190.266897 197.234424 4.832372 5.227497 -111623.611845
179.812015 193.820705 4.202091 7.366327 -111523.428718
187.815192 192.772414 5.176195 5.339237 -111238.651707
188.623142 183.437827 8.135261 4.563994 -110965.715304
183.404479 181.551607 6.177046 6.301864 -111210.692428
182.228161 177.719026 3.699680 7.692859 -111571.724258
