73.565712 68.502088 1.862567 5.265407 -102626.258667
75.901745 55.719533 2.893287 5.641348 -102551.109037
66.989381 62.208994 3.597577 3.831769 -102627.004271
77.026975 48.847623 2.203696 7.861298 -102615.834614
72.558410 55.948731 2.711367 5.831967 -102552.802550
68.701354 55.563359 3.029339 5.012338 -102611.586878
69.961675 62.026901 4.324758 2.879795 -102628.294125
72.291188 65.408455 3.553834 4.639378 -102607.534225
67.901169 58.308331 3.237394 5.048430 -102602.429339
72.239508 48.943100 2.107371 6.620075 -102627.039649
75.302803 53.673946 3.158432 2.878710 -102619.849449
78.238118 48.723974 2.282604 7.455072 -102627.900938
65.131611 65.662953 2.457240 5.546402 -102620.002486
72.642694 64.086950 2.770743 3.895795 -102605.692396
77.235654 63.821379 1.728381 5.837723 -102602.760142
70.036713 61.657594 3.595043 4.122983 -102592.584031
73.556586 59.911360 4.871665 3.585339 -102608.174766
70.088078 59.276783 2.882331 4.674768 -102581.101419
73.768472 57.818062 4.985447 2.653628 -102630.366000
70.761285 68.631891 1.812151 6.890624 -102598.728205
75.322571 53.215532 4.646048 3.339928 -102615.875458
80.424635 54.528144 1.480610 4.004444 -102622.899721
67.160680 56.435894 3.205603 7.245213 -102607.651233
76.328828 62.099219 2.015577 4.345957 -102613.999918
71.921214 54.451869 2.894682 6.385153 -102567.526987
79.788624 52.405030 1.641003 3.199941 -102628.688178
72.406676 55.746884 2.140438 5.510294 -102567.501333
70.587247 66.278657 3.139973 4.860077 -102604.750554
79.752864 61.477378 2.526622 7.043277 -102602.865571
72.321421 60.529459 4.991454 4.974223 -102608.051732
79.913113 46.666275 1.433752 9.063206 -102608.758070
74.522421 52.934466 3.811373 4.817460 -102605.730595
69.019379 61.285379 3.156554 4.652425 -102586.951764
68.724570 58.214435 2.586954 4.215859 -102611.433662
76.352903 54.789289 2.796077 6.458319 -102557.248208
65.909072 65.336063 1.136015 6.438404 -102612.255203
72.232441 59.729076 3.912876 4.468769 -102576.941967
70.904348 59.498047 3.911023 4.304838 -102589.674594
79.026067 55.196071 2.134131 4.359777 -102590.470145
73.205268 63.386720 4.740842 3.525510 -102625.194095
70.652268 66.077511 3.846880 3.417648 -102629.975953
74.519116 62.065981 3.891015 5.415546 -102586.124952
68.899607 57.715154 3.206594 6.586183 -102571.635638
70.666203 64.240888 2.887007 6.199181 -102566.299893
75.579417 54.018588 1.937611 4.341555 -102594.269173
79.993312 59.054283 3.004561 5.349114 -102612.543628
71.718008 65.451250 4.332047 4.021242 -102626.469653
71.190174 61.708394 2.650878 3.979796 -102593.825589
80.330129 53.221484 4.195243 2.046580 -102611.273593
65.934567 57.105530 3.195778 5.197216 -102630.766174
69.776980 58.519914 3.157374 6.324474 -102557.127551
74.156352 61.411950 2.522104 3.931792 -102599.874381
70.903496 68.965611 1.608811 6.651986 -102606.121517
71.979705 67.085803 3.017697 4.047141 -102626.910149
77.038274 56.477781 5.578004 2.393340 -102597.292873
76.845393 56.565925 7.465822 2.364338 -102616.828803
68.994634 60.671051 1.543314 4.673270 -102607.459012
68.446469 60.008182 4.264622 5.799590 -102619.729936
77.582964 55.539048 3.894705 5.972433 -102593.862339
80.619432 58.774238 2.739063 5.648704 -102613.832329
62.588889 59.539753 1.410540 7.339322 -102607.713985
79.909449 57.661995 2.205131 5.129390 -102598.798810
71.672327 64.452787 3.126350 5.278546 -102580.585850
74.083703 59.904351 3.688762 6.239766 -102556.920882
69.997375 60.137532 2.735133 4.762538 -102577.747846
76.568831 55.893253 6.941226 1.970001 -102611.935960
75.300401 53.744251 4.435738 3.642563 -102600.362748
73.394232 59.435004 3.908995 6.603095 -102568.738422
74.459769 61.127980 2.445597 5.804523 -102552.362183
69.349512 66.939431 2.623146 7.927952 -102594.097641
78.282695 55.060985 1.633436 4.813823 -102594.593578
66.150474 63.225080 2.531678 4.843842 -102611.601614
73.465664 50.484726 2.038702 7.185445 -102593.821045
78.201989 57.309711 4.084746 3.175957 -102597.232933
67.151127 64.484730 2.606277 4.067655 -102617.535025
77.941914 57.688371 3.130924 3.026524 -102609.771415
67.591610 60.882522 1.646696 4.387716 -102618.656429
68.245137 62.053718 1.282908 5.283359 -102607.223223
68.407614 62.323164 3.124445 3.779507 -102610.354248
73.041600 64.670115 3.410024 3.157545 -102627.512243
68.532060 65.955450 2.379669 4.469154 -102609.585157
79.106906 52.468275 3.011330 5.723269 -102607.352214
68.568029 55.903136 1.805462 5.621460 -102594.951996
70.005934 53.950889 2.842700 5.592525 -102601.321063
71.168033 63.757234 2.603904 4.989149 -102577.629844
74.252563 58.731926 4.050870 4.980592 -102565.311736
69.435288 62.928324 1.186434 4.558202 -102621.069328
76.710979 53.522670 1.612559 7.067858 -102570.444310
77.731756 53.078463 3.467868 2.405664 -102597.097783
70.139602 60.680439 1.640581 3.420835 -102630.195007
69.697672 65.687331 2.967184 3.999108 -102611.536790
71.519551 55.858992 2.141515 5.067503 -102583.563025
76.130772 58.683405 3.856960 3.614658 -102595.087723
79.487405 55.578904 3.522669 2.978680 -102588.224974
72.207753 62.364422 2.144162 7.781135 -102530.295936
74.237513 63.088149 1.650451 4.948224 -102599.512344
73.052707 52.234006 3.368661 5.965839 -102613.978004
77.253302 58.931695 4.027504 4.885144 -102590.594084
79.105437 52.665474 2.529990 4.459279 -102597.500230
70.225751 55.553509 2.094561 8.014804 -102542.078537
75.569175 51.860997 1.604829 8.530270 -102565.066640
73.183552 69.582589 2.112885 6.641946 -102620.244683
71.495037 59.000447 2.563018 6.962051 -102528.267128
69.616379 55.752211 1.425897 5.790488 -102595.790922
76.635180 57.035576 4.263690 4.713783 -102572.769099
65.895355 61.443348 1.670867 6.602403 -102585.213594
79.867283 58.911983 2.119999 7.136939 -102580.940387
74.447933 54.472865 2.390183 5.569496 -102563.886075
77.484338 53.339460 2.609452 4.350270 -102582.403436
65.660432 63.516376 1.935063 4.983337 -102616.056822
68.088725 66.656561 3.501557 4.590512 -102625.271512
67.028769 63.270324 3.525468 4.161071 -102620.652132
71.448119 58.101816 2.891980 3.678737 -102607.306333
70.996136 58.800324 4.413480 6.513723 -102612.294420
72.054871 56.391335 4.799531 4.559216 -102617.886365
75.757885 63.835648 1.506593 4.349966 -102628.332503
76.881096 50.772276 1.184373 7.242233 -102601.912598
69.084078 53.190735 2.859124 7.499185 -102604.939527
73.941288 58.631055 3.960164 5.906916 -102561.497418
77.295745 56.854463 4.230834 5.227123 -102584.239706
70.129206 56.384700 2.282921 5.106724 -102587.117019
78.311029 52.945696 1.678492 6.831809 -102583.478354
76.229711 57.221604 2.140587 5.853036 -102553.260022
78.849868 50.663298 2.279693 9.769354 -102609.135603
76.988754 57.265011 1.562474 6.545498 -102565.261604
72.311360 54.583501 3.179729 6.754063 -102570.810902
74.849237 60.137102 4.451934 4.413710 -102592.946124
76.558991 54.331991 3.800699 4.232544 -102570.067945
