69.519645 108.321874 5.660693 3.814899 -106319.971655
64.039282 102.918764 3.535034 7.656910 -105795.448522
62.663191 103.230144 8.206970 1.978602 -106239.765414
74.301146 106.070403 1.382530 9.244285 -106450.781034
71.730821 97.187955 2.429634 6.090368 -106524.783140
56.256489 102.253507 6.944668 4.872479 -106414.665206
58.848110 112.734150 5.613165 4.850404 -106570.849716
65.115079 104.951233 5.005370 8.270725 -105673.978858
73.579027 108.654534 4.431544 5.526108 -106556.260704
68.275523 114.614383 3.684449 4.907843 -106596.192085
65.130348 101.133628 4.486174 7.921641 -105781.754311
53.832487 107.547537 4.499553 6.805154 -106560.791460
70.213650 102.000302 3.008809 6.579268 -106202.214192
69.973266 110.480400 4.309283 4.149289 -106482.165397
60.236895 102.679206 4.683742 3.128107 -106251.136081
62.232197 95.128561 3.700310 4.075030 -106596.147852
71.140734 98.570921 2.863986 4.841521 -106539.628832
65.589924 100.155428 4.291846 6.081923 -105933.994662
66.130198 106.063773 3.811261 2.931330 -106252.498465
73.434557 103.945503 3.669215 5.596451 -106470.319221
66.751453 112.788842 4.561972 4.047880 -106518.780247
62.677943 97.858935 3.434079 5.708916 -106233.199332
71.546438 105.988507 2.527700 6.349365 -106328.006490
53.298095 104.783353 3.660061 5.392618 -106598.180251
57.581018 95.913952 3.921460 4.985718 -106608.212414
60.365496 103.925933 3.905941 3.529674 -106198.504733
69.864546 107.871899 3.790551 4.223343 -106351.139474
72.232319 104.837907 4.624312 4.840337 -106419.378262
68.512839 97.221199 2.855777 3.579870 -106601.670164
73.399979 106.384570 4.506852 7.439149 -106380.558791
63.209337 107.499488 4.835404 9.161276 -105858.317677
58.964531 105.266039 5.200077 6.461456 -105878.119990
65.095718 108.020651 1.204520 6.921834 -106359.417047
71.294208 111.137485 2.769056 7.413757 -106380.705904
58.720318 108.039939 1.624278 2.970548 -106594.010529
62.728186 103.270898 4.381388 4.899758 -105809.599359
61.276184 90.936107 3.119414 9.083539 -106525.458238
73.884381 103.939915 4.022291 7.006126 -106413.778261
59.450905 102.307638 6.568372 4.398266 -105984.407042
71.572285 108.329497 5.922631 4.854063 -106433.621536
54.846700 108.430595 3.981896 6.185662 -106486.166095
69.513655 107.260502 5.277826 3.358589 -106344.358898
65.709991 103.452335 2.972680 5.961768 -105969.705727
74.192254 103.196306 5.061062 8.565550 -106526.270488
67.570742 108.817143 3.191398 1.778258 -106607.224253
65.424854 107.321141 3.991067 5.279735 -105885.038305
70.500069 107.775110 5.591624 5.040072 -106247.530600
66.081614 104.120118 3.574105 3.654786 -106135.772124
64.673283 96.331467 6.742308 5.997071 -106353.695920
69.388657 111.803112 1.934383 4.463041 -106569.026686
75.337770 110.287167 2.718709 6.903007 -106591.174844
55.507783 99.769736 2.404957 5.824647 -106501.357284
60.607171 96.054208 5.133002 3.955215 -106598.966300
61.373398 102.142189 4.727175 6.216642 -105773.803220
62.970848 105.806530 2.643861 4.821058 -106101.506261
57.043518 107.075158 4.246395 2.979704 -106542.392412
59.423287 102.690957 8.625069 5.968677 -105888.245853
72.027150 113.389412 2.343462 5.636076 -106602.743053
58.507936 100.963897 3.921763 4.648151 -106280.010236
60.823615 112.445617 2.152587 3.881039 -106576.016359
65.139028 107.896054 3.087577 4.531643 -106132.296082
71.422910 104.368571 2.721278 6.138033 -106311.955815
58.103820 108.825834 2.158329 3.836565 -106524.993757
68.952783 102.408899 5.774219 4.601993 -106080.011297
66.156961 112.681889 3.172642 5.441037 -106385.845252
70.476313 107.364079 2.806750 3.139751 -106547.703579
67.055290 104.151250 3.519171 4.121254 -106119.424546
72.159728 101.649513 3.880643 4.187858 -106543.256518
66.802421 102.821025 4.336420 8.958011 -105825.811481
70.507259 105.835130 2.165351 4.500023 -106450.632277
63.001144 102.432028 5.460717 5.529698 -105642.863200
63.257834 100.069134 4.489328 5.156507 -105990.948824
67.987263 113.171268 3.364745 7.911228 -106319.014858
53.391641 106.983873 3.201038 5.623951 -106589.520204
71.864394 102.464599 2.901745 4.721046 -106478.462859
63.363152 111.477320 6.406021 8.706297 -106351.171789
77.404927 99.768271 1.596168 9.272850 -106557.300258
69.332230 109.754458 7.227588 4.244248 -106360.190064
66.182472 100.269234 7.687654 7.550997 -105998.507805
63.020144 96.025971 6.000153 4.757265 -106472.409177
69.085437 108.421028 2.217049 4.368539 -106435.330475
60.408997 99.452500 5.958859 4.107711 -106243.656915
58.890917 111.641426 2.162417 3.669648 -106594.386995
69.793071 97.646226 2.649033 6.502090 -106386.696538
72.123136 107.022284 6.473916 5.789355 -106409.195859
60.204248 108.798435 2.220146 2.770396 -106548.824679
73.448218 98.612981 3.117726 5.673036 -106581.245556
55.000277 108.002790 3.791555 4.219162 -106588.907663
56.020746 98.323735 3.263800 5.631463 -106513.521063
58.066911 101.729192 5.145410 3.446985 -106377.296586
64.487236 104.136035 6.466695 5.558945 -105446.093078
64.572535 110.962307 5.501455 2.522002 -106518.800590
59.042180 98.279158 2.881403 5.406485 -106394.419272
60.051677 99.168560 1.177859 8.302331 -106397.097126
55.588541 103.347295 3.314785 6.114324 -106359.600375
60.644010 96.885885 3.497532 3.261273 -106603.691824
60.491165 108.560690 2.816557 2.685898 -106506.644938
57.681077 106.495242 2.353734 4.910924 -106384.552473
66.847416 93.277385 5.156804 6.890757 -106582.631523
65.286602 101.366318 3.390758 2.818129 -106393.024560
64.746028 95.026291 2.374868 4.136145 -106598.237507
63.765273 99.417250 3.098400 3.982322 -106343.160007
69.387331 104.026863 4.168332 4.613242 -106171.507170
72.189839 95.710083 3.573168 6.673474 -106568.926823
63.944114 105.550060 4.570524 3.707264 -105932.331419
67.723910 103.483372 4.007963 5.283907 -105968.179782
59.689119 100.987509 4.459341 3.583670 -106307.126990
67.017667 104.646046 6.139222 4.674459 -105719.478389
60.010428 100.122003 5.694917 4.932261 -106093.120999
63.440886 109.083596 4.085265 5.810775 -105933.609081
53.387882 102.212310 3.531242 5.267481 -106606.120188
55.507380 98.425194 3.874623 4.937591 -106589.799251
61.886104 110.343871 4.526827 4.607896 -106182.297314
62.263502 111.135922 2.995870 2.976725 -106537.909467
70.572509 100.415576 5.361086 2.934332 -106598.696543
62.472533 99.766637 8.971302 1.453653 -106601.979538
64.364209 112.275808 5.262189 3.503089 -106493.568802
60.832628 104.101285 5.858725 3.322684 -106019.599870
64.674355 105.934156 4.177622 6.454072 -105706.355697
59.961302 101.017759 3.022552 2.830815 -106491.864904
63.054608 97.121148 3.610042 5.106964 -106342.546446
65.397386 99.790088 5.286400 2.108280 -106516.475266
58.767802 115.385452 2.173617 6.778800 -106576.523813
59.334667 110.661956 1.320073 3.670904 -106606.383560
63.078590 102.303310 5.459105 6.662739 -105614.918722
69.286617 98.345844 4.203331 4.385898 -106475.159030
57.679818 99.112456 5.470095 5.453984 -106366.369493
67.207400 94.371075 4.697328 5.991788 -106512.135374
59.971229 98.573612 5.437051 2.830811 -106541.098775
65.126236 100.125982 3.103609 4.722820 -106209.167538
74.427549 104.890260 1.900168 7.578483 -106461.986502
60.631091 108.701447 1.617151 4.694545 -106431.695867
61.111324 104.868971 3.837270 4.759231 -105956.340969
65.588753 95.749213 6.567109 4.226925 -106579.702528
69.032841 106.579245 2.771592 5.388643 -106222.241263
78.665486 99.434731 1.631090 9.209751 -106601.435494
63.197028 112.688645 4.821517 7.663972 -106229.735174
62.770114 106.172339 4.212857 3.755144 -106006.660663
62.069690 110.160838 9.060672 3.255408 -106243.352397
59.260458 103.949739 2.862001 6.138260 -106107.128447
62.504725 108.047512 6.134279 4.447477 -105798.729326
59.664833 99.602054 8.830839 4.164784 -106293.150479
63.671637 98.069925 7.395773 8.998520 -106503.629212
70.488880 107.394698 2.413923 2.916577 -106584.766080
60.159658 102.724942 4.395133 6.688663 -105847.019895
75.078149 100.750105 1.729220 8.877146 -106471.471168
71.210244 103.243173 5.444134 2.448070 -106599.908679
66.821034 102.246827 5.003452 5.985989 -105779.063416
57.895078 103.467654 6.643381 3.912945 -106217.733451
65.156350 98.806521 3.106626 7.124173 -106081.065239
74.214393 106.141916 5.798702 7.341896 -106608.483001
55.744947 102.369114 5.283915 7.552183 -106339.621576
67.368827 107.674596 11.784664 1.802854 -106376.632069
65.528247 111.044283 3.340839 5.245837 -106251.557737
70.403211 103.244577 3.772051 6.985870 -106095.275893
69.079181 102.018547 3.051136 6.350183 -106137.752140
70.042739 104.670901 2.620840 5.831171 -106253.446766
59.242651 101.612631 3.331543 2.894393 -106471.680295
64.594606 114.717028 2.628492 5.155443 -106550.552510
67.243047 115.767441 3.604604 5.453300 -106608.913833
57.920564 107.345005 1.818523 2.876215 -106603.122615
68.885804 96.430546 4.178405 4.539566 -106552.160018
72.733763 103.130900 3.668135 5.163803 -106461.884002
57.410522 104.094026 4.587968 7.076949 -106072.469977
64.579679 107.011620 4.590743 8.011541 -105723.799548
62.182922 107.323791 2.249679 6.749716 -106109.730792
71.288397 108.006607 6.341813 5.815471 -106323.754389
57.912870 111.605336 6.492847 6.382461 -106549.131877
69.135915 92.182239 2.810770 6.904522 -106567.549154
71.660687 110.154357 3.197203 5.386137 -106476.288753
59.279116 103.573741 1.614537 3.063237 -106548.568933
66.937053 103.992724 5.743463 3.929576 -105888.413182
69.375475 100.743516 3.981307 3.033287 -106519.521984
56.304845 108.257453 2.244854 3.521443 -106602.492329
50.654793 105.893363 2.099098 8.246729 -106600.685752
67.427086 108.687025 6.576702 5.591642 -105886.748793
64.240351 100.185589 3.090342 3.544289 -106356.488696
56.564133 110.148299 3.621461 5.009280 -106494.509293
67.007180 92.467191 1.446109 6.380173 -106583.762660
68.796879 102.199003 1.771885 2.950458 -106571.546077
70.096330 103.692629 1.669818 4.750787 -106470.190568
60.827323 94.320517 4.429247 5.878704 -106533.288333
69.436573 104.382324 2.713472 1.946534 -106608.213343
68.623724 98.067984 3.469377 4.251309 -106490.385653
71.409649 110.299557 3.079506 6.193080 -106409.547100
61.167137 105.711305 1.620299 5.311938 -106316.625936
65.696326 92.598627 4.546012 6.143687 -106591.528957
65.941723 105.763412 5.151329 2.270933 -106285.066570
75.530540 103.864720 2.127545 5.777660 -106596.472066
61.897890 100.017660 1.964287 4.232315 -106425.287861
63.898353 93.778874 4.235929 7.742187 -106401.596935
65.296250 99.927616 1.915244 4.330307 -106420.211452
57.744845 99.644606 3.702116 2.569849 -106606.828393
60.170294 111.912470 3.324425 4.721773 -106440.470643
57.075610 108.459439 2.810648 3.349272 -106567.676132
60.048366 103.121551 2.275076 4.266687 -106329.974338
64.291586 98.080610 3.978489 4.558317 -106304.121369
61.839920 108.328358 2.955265 7.006072 -106014.951710
65.365696 109.468206 2.112899 2.597336 -106562.414558
68.545867 110.234979 2.297290 6.349710 -106316.023208
62.720863 102.849120 4.107226 6.299793 -105755.063947
61.488267 110.761679 2.142873 3.272345 -106547.154578
74.642591 103.984799 3.177894 5.978420 -106530.091810
70.420968 104.522361 2.797863 5.450334 -106291.644579
64.646224 101.835580 3.831386 5.537611 -105892.736635
75.871775 104.504740 2.804006 6.225431 -106582.995417
61.677320 101.132184 1.411260 3.569131 -106519.527229
71.581624 107.387094 7.087676 3.346261 -106562.900477
72.289047 103.668948 5.912528 4.684540 -106467.690462
58.709780 102.977686 4.171969 2.903135 -106418.202127
67.701855 104.296366 2.881609 4.084178 -106247.959307
68.819812 96.042892 3.715648 4.486433 -106571.880735
58.702555 109.449516 4.974438 4.713922 -106271.596064
58.838081 98.976012 2.898954 4.728408 -106427.959663
59.961253 95.390713 2.952791 4.951976 -106556.640288
72.281804 109.598750 3.463364 5.621241 -106470.964572
58.487381 109.475410 5.039067 4.906075 -106272.400633
66.954811 102.631541 1.648066 7.722290 -106222.447938
56.725678 107.924102 8.083882 3.874122 -106518.853977
65.484881 110.249863 1.562100 5.612188 -106403.610223
67.161539 103.340727 3.794437 5.410339 -105947.446089
56.650247 107.702374 4.780810 4.654074 -106386.984660
66.631726 100.313528 2.879622 4.635662 -106277.014451
68.221594 104.559272 6.256488 6.956517 -105763.855384
61.650601 104.766182 3.906936 6.653531 -105777.355108
66.654190 102.042831 6.878973 3.011538 -106121.193658
62.645397 115.601744 1.983955 5.263085 -106607.310638
62.289618 113.073472 4.182638 4.444093 -106481.720527
56.566466 109.875497 2.346185 9.943353 -106321.286802
66.540978 99.105237 5.238720 3.436178 -106377.131941
63.315687 111.729120 4.357306 4.107321 -106375.024701
60.672183 100.760237 4.869877 1.509948 -106599.945593
65.468933 99.976045 1.780677 3.023392 -106554.331513
70.715610 101.284588 5.657423 5.673701 -106256.583593
67.771184 105.663066 5.228407 2.859306 -106235.135256
77.953442 102.157637 1.325342 8.492387 -106590.561952
79.024733 98.286199 1.535551 9.978272 -106601.733500
63.555270 102.209571 3.172373 4.056075 -106150.890589
61.797061 97.322694 5.918100 3.555783 -106502.092948
70.186482 104.949780 3.435224 6.286557 -106135.621618
65.193856 99.112949 4.418822 5.029425 -106123.433804
65.255761 98.683172 4.879722 2.351547 -106547.836151
53.160923 107.373261 2.899354 8.747827 -106473.869930
69.655344 109.569369 4.250534 4.664716 -106347.116117
62.741819 109.788807 3.800595 6.110776 -106017.947147
75.699960 101.430922 2.777893 6.626229 -106574.967573
67.675829 104.587371 1.898791 4.844736 -106322.922378
60.091280 107.870519 2.636724 4.897995 -106253.816944
54.111613 104.219283 1.933283 5.163306 -106576.769684
65.123340 93.107029 2.203167 5.146306 -106591.972930
67.527526 109.969231 4.816258 3.634956 -106351.219593
64.386338 100.733849 4.273136 2.179247 -106482.762684
70.120331 103.462638 2.972781 5.003385 -106306.298557
61.516706 113.659633 3.303588 6.116403 -106421.037449
62.250053 101.909481 7.049006 3.329770 -105958.395690
59.076299 108.060687 3.729500 3.342537 -106404.731660
64.269589 101.659672 4.015514 4.525016 -105993.926851
69.981146 104.756362 3.682697 7.611173 -106026.954136
70.453236 102.185728 4.875232 3.005783 -106516.445695
72.179634 99.639145 1.285845 5.010014 -106608.466501
56.467220 96.480437 3.296861 5.898864 -106552.519455
60.138505 112.346655 6.143214 4.081068 -106520.411740
63.924573 108.615320 4.086171 2.221892 -106457.927131
69.416174 97.742306 3.869890 4.377026 -106521.324477
64.103045 104.067901 3.317343 6.694941 -105828.651010
70.523335 104.400055 5.897222 7.340308 -106072.210908
68.349106 109.163937 3.125509 4.428662 -106337.548533
58.285241 103.570673 3.783039 1.916998 -106587.662018
64.657912 98.071521 6.268261 5.007667 -106170.330448
57.656255 105.937054 8.761736 4.077774 -106242.860967
64.628325 101.099940 4.575389 5.230692 -105878.814952
64.873400 102.854479 1.613199 4.184944 -106383.696830
66.848658 106.630797 4.429272 8.882226 -105841.065817
54.849465 107.101471 4.365418 5.377993 -106499.260483
56.027384 104.147562 4.055678 4.193400 -106453.902512
63.795465 107.919170 2.234205 6.472932 -106125.635622
56.496493 99.894673 6.644991 3.787841 -106579.190013
60.618987 107.453266 2.612129 6.017131 -106129.407614
59.431336 112.033639 3.695123 5.385206 -106411.447576
67.508721 103.949689 3.284043 2.956450 -106361.827881
56.293250 106.433335 4.292769 4.579953 -106401.658808
59.662017 96.012480 2.081382 6.067678 -106483.574378
62.212211 98.760626 3.806524 4.583389 -106270.526984
60.830432 110.711174 3.471095 2.790777 -106536.915929
55.176612 100.543411 2.996714 4.808795 -106548.230604
57.244455 111.926074 3.947097 6.144017 -106481.694286
57.289833 104.310529 6.639488 3.439863 -106368.288419
65.251218 111.728111 7.252802 7.538023 -106335.946537
69.116101 115.653106 2.412204 5.835341 -106599.658046
63.903185 106.070900 2.571422 5.737850 -106040.380148
60.849452 102.732520 8.063953 1.519887 -106486.312499
60.736249 113.143535 2.407128 4.135126 -106580.072367
72.614175 113.602050 1.786037 6.225651 -106606.433258
73.996996 101.061605 4.203293 5.758910 -106564.734735
60.204646 105.751839 4.392599 7.573374 -105823.019442
61.659930 103.968091 5.289047 5.847077 -105633.741423
72.189976 105.473737 2.145487 3.678321 -106594.208741
65.978744 107.367285 2.789466 3.708619 -106279.925966
65.712931 95.094859 3.728527 5.254714 -106477.156626
60.026648 110.254105 4.550080 6.864070 -106101.932114
61.248742 92.727597 2.824924 5.495964 -106602.725302
59.558650 104.750001 3.715202 3.002418 -106360.590892
65.185282 110.786570 6.669515 7.094207 -106056.693415
64.804080 112.464558 8.148655 5.798926 -106419.793257
58.902031 98.963621 8.046063 2.482117 -106595.246031
70.085790 107.504113 2.958235 9.449564 -106119.365186
70.026861 102.202265 1.528249 3.626475 -106577.165496
56.829174 103.180030 2.312970 6.406111 -106328.302981
67.449856 100.136562 7.965771 2.183979 -106507.572479
75.953697 105.753312 4.121052 8.479821 -106585.126609
59.381313 97.242840 4.126926 4.864215 -106454.668472
63.150699 96.206816 1.161975 5.917601 -106536.092355
67.298360 112.478575 6.436359 3.895460 -106544.887801
69.362963 109.542809 1.883655 3.073329 -106603.754554
70.822825 98.424227 3.942085 6.392874 -106372.125420
66.858613 99.208711 5.997937 4.108559 -106249.315825
60.246554 102.774934 8.574414 7.832481 -106159.277202
59.309848 102.152748 3.586421 6.532369 -106023.733911
68.318773 97.037497 2.694205 4.319390 -106546.761879
66.271582 98.527034 5.883631 6.850226 -106029.057598
66.859085 106.435360 5.254466 2.341209 -106317.295011
64.894073 110.055014 3.878420 3.912983 -106278.862983
67.846249 100.759661 3.351161 7.362086 -106017.723525
70.081380 105.679094 3.133383 5.806660 -106201.528455
66.221364 108.280455 4.834882 5.057678 -105906.777314
67.551129 100.012177 2.527275 5.353339 -106295.188398
55.232777 99.651797 3.117040 5.465926 -106523.957507
60.698403 108.130958 2.492298 7.830581 -106098.170545
62.321042 96.198435 4.090907 9.127648 -106190.819247
66.138445 108.949339 6.139330 5.896023 -105809.345953
69.492554 107.668870 3.058127 2.227329 -106589.644227
63.141737 102.918563 8.272396 7.118082 -105635.417387
65.203053 97.424120 6.407726 3.592333 -106464.763970
70.062175 99.230189 1.289958 5.935553 -106516.881011
64.587439 101.772227 4.324647 3.199118 -106198.770710
68.976517 109.453867 4.284775 5.059038 -106240.035371
63.675647 99.603043 3.313710 9.711529 -105975.035334
60.669850 97.017306 4.711553 5.633469 -106327.245813
69.566381 101.393923 3.998495 2.738739 -106539.364504
68.891610 106.877136 2.773471 4.415503 -106316.465210
63.562350 97.782110 3.300297 4.570902 -106369.897251
71.366084 97.490783 2.676098 5.435747 -106541.673676
65.338867 105.928972 5.375965 5.207911 -105631.599554
66.596739 100.066922 1.963806 6.773202 -106247.011207
66.681054 113.067979 2.386192 5.793555 -106440.114766
61.089489 102.826608 3.688132 5.019798 -105989.739242
61.575528 111.961591 2.078561 4.948814 -106470.596897
69.145254 96.668990 4.205909 6.134086 -106399.603313
61.806138 97.941114 3.079013 6.304929 -106221.060470
60.198625 106.113416 2.094751 6.738874 -106176.244571
54.662191 108.209849 4.250808 6.243966 -106501.386905
69.499743 111.493044 5.128131 7.088515 -106317.580826
64.928397 92.646744 4.401478 6.024877 -106581.574657
67.323164 99.502928 7.531698 3.653343 -106305.746462
63.169063 102.607959 3.699906 4.772836 -105952.697046
67.030532 109.143652 1.650336 6.618939 -106320.646153
59.208081 106.846675 6.263334 4.695182 -105966.968031
61.041458 107.657240 4.385296 4.760909 -105980.048252
70.567540 109.384299 2.824276 4.405910 -106487.350825
64.773273 108.735174 8.095608 4.697392 -105723.365441
59.543151 95.946911 4.988330 5.523593 -106501.392304
72.911384 101.259704 5.102646 5.400696 -106522.495561
66.767138 103.423609 5.246474 6.460801 -105677.602052
63.736269 101.895889 4.858520 6.578400 -105685.300986
60.573265 105.953757 2.154177 7.220154 -106130.539148
57.777521 100.798451 4.451784 4.729563 -106313.234250
63.012294 114.931139 3.398070 4.574828 -106604.492145
62.063055 97.727255 6.332798 6.275489 -106150.838296
58.655524 103.040599 2.829665 4.869521 -106270.025766
73.291931 101.706738 4.288809 4.643511 -106583.218995
73.240222 94.769792 1.621286 7.447711 -106582.325438
60.274299 92.774825 2.327654 8.011573 -106472.632585
69.777592 98.021242 3.914644 5.317529 -106426.046066
60.941303 111.730322 4.100050 2.718226 -106575.436628
66.014492 106.560943 3.335610 6.473490 -105895.621324
68.256745 111.803107 6.880856 4.821118 -106439.768663
64.733035 105.673609 5.252365 5.799233 -105577.631160
74.779136 100.145574 3.322868 8.309759 -106477.316772
66.671298 104.778060 11.546229 5.251297 -105560.674225
63.431632 102.561095 6.397862 3.819107 -105780.395514
70.007144 107.805933 2.650763 2.781176 -106574.482512
68.626368 103.792999 2.549319 4.566862 -106297.589290
70.545284 103.320757 5.574008 4.936643 -106211.941359
68.252294 102.412601 2.783511 3.802555 -106367.550419
70.519267 107.845070 6.636037 5.700538 -106216.276230
62.611203 95.483808 5.918712 4.595516 -106553.126243
68.918785 99.192091 2.805593 6.977261 -106227.601361
63.524676 108.056610 5.232635 5.229370 -105759.077372
64.016005 109.646914 2.922977 5.625013 -106144.030587
67.307818 97.081126 4.194357 3.764846 -106537.018148
59.778698 112.452237 4.431408 5.634939 -106403.452937
64.867725 109.558759 2.470351 6.405139 -106160.416412
57.993193 110.704961 3.907826 4.670316 -106451.834039
69.901094 98.298567 2.659529 6.405053 -106369.874450
70.393052 101.055925 6.546492 4.566356 -106358.811988
55.204888 99.762373 4.996222 4.459819 -106609.316183
61.830657 106.949398 6.052470 1.865426 -106398.533763
64.105973 105.564295 2.245037 5.194469 -106143.570399
63.378568 108.498905 1.405551 3.859650 -106481.571147
68.465478 99.309509 4.656593 8.387550 -106066.067261
55.938821 99.703167 4.328386 5.823722 -106445.567170
59.413710 100.940210 5.507473 6.312752 -105969.827605
72.649831 99.829420 1.497614 7.127830 -106494.454954
72.194047 100.423902 1.472779 8.499516 -106414.034906
69.473958 96.120646 2.570771 4.609438 -106588.051938
68.606383 113.127322 4.851865 5.057270 -106514.014894
60.184453 105.557070 1.054987 6.894971 -106408.646252
64.448084 107.474808 2.780609 2.620352 -106425.561094
59.267326 104.960792 2.998279 4.523853 -106227.070046
58.992593 95.739623 2.644650 7.543871 -106382.434198
67.001753 94.597560 4.453478 6.103431 -106471.364124
62.380935 104.384987 7.170236 3.481980 -105731.950033
70.118875 103.959441 2.447599 5.604709 -106302.775224
60.721390 112.252414 5.680879 4.016686 -106481.865721
58.763374 107.837447 1.522342 9.400629 -106301.116828
69.409024 107.356220 3.994923 8.686661 -106019.709546
56.738682 101.256729 3.704253 2.787759 -106586.670188
63.779066 98.844482 7.266679 2.053835 -106549.132012
64.711608 107.298006 1.584243 2.689677 -106532.536793
70.727652 107.654148 4.252038 3.915768 -106430.186214
58.000960 103.491364 2.429676 4.847654 -106353.521231
65.186972 105.698347 1.468016 4.910243 -106349.024169
69.536692 105.549623 1.397349 4.075137 -106524.876236
68.963948 105.441732 2.876643 1.925906 -106590.827769
65.986550 111.643311 5.002901 4.006927 -106389.160565
68.528332 100.495826 4.976641 5.747956 -106072.565051
64.857432 102.682438 1.963966 3.440013 -106402.321640
77.155972 100.254084 1.824160 9.003709 -106548.123689
64.095075 102.601396 5.044290 1.571834 -106509.205550
66.138636 111.372236 4.981123 3.304513 -106470.263635
71.454857 108.891266 5.571203 3.860445 -106538.074527
56.561109 110.148614 5.681087 4.102054 -106580.385588
67.253251 102.282882 11.983540 5.813378 -106063.176173
66.660540 110.853651 5.328161 4.128790 -106300.246921
60.110967 113.481903 1.272058 6.424152 -106547.711845
63.137841 107.691345 5.643699 2.416021 -106267.524818
59.412751 107.232983 1.618643 7.884142 -106283.064285
77.788698 96.616508 1.754404 9.684857 -106597.498799
60.736209 105.905219 5.347109 3.532319 -106032.403842
64.215105 94.630447 3.285883 7.317505 -106338.477815
70.007815 102.805261 8.180450 5.884291 -106149.868767
70.429739 106.042122 3.153381 7.416449 -106125.392566
71.499388 106.203413 4.078161 5.664800 -106281.438655
57.949017 99.286997 3.551720 3.670815 -106524.356187
66.039899 94.991849 5.403127 5.895223 -106467.454268
56.915545 96.586736 3.700488 4.913272 -106602.050562
60.144389 102.242064 3.469312 5.443352 -106057.716533
66.602496 105.980282 3.110365 5.839721 -105982.260109
62.970565 103.100153 3.968807 4.714559 -105898.309495
55.217453 110.149833 3.311008 7.771095 -106444.969576
55.295447 94.483236 1.837490 7.185316 -106585.453078
58.673007 107.426441 6.664493 6.408689 -106003.465733
70.061874 95.373895 5.272890 6.815764 -106572.256432
78.511807 100.071252 1.554555 9.452512 -106584.305584
53.127237 105.359313 1.391913 7.020925 -106562.861196
60.828263 104.510646 1.992544 4.675539 -106292.741347
60.619736 103.309289 5.523286 5.376778 -105746.169048
75.046595 102.011226 2.910434 5.794297 -106583.393295
68.256206 100.027424 4.161451 2.475115 -106561.833826
57.887080 98.141959 5.109979 7.374297 -106323.780906
59.324495 98.278466 6.219289 3.193821 -106549.556869
64.630798 101.815899 1.349733 3.809242 -106480.924236
56.944577 99.514923 3.347245 5.414642 -106419.636961
60.886448 111.253650 4.785366 4.689192 -106300.653275
70.141449 106.589061 4.621670 5.905853 -106099.994163
53.154472 105.604764 2.130022 5.444786 -106602.861086
60.364723 99.570866 3.481066 4.643840 -106289.196261
73.490314 105.945770 2.247143 4.599501 -106583.058456
71.219676 110.311211 1.323194 6.393933 -106521.445322
67.893260 102.003521 6.412206 3.319993 -106184.974174
58.446348 100.903686 5.807745 2.275926 -106532.726197
60.527246 106.942132 6.423022 5.797348 -105715.325350
68.988343 100.764065 3.041992 5.652285 -106242.671920
75.028436 98.003408 1.964748 6.933273 -106587.942643
64.452194 98.643886 7.297280 6.814181 -106027.989949
64.971533 110.113523 3.379027 6.369603 -106068.640854
78.115561 101.363776 1.529018 8.027116 -106608.013331
63.743889 108.797907 9.634170 2.353530 -106230.825689
65.466584 115.753592 3.789049 6.563312 -106535.417004
65.336595 105.192320 6.127798 4.849376 -105561.349981
54.721519 108.626352 1.758641 5.604302 -106570.476912
66.125488 95.252656 3.511199 3.940251 -106594.516316
65.673530 110.119806 6.854011 5.228749 -105969.920322
72.947536 108.207992 5.538034 5.743599 -106514.403916
63.385728 98.900653 3.378976 8.406285 -105996.114647
72.242591 114.781119 2.749388 6.909820 -106608.069852
62.305341 107.772500 3.682913 6.769339 -105870.374085
68.800524 107.474007 3.657568 5.644669 -106102.803108
65.980110 104.141565 6.749441 3.893293 -105709.467702
61.291883 103.473928 2.868308 2.081582 -106516.277540
67.335394 101.507210 4.912050 2.967272 -106327.607068
61.055367 98.452982 3.790263 6.322134 -106146.738274
65.307813 105.640958 5.877733 5.151142 -105566.436816
63.451817 95.139283 3.710987 6.097046 -106388.831898
63.778438 92.826864 1.769446 5.373585 -106601.161765
63.466689 106.481428 1.917240 2.429539 -106511.814478
61.800253 93.624029 4.711921 5.546109 -106595.842874
67.475788 96.025844 3.686438 4.161820 -106563.526225
57.460215 113.467281 3.968383 6.408765 -106568.533843
60.624129 96.578257 5.380842 6.584456 -106314.698155
59.835029 95.743494 2.166628 5.811880 -106503.334522
65.098510 101.088719 1.923155 3.014476 -106504.569755
57.494107 104.256393 3.498597 5.098467 -106251.927306
57.903108 99.996724 3.983733 5.531136 -106289.014132
53.912927 103.491347 2.117335 4.857609 -106596.555260
73.475065 111.387862 2.588420 8.846488 -106456.646566
68.206275 104.933482 1.477489 4.069804 -106470.429845
57.480202 115.126116 2.492559 6.711501 -106602.889219
59.275626 111.213059 5.047163 2.671142 -106580.771084
59.741567 105.500594 2.133249 6.953631 -106171.242019
61.174205 113.077016 5.745661 7.863106 -106444.510212
65.888235 111.787340 3.270050 3.355627 -106535.992204
74.226209 103.683548 2.467546 7.762919 -106410.018332
71.694815 104.141865 3.772498 3.643355 -106520.849814
61.931399 98.943480 5.949540 3.991288 -106243.203736
67.050067 105.604944 1.953916 1.953186 -106587.019128
56.544392 106.875313 8.090423 3.183656 -106566.871487
68.885340 104.766444 5.318265 2.843718 -106327.071181
63.394082 101.399332 3.564013 4.226372 -106117.809460
62.067889 96.669320 6.365321 7.609374 -106310.665796
71.318497 105.171038 4.989352 7.117142 -106143.525149
67.333064 98.021143 1.467826 6.961691 -106407.376188
72.672942 97.530887 2.410389 5.745257 -106573.982140
66.523689 97.906629 2.906882 7.918673 -106143.853310
73.450834 106.985539 3.000201 4.861657 -106551.089738
57.512165 106.496657 3.926860 4.778226 -106275.084881
57.907841 101.853197 3.577856 4.487830 -106327.518133
53.898094 108.399360 2.104872 6.343675 -106551.465886
64.235527 101.589452 5.794080 3.472184 -106012.146067
63.306358 101.310291 4.426273 6.127170 -105797.486692
70.505302 111.543264 6.019544 4.488374 -106582.785223
72.345444 103.558390 6.367002 4.745852 -106486.889786
69.134863 103.541559 11.039795 4.082919 -106102.117077
64.127625 98.406178 3.102850 5.692932 -106214.079817
63.468015 104.884219 2.918508 5.992177 -105939.014301
68.615407 104.384213 3.801342 7.844395 -105909.094833
66.555510 100.384052 5.837682 6.448356 -105843.503471
66.384153 102.117743 4.706091 2.419117 -106374.503478
67.758265 98.766738 4.095550 2.516833 -106594.192329
68.892746 112.449387 6.171628 3.957798 -106601.620908
72.335815 105.269178 5.267406 4.017419 -106518.711485
70.655058 101.158770 6.962151 6.526766 -106285.868259
64.208387 91.406525 2.680744 7.002766 -106540.784442
69.378601 104.082532 3.566614 4.575527 -106228.702690
66.295949 104.032739 5.719382 5.140731 -105650.005353
69.935671 103.917917 5.861870 6.331939 -105993.934090
63.190136 100.566454 2.956970 3.566853 -106344.877921
64.952018 107.672789 2.482129 6.203476 -106084.398157
75.385281 104.857689 1.778982 8.038869 -106491.363899
75.697332 100.563225 2.967443 6.570258 -106595.673704
64.394817 96.232210 4.132875 3.804677 -106539.839792
68.574913 101.296990 3.096059 2.233440 -106586.451773
58.958804 105.885364 2.776782 3.153270 -106453.902560
65.170725 111.698307 5.340352 3.979638 -106372.328683
69.165226 100.893326 4.906059 5.376969 -106145.929359
61.043713 106.594086 3.556637 2.532621 -106404.607972
71.110240 104.140971 2.319206 3.002017 -106594.802591
64.103526 98.421947 3.035954 3.234194 -106505.769324
67.237385 105.967307 1.878554 7.941476 -106161.489012
59.852086 109.216118 3.717908 4.834254 -106223.654475
69.461789 106.884674 4.130477 4.203390 -106261.132446
63.129231 109.149684 1.670411 3.168898 -106525.830005
63.759141 114.650926 3.233181 6.110361 -106466.810224
64.413727 96.119935 1.640365 7.662183 -106379.899893
66.709992 101.017353 1.647293 3.536556 -106509.464362
57.798279 109.284137 3.242236 2.642626 -106599.430361
61.318785 94.553490 6.078239 6.430118 -106579.474679
72.108277 98.407201 3.995388 5.760222 -106516.882615
65.947318 93.785239 3.324717 4.786750 -106585.401193
71.314846 112.402704 2.984481 6.026616 -106512.489367
67.366670 101.267156 1.884063 3.788563 -106468.498692
63.377657 97.702969 5.701039 3.792117 -106398.286006
62.095866 114.296981 3.006892 4.490238 -106583.061983
67.815875 105.686248 8.297596 3.528142 -105898.910232
59.934784 105.990363 3.481503 5.547029 -106020.868173
63.717550 92.159905 3.577460 7.787672 -106488.580186
72.464694 98.596258 3.132254 6.673899 -106456.533779
59.296312 110.870502 4.088057 6.660793 -106226.439670
68.700204 99.976714 3.401412 5.358868 -106262.465378
61.746124 100.874826 3.740825 3.223537 -106334.508165
61.518667 106.339511 2.250466 4.358025 -106267.006782
70.672329 99.427498 4.718439 4.311699 -106508.048038
61.616797 100.059621 3.662829 8.018403 -105944.954578
62.727187 108.444339 4.502219 3.569414 -106145.841641
59.999428 106.618035 2.115742 4.047111 -106380.758309
69.161743 106.808420 2.362906 3.118209 -106507.221592
65.898358 107.328973 3.403990 3.693805 -106197.608488
69.446241 112.228928 4.217875 8.356514 -106331.949973
71.600463 98.005998 2.755712 4.613189 -106594.679639
63.874517 98.988996 3.521092 2.399566 -106558.445281
66.964306 108.548767 2.930778 4.887499 -106208.974895
68.778718 106.954198 4.056963 7.301488 -105947.461253
70.821341 100.944879 5.935538 6.513664 -106249.557042
55.784235 106.396054 4.892014 7.232205 -106305.664706
57.727588 105.915589 4.151046 6.134726 -106104.325716
54.524216 101.300455 3.293802 9.437857 -106363.132793
55.293411 104.478620 5.296475 3.290618 -106600.908704
67.272680 112.723158 3.852127 4.603534 -106474.390133
60.650465 102.511376 1.416561 6.538791 -106331.126301
61.603593 98.537943 9.092795 6.710933 -106356.957639
59.988328 102.553060 7.478167 5.093384 -105779.677692
68.438216 109.722171 2.077087 5.779180 -106358.015266
63.741520 107.409231 3.066417 6.460016 -105940.985251
70.242105 102.809967 3.151621 2.632316 -106573.353004
62.875696 98.312032 4.336943 3.792593 -106380.371112
59.771948 110.345567 3.029487 3.149548 -106527.789653
57.731045 106.600407 8.662832 2.387608 -106535.561794
72.443575 99.179161 2.318238 5.612798 -106535.351775
69.031564 107.256362 5.897948 3.777301 -106197.677121
60.384314 106.852406 6.374454 4.341852 -105863.279126
58.363131 108.288854 3.313426 5.461810 -106248.146143
61.311569 106.774474 2.232754 4.304621 -106291.602244
71.136129 111.088169 3.222625 6.818560 -106386.163460
77.679932 102.229430 1.573704 7.633983 -106603.539691
61.414468 110.853337 2.355232 3.073892 -106556.049850
66.501036 108.761059 2.302031 6.691271 -106166.527054
57.592694 104.722166 3.635769 5.882469 -106161.296615
68.306370 112.766091 3.527898 3.957023 -106572.718854
65.425852 110.532902 4.887943 3.967655 -106262.100576
52.877933 107.193687 3.294256 6.430466 -106590.939947
72.630062 104.516301 3.420459 4.466612 -106512.183434
65.853739 105.038100 3.418688 7.596987 -105820.933930
59.778721 104.128770 7.225005 2.951247 -106138.889863
72.404074 104.694077 1.610690 4.517890 -106576.263244
58.587277 108.054436 4.598385 3.759128 -106330.645775
56.420146 108.055708 3.576029 3.440681 -106564.827825
63.601343 108.492463 5.089114 4.277777 -105944.853121
71.939132 106.128261 6.032714 3.012113 -106590.990266
56.371466 103.626411 3.489422 6.399751 -106258.345077
68.694631 103.421397 1.702835 3.305913 -106527.328607
69.651037 103.910060 1.350931 8.323842 -106334.037853
67.047313 113.040351 3.691732 4.308352 -106524.368749
56.272623 112.234600 3.803273 6.036237 -106567.999944
61.189880 109.730743 3.623354 2.802190 -106473.403815
72.190600 102.021966 4.269677 7.091035 -106278.858790
59.457619 114.338856 4.697219 7.606023 -106556.385440
70.166002 95.845913 4.906672 6.641406 -106516.994470
60.286588 97.920481 2.655027 4.856429 -106436.442248
58.103080 106.070911 6.056742 6.680528 -106004.973610
68.454660 99.634656 4.405764 2.860940 -106536.114126
56.856423 110.009066 3.870987 3.621312 -106574.116078
63.262538 97.401185 3.887964 4.426526 -106387.385942
58.341612 108.898361 2.947368 2.483734 -106595.721752
62.531859 101.578523 4.932289 4.271736 -105947.967913
61.882973 106.013057 3.180197 4.878100 -106027.129218
68.584622 100.771661 4.838799 8.228428 -105980.540588
60.034941 112.123044 3.432917 4.213826 -106500.956811
58.652402 111.502485 5.618487 3.886324 -106529.606789
60.031313 105.826446 3.199517 4.816122 -106123.548636
61.149862 101.351873 3.880454 2.645368 -106419.074022
72.042920 103.595748 3.313810 6.387805 -106301.854470
56.117893 110.589542 5.637487 7.458357 -106582.026010
64.245023 109.336759 1.638233 8.651026 -106238.469929
58.126818 110.909534 3.541781 3.803355 -106538.171488
54.707470 108.154588 3.302574 5.817957 -106504.691180
65.002502 96.445213 4.408365 4.744796 -106415.464764
63.978183 105.511159 5.298696 5.841970 -105555.877003
71.254628 106.421524 7.965936 5.086529 -106363.318337
59.457345 98.668481 1.462436 4.500382 -106553.068829
71.376565 100.704669 4.103884 4.727303 -106458.355971
74.420073 110.665400 3.761660 7.157609 -106584.172550
63.801155 104.742498 3.836813 2.541927 -106284.690314
62.710881 108.652310 2.862038 7.002829 -106025.511636
73.289467 105.326023 4.511382 7.580061 -106350.222107
55.402054 108.475611 1.396987 9.483463 -106431.275323
65.733265 91.974819 1.003782 7.340885 -106586.078891
53.742080 103.933032 4.127159 5.047673 -106591.626004
69.261700 96.852462 2.696445 5.841326 -106451.330076
62.969432 108.807308 5.288570 4.103479 -105999.575598
64.533907 94.779512 5.372372 4.916583 -106548.564548
64.393468 106.902595 6.515328 4.626961 -105594.117676
61.448878 100.859105 3.603309 3.341046 -106335.464531
75.370696 107.979522 2.593123 5.808901 -106601.971255
69.296459 99.664742 2.137182 3.770456 -106556.503778
69.281198 99.599782 2.102654 6.536496 -106339.378573
58.858852 98.482042 3.615265 3.129911 -106576.041260
69.369341 97.270165 7.338272 6.313337 -106568.463000
62.504995 102.576843 2.877414 4.722875 -106111.104060
56.551146 104.246555 3.989343 3.847955 -106448.605408
67.751178 112.184683 4.071893 7.415667 -106237.436990
62.324123 102.556365 4.285398 3.987789 -106012.795692
58.697296 102.421491 7.898126 3.401155 -106213.091144
62.030870 109.317176 3.555390 8.437104 -105977.678415
69.914927 103.411913 1.929380 5.253633 -106393.900977
61.164308 100.761904 3.089828 6.909250 -106026.727463
58.861993 98.080967 3.447164 8.950760 -106185.132685
60.757624 91.282147 1.884058 6.502495 -106601.122723
70.284110 104.525042 4.200873 5.092958 -106197.010694
63.702447 98.537569 6.119174 4.128535 -106230.773534
60.950650 104.202463 6.807487 3.737521 -105823.090420
66.148044 104.887710 2.266276 3.720516 -106315.119379
61.429874 101.935128 1.162483 6.146553 -106402.242871
73.217725 98.691903 2.989842 9.083165 -106380.891894
59.717001 97.070789 2.720275 5.341876 -106451.004971
71.861892 106.621749 5.679109 4.548937 -106428.139194
63.048797 103.628155 5.387182 5.332439 -105599.840230
66.425909 112.494043 2.885093 5.158744 -106420.184595
67.089444 113.124320 4.213645 6.303042 -106348.895214
66.497433 105.867066 7.337696 2.683812 -106044.365645
71.159796 103.037488 4.737858 3.341302 -106511.039152
70.454149 108.463857 4.649809 7.817283 -106147.043185
63.062465 99.242623 3.935089 8.869496 -105948.231434
65.828830 101.330459 1.498019 3.583395 -106500.631456
62.130854 98.445674 3.841079 2.681753 -106551.511997
62.269774 99.364698 4.413028 3.920048 -106270.330178
63.401329 99.660347 3.922586 3.085325 -106401.339604
70.282271 106.032569 4.635452 5.093793 -106180.220533
73.182325 96.761139 3.530842 6.993582 -106559.937710
72.067105 108.136971 7.617028 4.585656 -106590.882087
61.692722 111.956444 5.049749 4.210374 -106395.785310
64.570774 107.416749 4.041725 6.847140 -105775.429573
61.841410 99.417572 4.008766 7.353622 -105964.535064
67.593083 113.810458 3.996845 4.894082 -106534.050546
72.755031 103.301160 3.272799 4.577657 -106523.990513
65.373065 106.866056 4.916199 2.358730 -106294.271297
69.577718 99.662571 1.226033 7.762270 -106424.332980
69.014154 104.708651 5.230989 2.910562 -106330.708349
62.317139 106.625986 3.472111 2.058040 -106462.198153
56.495676 105.881560 2.784763 9.789844 -106211.094889
63.885674 99.163396 6.606356 1.980805 -106545.839759
62.801893 93.464632 3.710336 4.875964 -106603.743035
72.131637 98.520473 3.394572 5.212441 -106552.094633
63.349748 99.623540 3.734294 2.870125 -106450.226818
66.209012 103.187195 6.437979 3.424924 -105916.235834
59.914735 110.326760 3.812044 3.994855 -106389.683186
70.044155 106.053749 2.986918 5.764011 -106222.961922
56.102077 98.025326 3.868911 5.660717 -106523.108477
64.353270 102.318640 2.992053 2.204623 -106484.978413
61.993521 107.105480 2.192701 3.261997 -106407.511781
72.486689 108.332520 2.305410 4.883653 -106541.118329
57.042060 105.324955 4.400848 6.835188 -106128.515861
74.943208 104.967775 1.965196 7.846329 -106468.981737
66.772086 105.367523 4.582662 5.586599 -105774.593170
63.555652 99.466837 9.286050 7.219064 -106234.118067
75.316513 106.026498 1.868993 5.859445 -106591.631800
65.547007 103.549900 5.106807 2.863918 -106130.976985
74.630594 106.073656 4.075483 5.235225 -106598.967398
69.773919 97.142729 3.061224 6.227647 -106410.890493
66.917947 111.415713 2.299050 5.200369 -106409.633777
63.453357 108.442543 3.976359 4.310975 -106062.296826
57.016463 105.105014 4.815573 5.183526 -106217.237265
72.126480 109.120332 2.156071 7.380825 -106392.930623
68.024361 98.386162 7.917461 5.832104 -106331.857330
59.167069 105.785173 4.658512 6.958749 -105890.422429
68.947436 107.466529 8.147024 2.054553 -106469.976857
63.594607 102.123606 7.237739 6.330837 -105533.447193
64.142004 98.964124 1.899841 9.378567 -106178.218770
67.022389 98.663910 4.240551 3.747553 -106420.917198
64.580238 92.180051 3.911483 5.646728 -106604.761539
66.695075 95.525411 3.442269 6.603872 -106351.699328
71.334672 110.417028 3.433322 4.857432 -106506.682427
72.828054 103.619859 4.425030 4.548822 -106518.412170
67.166216 101.516836 6.435328 3.950026 -106024.192882
66.093346 100.678412 2.163719 3.046320 -106505.682007
67.556025 93.126718 2.763107 7.442230 -106466.452364
57.104878 106.281594 8.510933 6.013971 -106340.686830
61.437196 104.345040 1.819668 6.093843 -106218.279663
63.450545 100.849883 6.159029 5.474931 -105731.005105
68.030743 113.192210 2.803159 4.196738 -106578.624590
68.424400 109.993555 4.367869 4.214206 -106341.458978
61.478353 105.776318 2.442682 7.380026 -106033.803594
71.747722 101.680141 4.278855 6.463459 -106284.629815
66.971943 114.230451 1.972012 5.155519 -106566.014170
68.815370 104.088295 5.620332 7.908541 -105882.276812
72.718396 107.013503 3.829406 6.479587 -106356.471429
56.691378 111.316236 3.528164 5.949098 -106486.311237
68.752368 103.788401 1.453675 4.393852 -106473.960741
70.567381 111.253880 6.969039 4.869202 -106591.301187
66.021824 109.634880 5.144357 6.241544 -105910.385609
67.568753 109.296643 5.662081 5.785170 -105978.005469
77.623593 100.677206 1.679767 9.729572 -106540.508697
74.107257 101.723447 2.721601 6.078879 -106518.862979
58.260760 104.460998 6.554491 5.194172 -105985.617459
68.132552 104.740245 6.854853 6.319753 -105728.198043
61.359318 104.377764 4.074524 3.453482 -106127.624091
61.285156 106.714743 3.264993 5.913419 -105968.708903
61.812416 108.766384 2.992714 3.173254 -106399.128034
67.888170 110.017741 3.204116 2.396793 -106589.976576
73.349224 97.004329 4.212555 7.325913 -106590.946698
72.920787 98.339841 2.740947 7.494052 -106444.332491
70.015289 102.288554 8.178631 5.853675 -106186.181010
69.636089 107.449750 1.919063 2.789308 -106590.927362
67.132677 116.093558 2.556099 5.917918 -106585.671365
63.505880 101.696179 3.283014 7.084128 -105889.855475
57.494347 107.554399 4.931049 6.842112 -106139.504026
56.827543 102.297226 3.178811 6.502140 -106255.072317
56.833230 108.464826 2.939498 9.736635 -106244.553845
71.251558 105.123627 2.731819 5.746883 -106330.198583
55.203453 101.337464 1.012211 7.611547 -106529.973742
63.136480 103.287224 4.284656 4.447637 -105876.397973
67.410831 105.491314 4.512751 5.622158 -105831.852738
65.021646 105.342127 4.142271 2.817336 -106197.533170
63.273669 108.349427 1.448059 3.131417 -106530.711442
59.028661 101.122585 6.294596 4.278152 -106159.802177
61.219159 110.570685 5.985715 3.118206 -106395.674421
67.484551 112.070196 4.094720 4.178776 -106473.174475
60.985078 107.718910 5.090749 3.430637 -106147.211056
66.662154 107.633317 3.229537 5.757136 -106025.053384
70.499369 109.328106 5.584175 6.615213 -106250.533501
66.713092 112.182141 5.684614 2.969502 -106592.567738
71.190499 108.670309 6.757057 4.556298 -106457.395802
65.893462 100.859600 1.621353 4.712213 -106407.272474
65.953379 95.333905 4.455887 3.828749 -106600.086731
56.010535 99.775536 3.513669 5.393066 -106468.913654
62.663833 100.454503 4.014742 5.889357 -105942.824784
59.187214 107.813531 4.200839 6.158938 -106028.300429
64.240205 101.751051 5.477655 6.577327 -105643.050506
64.648364 110.292051 1.589167 2.706720 -106606.129795
62.612489 106.152461 4.407163 8.679757 -105768.051665
54.912587 106.022000 4.593597 4.264718 -106559.322248
69.544135 107.496329 2.868047 2.405318 -106577.893692
69.355801 114.207635 2.940847 4.955894 -106592.999232
61.737377 94.062370 3.933680 6.580510 -106458.799418
78.389047 102.951695 1.723520 8.283451 -106598.201574
71.967962 99.869593 2.963342 4.736195 -106544.673611
78.042745 100.912802 1.733855 9.765078 -106551.757758
68.473096 108.935543 7.350407 4.355836 -106147.694142
71.597352 108.832062 2.382991 5.132710 -106486.882555
63.762261 104.515820 4.084608 3.313943 -106079.916248
62.408809 95.496249 5.257673 7.713537 -106325.952028
63.174363 99.884521 3.145920 4.482054 -106242.152284
58.629150 105.018205 6.260600 6.912792 -105918.204792
61.949836 95.018157 5.316033 6.459410 -106436.294002
65.932740 110.031870 5.652739 6.864450 -105929.498344
62.144283 95.508657 3.774325 4.891000 -106496.812525
57.088620 109.738542 3.453097 6.584417 -106332.516615
66.450834 98.927423 2.234959 4.292264 -106450.683756
62.685136 100.463227 3.644492 5.855924 -105991.024333
55.551990 107.192999 3.609442 5.351475 -106437.242406
64.523151 102.307771 3.580379 5.302098 -105927.468780
64.961116 94.441339 4.415667 7.906505 -106351.255815
65.373308 105.239600 6.421830 6.259243 -105478.850097
69.637318 95.103127 2.160320 5.004944 -106601.092414
65.172553 96.973415 4.596872 6.645839 -106169.009122
49.683335 103.575152 1.722313 8.845999 -106608.507424
73.570924 101.582189 2.946681 4.658076 -106593.445497
69.449499 96.575634 5.004726 5.533250 -106495.251528
72.441413 105.058681 2.811748 3.360011 -106607.877118
59.571412 102.058410 7.592553 5.137645 -105879.979434
70.715410 102.663344 3.307146 5.707982 -106268.880977
59.011807 96.211327 3.466363 5.932588 -106449.284239
64.614544 108.672992 3.077864 6.606451 -105997.213381
56.747558 105.085891 6.705212 6.110518 -106223.297938
63.649386 113.824347 3.897480 6.095689 -106390.974576
63.910364 109.183199 4.463778 4.628733 -106024.000549
71.054635 106.585648 2.705973 4.653121 -106429.842424
61.948562 103.351883 3.780000 3.360567 -106175.832958
68.421919 101.147135 3.925669 5.157878 -106153.264506
66.552010 101.259306 2.347897 5.637113 -106207.983631
62.530112 98.921131 4.543991 6.893168 -105969.138354
59.766932 105.096600 6.141586 4.337982 -105889.697159
63.483324 93.395110 3.622878 5.638188 -106542.056642
63.947897 97.163601 4.465283 5.887256 -106207.741566
70.914255 104.212948 5.221249 2.401670 -106572.016568
72.321611 112.507329 1.341389 8.524923 -106514.754391
69.938349 99.720896 4.427926 4.580653 -106406.320149
59.083352 110.831039 2.887966 3.701104 -106526.597340
55.437276 103.443782 5.326198 6.556639 -106362.108125
54.208130 97.282543 3.981880 7.514544 -106599.095551
70.101139 105.855012 3.096239 3.151189 -106492.385985
64.274329 110.404691 3.198195 6.608320 -106093.188398
59.945321 109.882994 2.227599 4.450921 -106435.894266
66.833565 112.592764 2.671608 4.422348 -106513.349270
70.676271 98.676321 1.908409 8.417634 -106341.703698
64.670077 111.926087 1.524631 5.190249 -106493.883302
66.392957 99.633723 2.985308 4.794405 -106279.252588
65.790540 113.675399 3.559703 5.775264 -106414.757314
70.278965 110.208266 4.318358 3.000549 -106596.928751
61.439882 99.302062 1.773422 6.253116 -106337.521367
57.752112 106.932742 3.604978 4.101397 -106367.562909
64.318233 106.488056 4.091705 7.010405 -105723.460385
64.402924 103.140459 2.976787 7.269609 -105893.278058
57.440716 108.496606 1.988170 5.155803 -106460.123481
69.382548 103.791360 5.328979 4.830311 -106066.023067
58.972669 98.649142 5.968349 7.344857 -106239.311329
66.895494 108.682257 4.990897 5.751335 -105903.907308
66.015434 114.056061 4.751205 4.159180 -106597.950086
60.564652 103.396136 2.293430 2.266690 -106544.135324
58.363968 105.237978 4.478569 3.917018 -106246.505345
70.151204 99.047272 5.846515 4.490741 -106484.093493
62.872900 105.325302 2.418245 5.184080 -106111.559104
61.024765 108.439380 5.011162 4.271276 -106049.952825
61.760987 98.145584 2.244893 6.402839 -106298.540227
77.052235 105.124597 1.550653 9.231901 -106525.777273
66.959876 103.307232 6.883571 6.287491 -105618.968161
64.304270 112.163474 2.059917 6.967120 -106330.447436
71.958320 99.726456 2.844854 7.099170 -106363.931830
70.557629 110.770344 4.996249 4.852616 -106469.866506
68.991938 111.285594 1.866204 5.139482 -106501.382430
71.122523 101.006377 7.098217 5.038520 -106438.578810
61.512528 109.796298 1.470347 6.041236 -106395.233581
66.577734 110.226637 5.916114 1.908026 -106587.275347
55.786771 106.254699 1.612825 6.965551 -106442.756566
58.944331 102.002760 4.584971 4.204664 -106201.446924
59.510449 109.076967 5.513149 5.997229 -106038.554328
66.429664 103.669227 3.877324 4.495843 -105988.252357
58.949401 105.216322 3.690855 4.198833 -106215.267674
65.648177 110.133105 4.116946 4.182055 -106242.717802
72.912368 99.876865 2.237655 4.906203 -106589.529906
68.962317 104.997465 4.310169 3.992678 -106197.175242
66.030699 95.922511 5.525500 5.064726 -106452.502231
69.508967 98.508732 2.752338 5.090310 -106452.129298
68.718951 109.040038 8.813103 4.810887 -106183.490644
66.827348 104.332903 6.496496 5.944031 -105582.034156
71.812896 105.022990 5.648789 4.993888 -106354.154744
67.097418 99.345280 5.163996 2.838604 -106478.753149
58.387897 104.109137 8.312010 4.726471 -105998.843331
70.761122 106.391724 5.294847 5.742018 -106162.580594
63.342226 103.745287 3.932734 3.621776 -106055.028188
74.009066 109.442053 3.218136 5.891038 -106558.213962
68.042238 109.751007 1.931168 6.569338 -106318.641098
67.009349 100.833694 4.969552 2.116617 -106509.244217
63.524544 116.398068 2.897081 8.003782 -106503.226647
64.652603 106.063981 2.468864 5.611238 -106074.991675
70.826931 108.752793 5.889272 3.881030 -106471.220074
57.667767 106.547487 6.142925 5.872631 -106093.059063
58.528680 104.868715 3.859362 6.263131 -106026.876218
62.350833 98.369392 3.600337 6.236382 -106134.071228
68.565419 105.231968 6.325692 5.618274 -105813.615347
60.550242 111.300668 5.151059 2.752909 -106538.992898
60.902068 97.882318 3.048734 8.444621 -106135.080409
66.851954 108.203319 6.062258 2.667703 -106290.786503
67.110566 102.209102 1.264150 6.879629 -106356.219867
55.818760 97.171366 1.150000 7.142206 -106563.974249
61.893913 104.467874 5.462794 5.645524 -105601.207705
61.747217 106.690028 7.800202 5.992266 -105541.100528
66.926058 97.816102 3.524112 5.406886 -106305.677850
71.948297 96.436379 4.207623 7.531889 -106511.290276
65.247206 107.230191 4.405735 3.167302 -106157.280057
70.825234 108.666337 3.852849 3.128525 -106564.466891
66.223790 101.746387 8.689619 1.700928 -106438.677202
70.092046 109.931369 3.298236 3.093923 -106585.627013
62.927002 109.253709 4.202744 5.225234 -105996.360571
62.111810 107.710115 3.042477 5.007927 -106091.607638
72.157797 111.576920 3.701601 4.965959 -106590.011656
57.995218 109.726999 4.253614 6.318206 -106250.561172
54.611043 102.981075 3.629225 5.881862 -106460.289312
67.501261 100.463382 5.143971 2.626818 -106457.695620
57.519579 107.895419 3.680094 8.272369 -106155.424241
69.589556 100.299255 4.643124 2.500565 -106596.155829
67.913300 102.375572 4.892228 2.278783 -106452.029127
63.837394 98.961416 3.085807 7.052295 -106069.968455
64.726703 106.697143 11.115963 5.783059 -105544.004097
63.794371 113.700776 5.544399 8.343301 -106458.970393
56.550280 105.072840 3.903363 5.466667 -106283.029010
63.939536 112.100776 2.459905 5.056792 -106413.748416
60.571855 101.299073 2.986738 5.666696 -106125.036423
70.331926 105.476818 1.612517 5.554114 -106430.404574
54.333889 110.850882 3.087489 6.650235 -106572.917680
57.169878 103.232619 7.041868 5.866076 -106183.783162
59.550997 98.666947 3.684902 8.304853 -106117.120568
58.972037 101.065612 4.110596 3.749615 -106344.950407
69.718063 114.240149 4.982426 6.878679 -106597.186147
69.110645 98.143101 3.566386 5.943249 -106326.841833
59.529281 104.441219 8.750991 5.594509 -105763.064773
62.923448 96.385007 3.946867 3.593391 -106561.094076
62.026098 98.960811 4.664135 3.624927 -106348.839080
60.782400 114.411288 4.897141 6.165125 -106546.808376
66.432697 104.118211 4.850449 5.103692 -105764.597616
66.904370 99.202300 6.512617 2.500820 -106510.168752
78.532140 105.995749 1.707000 8.699085 -106591.619881
64.503032 101.295703 4.376676 6.266338 -105796.131478
71.529647 103.410903 2.445217 6.137992 -106352.707076
66.745130 96.463815 3.108718 4.348116 -106519.011805
65.924071 101.064737 2.307714 4.145845 -106347.661292
69.196967 104.852605 6.224669 6.525461 -105878.566860
61.137659 100.953539 4.417085 4.617627 -106062.756938
67.578496 103.770862 2.710361 2.050205 -106548.955080
64.740983 101.559206 4.183662 4.392624 -106006.427688
63.739595 104.241831 3.779203 6.795265 -105742.749330
67.615706 107.487659 7.706885 7.536384 -105979.359774
65.039209 99.515588 7.163545 3.224735 -106261.987454
68.822425 102.725630 6.527302 4.373612 -106045.529481
53.558802 101.505131 3.453272 6.602927 -106529.785145
61.574039 113.330816 3.837383 3.466359 -106600.671094
65.895078 106.725534 1.733753 8.420586 -106171.198574
62.416246 107.645764 4.300768 5.585476 -105834.381559
73.444868 105.888482 1.739258 6.503812 -106491.007170
65.446412 98.890820 3.093772 3.085260 -106505.573779
64.420003 111.232420 3.465680 2.925746 -106530.224127
60.207680 104.613212 5.794439 4.998618 -105770.280709
62.181030 112.556054 8.412112 4.063983 -106546.707511
63.703381 103.994909 5.744076 5.047917 -105558.261598
56.312042 100.221057 5.127678 5.767379 -106400.828003
71.025743 104.887192 6.254655 4.620141 -106285.165294
71.197547 109.394254 2.530625 3.590877 -106593.344886
72.042405 102.988308 4.715382 5.990771 -106311.693284
62.898326 108.021636 3.010191 5.502820 -106049.537395
54.560610 106.318296 4.278958 4.183921 -106597.254409
69.504306 107.622612 6.273009 6.393617 -106022.514565
66.739182 116.185294 3.769432 7.568226 -106553.904997
66.986834 106.097025 9.212000 4.005991 -105655.726545
67.018958 107.237954 2.358088 7.386839 -106091.245962
55.114588 103.472911 2.249227 5.811533 -106471.743936
58.301824 107.705077 3.039716 4.859225 -106309.722318
60.503018 98.487605 7.454644 4.321576 -106331.811233
65.973809 110.258599 4.591906 5.443341 -106068.925715
68.735972 102.978346 3.415019 2.813135 -106460.224164
64.077051 110.597803 2.771332 3.657089 -106437.334633
61.977038 101.027870 1.327722 7.187487 -106331.778261
67.444115 105.365840 11.038098 4.213527 -105648.630783
58.669081 109.624644 5.355232 2.981152 -106491.788612
59.136543 93.974566 1.667295 8.207415 -106475.750332
66.926597 105.156339 4.327483 1.259775 -106592.689579
59.407882 113.567510 3.329850 6.390542 -106466.248200
68.639086 107.286210 2.051622 4.772725 -106370.951026
59.979815 94.631177 3.383896 5.848491 -106518.605867
66.187672 102.212536 3.758711 5.993896 -105892.756415
58.813997 102.782927 5.740330 6.950154 -105921.003493
64.399137 105.333347 2.939765 3.551359 -106199.752407
68.514991 103.853598 2.748688 7.597964 -106043.395298
64.488495 111.247642 2.996183 2.932128 -106549.026070
66.319161 113.255798 2.307749 4.116402 -106578.980860
63.021436 98.767485 6.182271 4.462522 -106150.557896
66.071137 106.083098 3.870884 3.880635 -106063.726724
66.439474 109.754089 7.877573 5.335364 -105959.086199
68.809255 103.680097 2.703320 2.415691 -106543.201142
64.897125 104.988051 4.251673 2.083512 -106367.631265
69.216498 100.338787 2.312110 7.875655 -106206.934719
63.626240 106.466014 1.105897 5.712709 -106400.019602
61.018880 111.793553 2.177664 8.032328 -106290.863680
63.356053 93.835975 4.522542 7.041875 -106445.526773
74.516140 107.835053 4.109543 8.047117 -106492.261391
57.867782 98.265347 1.555769 5.459291 -106534.817566
72.895929 107.031445 2.145025 6.385010 -106448.545852
62.057910 108.220639 4.872324 5.033569 -105878.179756
57.956172 107.656170 2.026881 7.156484 -106298.269541
65.149874 109.985022 6.351670 7.490825 -105956.337994
59.952120 109.773975 4.242876 2.590102 -106514.691452
65.756088 103.054121 1.749694 3.359018 -106445.826539
63.919570 116.557179 3.120187 5.869708 -106608.133062
57.135637 94.489826 2.380590 7.005998 -106535.705336
62.680069 104.350104 3.297252 5.358112 -105922.087711
65.428200 107.634223 6.009076 2.567081 -106212.181145
64.758354 101.112118 4.715604 5.315244 -105854.793181
59.137790 97.512605 3.058668 6.212342 -106353.329181
65.617718 111.327986 2.943144 3.920335 -106454.741582
66.505760 96.173033 7.631286 4.837946 -106569.338415
63.676096 97.239391 8.291864 7.844590 -106570.334018
58.908757 98.485205 4.038574 4.262215 -106452.279680
55.605265 93.183789 1.756594 9.468920 -106521.417531
65.830895 106.959042 1.570535 5.249652 -106331.407506
65.242618 99.352331 3.095636 9.846869 -106008.458492
54.778907 99.655031 1.223103 5.676955 -106604.305798
63.201200 98.935240 2.610217 5.090814 -106299.333207
60.641868 106.862526 3.762143 5.110468 -106001.581907
58.269968 100.706620 7.207761 7.300716 -106260.975473
68.336139 98.594505 4.999024 4.062567 -106430.359250
55.361480 99.178038 4.231774 6.149006 -106498.819436
73.820253 112.424753 1.120351 8.748599 -106560.729982
61.719284 99.702377 3.266462 3.726859 -106370.364384
70.611086 113.749599 2.294837 5.037054 -106606.923849
74.331203 103.454429 5.199997 6.032380 -106580.502502
72.862135 103.115650 5.456522 4.529178 -106549.546088
66.337713 107.542132 4.570419 5.935666 -105809.061639
55.039192 100.648866 3.508313 4.225644 -106585.576956
58.712657 94.498052 1.052028 6.738791 -106588.150518
56.373895 92.539431 1.792415 8.580485 -106549.612008
59.396053 104.010331 4.556671 6.939563 -105863.955157
74.150675 111.378822 3.262707 7.353908 -106560.112842
67.016548 102.182273 9.845331 6.120720 -105831.901887
75.929195 98.707348 1.723112 9.639500 -106504.917861
70.943959 107.065726 3.653220 6.528466 -106199.274189
57.894695 100.568761 1.833760 4.529690 -106506.494797
60.709135 114.534670 1.609923 7.285631 -106507.078184
54.837915 104.671120 2.606188 5.286178 -106501.023078
65.977529 108.369949 1.830571 4.097204 -106409.597269
70.572674 102.683172 2.422488 8.756828 -106173.718660
66.564227 103.159275 7.518261 3.292587 -105904.309378
63.505907 103.999120 3.346822 2.401321 -106373.838188
68.992325 95.836742 4.928534 5.716471 -106506.373670
62.851735 102.068922 1.650395 6.384106 -106252.688474
64.862278 97.572938 1.413440 4.752374 -106532.668949
56.957129 101.660050 7.091457 2.746657 -106542.785949
70.123477 107.016953 1.319672 5.281092 -106493.602598
68.469627 110.386410 6.737917 4.186198 -106343.602708
62.363197 104.375340 10.026351 5.624343 -105387.436451
64.978187 107.676466 2.616491 5.912351 -106075.729294
65.262084 100.504205 5.527867 6.285409 -105782.136434
59.147591 107.155641 7.548482 6.402001 -105950.334177
61.335252 91.924287 2.731006 6.457555 -106572.817926
59.937466 105.432404 4.472380 4.820185 -105958.874087
58.093889 98.210846 4.890761 4.273521 -106507.597864
60.409254 106.872095 4.824683 2.629267 -106340.559219
61.519794 112.561203 3.706873 5.797797 -106338.357322
53.463812 102.821619 3.121143 6.327227 -106529.227151
71.284309 111.351757 5.403755 6.265725 -106502.158687
62.714603 97.258031 3.291076 2.905578 -106593.845161
70.781828 112.210769 3.967580 4.977087 -106550.590895
52.651882 98.207597 3.197720 7.914784 -106599.772142
56.879466 102.264505 6.576920 3.017406 -106502.642738
68.837951 110.595221 4.881057 5.724652 -106236.489352
72.344801 102.326492 4.447693 6.650794 -106313.205861
71.232430 107.345083 5.166154 4.515969 -106378.309229
59.489800 104.466082 1.709530 2.733842 -106560.596993
65.225167 110.300287 4.123742 4.482631 -106204.061495
66.500911 111.088631 2.056700 8.422360 -106244.478565
68.347884 102.770978 3.028826 8.578327 -105988.007000
63.973942 103.173255 2.620528 5.014778 -106095.708885
59.023724 97.881867 4.460117 5.631665 -106341.535305
61.774199 106.190655 3.250616 3.157251 -106278.277403
58.984733 104.647670 3.710853 3.913957 -106250.431824
71.535342 105.427758 5.541804 4.991304 -106317.960179
63.037091 104.196205 2.567599 5.493674 -106054.034392
61.258320 106.740572 2.106840 6.466303 -106160.805449
62.573086 98.210526 7.153869 2.150876 -106591.439480
70.955420 101.571405 4.407812 4.513229 -106404.881248
63.256006 110.037558 4.403355 3.647655 -106274.537601
61.838261 104.171116 3.313476 3.869618 -106132.970258
72.816401 103.333618 3.617797 6.783693 -106331.896764
69.350498 98.935432 3.141272 6.894844 -106239.160459
66.218558 106.102328 5.061096 2.901397 -106143.697623
71.251390 110.276444 2.982944 4.109802 -106568.220818
62.738272 99.414325 2.863748 7.338547 -106068.016999
57.729146 102.795050 2.727760 5.665298 -106278.721181
64.292298 102.261222 7.237548 3.724077 -105759.247827
69.748284 108.736640 3.838362 5.198278 -106267.258668
70.802164 112.543322 2.310421 6.090302 -106511.355221
70.616737 110.466891 3.035427 4.307707 -106529.121891
65.293115 105.762923 4.842670 3.522231 -105966.045659
55.171353 101.027534 5.439186 4.335874 -106583.080509
63.205798 104.118673 3.757521 1.837185 -106465.851128
58.775420 106.983691 4.872879 3.760920 -106249.571849
70.593813 97.804547 3.607378 4.435075 -106569.103020
63.239917 110.873140 3.040583 4.573537 -106326.908758
61.583065 97.198540 2.266163 5.147326 -106448.587315
70.465425 95.764635 2.570843 5.583526 -106557.437885
63.926412 96.448894 4.988312 6.283828 -106242.403886
74.097275 109.389550 2.916578 5.695779 -106571.932648
60.514553 99.930582 4.382241 5.421275 -106089.935897
63.473585 112.862724 5.407936 7.862850 -106297.189998
55.137104 102.717792 3.729163 4.784912 -106496.690874
62.387114 104.088688 3.923061 3.034301 -106194.483566
73.741947 106.975817 2.143757 6.507789 -106482.870450
58.444974 103.340307 4.960499 2.648350 -106438.369271
60.223467 112.723313 4.370923 4.617780 -106489.890924
59.958918 97.958077 6.055490 5.727999 -106274.937752
64.697970 96.673958 5.894339 2.950180 -106596.098917
73.790223 104.705838 4.918320 5.100283 -106560.296171
58.671384 105.304862 1.518922 6.085223 -106373.447147
66.978396 108.908960 10.086375 4.421317 -105968.126747
65.430511 102.847483 3.523771 3.874947 -106120.641349
64.894393 99.508392 3.516696 7.517901 -105966.652721
70.494983 96.844586 1.032156 6.593965 -106569.282340
66.783328 109.445519 8.860575 7.563254 -106347.663519
62.281307 107.774633 3.411633 5.518238 -105982.632652
52.715909 109.319901 3.065284 7.865417 -106581.848588
64.491843 94.447316 5.534951 4.716558 -106598.830275
59.187533 102.056518 4.056151 6.414245 -105996.640398
70.429003 104.788345 4.501038 7.251179 -106037.924919
60.681886 94.536046 1.809307 6.445866 -106513.399859
70.334138 110.378003 5.234676 9.497347 -106441.637523
62.682818 112.586568 3.562684 5.465055 -106347.669561
56.852214 104.158245 2.568460 5.297604 -106368.517848
67.122962 109.373037 5.239611 4.489807 -106112.626712
64.682159 102.721159 2.493514 7.649916 -105992.075705
63.233301 103.244748 5.304496 5.250279 -105630.100551
63.624204 98.961871 7.929181 3.198578 -106316.321671
70.956167 110.024414 3.503358 4.446908 -106503.839273
72.127116 107.191777 5.339940 4.488700 -106476.598162
64.630098 104.742171 3.552395 6.076562 -105811.989435
58.785135 110.624981 5.225047 7.241631 -106249.395499
78.475406 100.218864 1.530142 9.461739 -106582.028397
57.250834 111.248928 5.146290 4.793446 -106539.233143
65.580115 104.894275 3.089914 4.105957 -106113.372738
74.184981 103.013718 5.327285 7.366695 -106543.000408
52.973652 102.437290 2.775426 5.795679 -106592.289794
59.891165 108.040808 5.625194 2.577261 -106394.051870
67.720786 108.933240 4.942910 4.255629 -106167.804542
59.014105 111.040029 2.055855 3.885630 -106563.806277
67.191150 108.836356 5.549316 8.842730 -106032.654837
71.611189 111.682827 3.899122 4.811947 -106579.222052
65.760209 107.101483 4.534186 2.554242 -106295.234311
71.345964 112.077767 3.814643 5.157339 -106558.300347
62.419209 97.384995 1.682659 7.300550 -106352.566489
65.346024 111.035208 2.911057 6.461903 -106190.918988
61.698859 97.881142 3.767058 2.693676 -106585.641588
62.109815 94.360867 4.611657 6.174542 -106478.549191
57.254843 111.639058 1.234509 6.793073 -106542.276182
56.911422 96.832017 4.398085 6.385411 -106505.774914
62.555231 105.374814 7.842360 5.385849 -105379.826292
71.784905 103.289704 4.926531 4.873073 -106383.442179
63.559896 99.455341 5.029965 2.561871 -106458.179080
59.409518 110.622668 6.894319 6.101415 -106272.955175
60.942808 105.317916 1.235683 9.193939 -106300.443261
66.693526 112.374910 4.468474 5.358025 -106334.770111
70.209716 98.596864 1.680381 6.918868 -106431.646997
57.666473 98.467091 4.997758 6.223131 -106356.415595
65.213993 95.198308 2.514689 7.275894 -106347.801706
60.417132 101.724439 7.069690 7.374034 -105883.606691
59.734183 110.133066 4.712066 2.674702 -106515.302345
59.627220 113.688115 3.073340 4.717525 -106577.773132
52.136748 105.333297 1.649298 6.545581 -106605.401008
63.689507 97.593603 2.747315 3.242350 -106559.105021
61.140122 100.874768 4.562288 2.970511 -106343.674560
64.781506 111.311104 4.032721 5.880610 -106149.375792
70.932710 104.895673 4.622656 3.643883 -106427.375616
64.928657 101.836664 3.662691 5.622714 -105916.206869
68.240163 102.643995 4.193317 4.393535 -106134.708745
58.994938 108.587510 2.526762 6.308562 -106246.504578
58.536840 106.600020 3.819526 4.730247 -106195.687616
56.955760 96.894514 5.554541 6.084980 -106591.371393
62.178673 100.499746 2.627090 5.044532 -106224.080618
68.330186 109.382791 2.893151 2.299214 -106595.918768
78.182613 102.151535 1.701967 9.592135 -106553.932210
67.090620 100.358548 2.909993 2.848474 -106510.858906
68.676923 112.651014 4.859324 4.954249 -106485.355223
58.464964 104.790476 3.067557 8.734642 -106054.056365
73.309914 105.580360 3.669126 6.858403 -106365.337016
67.614572 100.357865 9.324740 4.633079 -106101.331271
58.037785 97.960486 2.145710 8.003027 -106336.552097
57.974235 99.300031 6.399709 5.405330 -106349.412943
63.769337 111.892402 5.202361 4.262035 -106344.977962
69.507723 113.004361 5.867797 6.312658 -106546.087408
58.116077 102.225791 6.422852 4.672523 -106140.774769
60.370867 106.031057 3.309892 2.872198 -106382.082773
70.926488 101.014730 3.192508 3.546530 -106560.471667
64.471686 108.838625 2.568334 3.376443 -106394.764568
58.112261 99.946191 6.106478 6.181800 -106218.787604
60.789591 101.548287 5.837794 2.569039 -106334.192657
62.951835 108.404761 1.090438 6.582045 -106406.709556
67.582475 113.391620 5.268093 4.791468 -106529.785263
66.034633 111.162136 3.955678 4.294533 -106342.895634
68.784829 110.527751 3.088468 2.780571 -106597.273986
59.838906 99.279797 3.282896 5.010330 -106307.793027
59.554350 112.593228 2.607346 6.790617 -106394.168930
70.290706 108.414781 3.938458 3.996496 -106425.757783
70.933692 109.299411 3.579324 4.456201 -106469.860920
60.772990 110.179650 4.603938 3.972096 -106297.110407
58.613224 113.900542 3.024807 5.241941 -106587.337080
67.086454 107.069672 3.745807 5.376895 -105978.983628
72.122446 100.622950 3.788748 5.393177 -106456.202730
69.980321 111.670987 4.220211 4.402966 -106528.359176
55.959005 100.901179 3.591935 6.752799 -106334.436827
61.833767 108.104837 7.420274 5.282554 -105680.586915
60.765141 107.552741 5.912800 4.716007 -105854.533575
68.214546 98.692726 3.836434 5.450833 -106277.592398
64.567773 112.411809 3.953149 6.072115 -106248.923270
68.414860 96.668507 1.313391 6.212747 -106523.148581
63.698350 113.214611 5.468466 4.775259 -106448.175864
74.271627 110.951496 2.522875 6.350283 -106581.659962
63.478268 111.098716 4.094996 3.852637 -106360.613812
72.595611 105.302253 4.798162 5.943202 -106359.275980
72.787723 107.733264 2.726106 4.697144 -106543.875548
64.303859 98.017809 5.288763 7.690416 -106019.913164
76.446605 106.768197 2.725495 6.600752 -106601.345687
68.280236 104.185809 7.990359 4.972509 -105774.406099
70.327503 113.231424 4.354787 6.431370 -106511.771571
69.653725 100.900754 6.840126 6.274493 -106147.726225
67.624485 112.373395 4.865042 5.040238 -106400.577072
63.195854 114.836835 2.759263 4.661801 -106593.698814
63.677206 107.972540 2.867412 3.526664 -106293.319740
67.018967 105.490910 5.229531 9.199772 -105875.016151
63.732176 98.249609 3.442734 2.810438 -106547.059662
70.142173 96.652516 3.874123 4.797534 -106568.471317
64.610523 98.959662 6.371196 5.836941 -105956.652026
67.280819 100.770985 2.231055 4.023531 -106420.637153
68.934200 100.934850 2.935042 2.358991 -106599.242297
58.689402 108.841966 2.732582 9.797712 -106167.255565
54.044093 102.182712 1.347516 7.841393 -106507.813242
67.885478 109.172441 5.209290 5.705815 -106015.486274
62.733423 105.240205 1.122258 5.952041 -106382.627155
59.658255 97.453069 1.849593 4.479600 -106557.866020
67.012830 110.204722 4.932196 4.926987 -106151.273302
69.563740 103.657342 3.337321 5.126210 -106210.234715
61.992334 102.187961 6.353471 9.302522 -106029.556074
61.348758 93.699738 3.847609 7.035156 -106462.319219
58.532279 97.957200 4.026825 4.026671 -106528.796346
68.707742 104.698038 6.836531 8.022231 -105978.055393
60.061713 111.945950 2.678830 5.463348 -106419.867704
62.505174 98.376529 4.819760 4.546074 -106246.642125
67.657456 117.106319 1.544261 8.437894 -106556.176996
76.744109 103.694277 1.771030 7.293901 -106576.618357
60.349417 106.455859 3.688068 6.512196 -105916.371174
71.721780 97.929904 3.190820 9.164112 -106320.627195
65.554583 103.942197 7.634699 1.712118 -106340.812640
68.127088 92.065327 2.042628 6.784916 -106561.439949
59.197001 100.572577 3.646743 3.692252 -106393.282626
62.992099 111.616609 1.873304 5.594938 -106413.113968
65.994820 104.101837 2.373458 3.992563 -106265.991053
61.062928 112.119463 4.423410 5.568106 -106310.517521
69.844947 94.065837 3.309342 8.858927 -106437.163938
60.408632 109.163927 1.706533 5.991618 -106357.578399
56.218974 98.977222 3.891091 3.739802 -106604.733358
66.013684 116.132272 3.670321 7.824139 -106527.454073
59.365942 98.038044 3.508352 4.144099 -106489.368941
65.871677 103.193452 5.854846 4.615389 -105704.676442
68.102123 111.018079 1.924989 6.856948 -106354.579388
66.482343 90.366540 2.480825 8.102434 -106544.950248
63.163676 100.950487 3.947789 6.715105 -105852.197328
62.661880 112.072514 4.477865 4.987104 -106308.558143
72.458461 111.818494 1.799990 5.605567 -106589.609038
67.498724 103.031583 4.020223 3.408544 -106238.593960
58.433412 98.625896 6.172095 9.253208 -106515.184246
63.301867 104.809058 3.933093 3.310005 -106103.442157
66.849916 103.721180 9.610785 2.392603 -106089.040680
61.970536 103.239411 3.347396 5.705796 -105926.740533
64.490550 99.542488 4.206901 4.804486 -106116.451980
71.613437 105.385632 5.212283 5.117387 -106315.318809
55.463707 104.765196 6.168697 5.598668 -106423.116852
66.967572 95.801931 2.067836 5.123846 -106529.885599
55.803365 93.897029 2.074283 8.061846 -106543.764836
67.599117 98.296193 8.026826 4.130248 -106433.890892
62.057269 101.934197 6.266781 5.765369 -105641.188121
60.357547 105.962499 5.344863 2.861797 -106228.286572
67.338282 107.216515 3.478639 4.757616 -106104.115623
59.959918 99.080537 4.439844 4.464766 -106310.927513
63.337869 103.180045 3.214953 4.892789 -105996.546938
52.043623 108.442551 2.202346 7.906711 -106573.343861
60.117078 98.382340 2.462320 3.853374 -106523.810401
53.698608 107.369048 4.561108 6.483095 -106584.280740
66.036549 105.436623 5.429538 3.596406 -105910.422364
61.546778 96.364399 1.731779 4.610784 -106565.445196
68.523849 114.053301 2.497321 4.893284 -106579.486398
61.642116 110.841404 4.414560 5.965095 -106116.421340
70.285998 103.800981 2.229366 4.034108 -106477.387946
62.391242 106.916010 3.610914 2.714372 -106327.314142
62.648117 92.132851 3.526808 7.078221 -106528.798719
64.177598 114.408390 1.806622 5.516976 -106547.297759
65.706666 89.139322 2.403718 8.690519 -106569.195826
71.901994 100.009055 2.311929 4.951464 -106541.837329
59.282078 105.835015 5.108882 1.671278 -106573.903924
55.267406 102.760070 2.249615 5.109109 -106513.939176
61.531955 103.991528 4.118624 6.715203 -105756.270654
56.905700 103.380738 7.717138 5.480008 -106269.429607
60.965663 104.591174 2.508388 4.414994 -106220.634904
62.662139 104.946182 3.515617 4.248305 -106009.995939
56.666205 109.831369 3.730272 4.432163 -106516.183542
66.509950 102.919279 3.747198 2.543819 -106382.155056
62.899884 99.643693 4.203422 6.239420 -105958.085145
59.828592 100.132975 1.045568 7.554041 -106436.632963
65.699705 106.156773 6.519763 3.215887 -105900.234681
61.847613 111.231907 5.056712 3.595154 -106394.051533
66.727290 111.218815 4.431948 5.699185 -106185.033197
63.274150 106.893232 1.982214 3.077241 -106434.302827
63.427141 99.310633 5.173523 4.803282 -106065.566497
69.664493 104.651555 3.504606 5.169366 -106186.072645
70.002801 104.999037 2.094773 4.208407 -106454.245623
74.638771 107.797750 4.526189 6.180372 -106592.172229
59.033996 108.340753 4.262362 4.389740 -106238.477051
70.003326 103.885190 6.260398 5.921348 -106022.782760
58.099639 108.009971 2.889152 4.462936 -106386.925147
67.121490 94.177128 3.582091 4.553383 -106601.990100
59.913865 98.014963 6.191985 4.346451 -106412.099564
56.981957 103.562798 4.419738 4.416183 -106327.680065
70.417134 97.384020 1.604942 8.376680 -106407.999717
65.795198 104.165217 3.209168 3.777923 -106155.663659
71.472149 107.035382 4.574875 2.556761 -106609.262021
61.706159 101.446624 4.660164 3.858197 -106095.870424
64.872646 108.591368 1.268949 5.299919 -106420.383590
55.587558 101.784124 2.575001 6.854511 -106377.521817
68.964993 107.261624 5.386999 6.125502 -105945.991471
62.178178 99.153589 3.255491 3.321646 -106452.372497
63.401921 96.512300 5.841401 3.965350 -106502.755597
59.157519 99.382483 6.586207 3.976362 -106359.849525
59.881884 97.714632 5.265318 3.381618 -106549.681484
64.827701 104.497702 3.752236 4.054532 -105995.200362
53.214412 103.025940 3.654091 8.155820 -106489.579584
57.883605 108.414296 5.438668 4.569574 -106283.710295
72.742103 108.007103 3.924516 6.858987 -106363.525630
61.292437 99.212637 7.221592 8.393910 -106263.967273
62.015163 98.329162 2.738921 2.935670 -106567.493993
72.262011 108.724772 3.834263 6.142282 -106392.575765
60.039234 101.724898 2.006510 7.734325 -106186.806526
70.556189 104.843836 2.435410 6.968507 -106231.513590
67.697186 100.206258 4.037759 4.607234 -106227.357494
67.833279 111.250532 4.642438 7.148831 -106160.055554
68.151278 96.159994 1.986452 4.717053 -106570.875108
71.677008 94.398260 2.186913 9.051569 -106465.061763
61.615744 103.678863 3.131920 6.668323 -105914.802268
71.545600 104.275452 3.579627 5.031553 -106363.842504
66.326262 95.952149 4.147101 5.308224 -106418.641178
72.278304 110.444168 4.447743 4.656332 -106586.024513
70.261925 98.377666 5.271087 6.745205 -106338.120885
69.730847 98.052332 3.787501 3.774579 -106580.092585
66.180814 109.509256 5.639824 4.204745 -106090.912153
66.600525 109.517840 2.290323 2.825428 -106544.040618
59.881271 103.248256 3.787579 6.350128 -105932.868755
66.224572 106.687622 3.473219 6.155303 -105901.352695
69.788333 96.030749 4.004024 6.194317 -106469.322633
64.352019 110.790548 7.760885 3.254701 -106327.660435
56.657775 106.173108 2.593146 5.122548 -106403.414350
61.431784 112.136206 5.588733 3.700285 -106477.380521
63.601684 101.164005 4.395322 4.942428 -105923.899902
56.314154 109.390427 5.350179 5.174867 -106476.720902
59.663731 103.201739 4.895060 3.246435 -106235.832245
57.244625 104.788795 3.138026 2.323667 -106606.355758
64.425129 102.722503 3.775653 5.272530 -105876.630752
53.581177 106.263689 1.502030 7.060860 -106540.712096
74.702139 107.299759 1.508761 6.150409 -106580.211721
63.352946 104.358804 2.417548 8.576677 -105981.543034
63.500285 94.147348 2.204131 4.948538 -106577.478326
58.660238 104.630098 3.230243 6.395931 -106078.469630
65.813184 94.037239 3.169809 5.001634 -106559.142415
65.451958 106.657393 4.654797 5.027256 -105781.706686
63.711576 101.383299 5.333042 4.972733 -105793.051021
60.700678 105.363398 5.065383 3.910016 -105970.377189
60.845484 108.503761 5.773417 4.500615 -105976.743689
58.820899 100.507482 4.155168 2.794721 -106505.157724
64.694043 99.612779 3.091253 4.938068 -106213.960476
55.255216 99.925641 2.951828 7.655868 -106385.201014
66.012887 99.726566 3.739964 4.895223 -106169.140594
70.233775 111.326482 7.218164 4.540570 -106598.718897
55.414388 102.872977 2.748924 7.815773 -106316.135676
72.238347 103.799896 6.592530 5.174279 -106440.285578
58.018865 112.086403 3.518249 4.661274 -106541.806160
61.797433 95.141671 1.139551 6.461602 -106546.786462
63.767003 107.126148 3.484226 6.221970 -105865.666024
68.061914 105.849558 6.413388 1.164618 -106606.142957
64.632674 107.882069 3.512509 4.145397 -106112.336407
57.509929 106.506918 4.425498 5.512779 -106172.904751
64.985163 104.731313 2.844184 3.373336 -106248.537401
65.366929 111.356296 4.434821 6.441280 -106102.252871
62.088526 103.410036 4.113546 4.275110 -105956.802261
58.163713 109.964635 6.023380 5.558961 -106305.629276
59.109704 104.465389 7.680816 4.700651 -105862.663314
71.507178 106.643677 3.179752 5.029202 -106394.798799
69.921571 105.525076 2.339329 4.347901 -106413.076578
65.218758 100.510722 1.030012 7.064290 -106415.049575
77.682069 100.724830 1.908878 8.838045 -106568.348420
62.639653 100.456336 2.694548 2.046431 -106586.434311
58.029081 109.834849 1.891321 7.725403 -106352.485060
68.928308 110.332976 6.569780 3.385034 -106480.841459
57.833225 109.833525 3.433150 5.500326 -106356.086212
58.953749 105.338971 3.743499 6.429413 -105995.679995
63.164618 104.897718 5.629362 5.831813 -105517.735830
69.356585 102.447231 3.559036 4.811178 -106239.841538
58.976907 106.473095 4.462602 7.986578 -105954.196122
59.783338 103.141665 2.200385 5.851190 -106220.918328
68.984652 105.227749 2.713910 4.059856 -106345.664470
64.709555 98.813840 1.787982 7.398475 -106269.620615
65.415744 111.657397 6.810564 4.252810 -106323.446140
73.323063 99.097096 1.692635 7.612643 -106487.849141
61.408769 108.492210 3.219478 3.707325 -106296.548066
60.002281 101.345541 1.385496 2.880963 -106592.410006
71.325212 108.303012 8.337123 4.687842 -106529.033426
71.301860 96.276572 4.134173 5.896338 -106565.160486
65.165638 104.718002 3.641453 6.041015 -105808.615536
60.843793 110.727457 6.006444 6.938627 -106117.714232
63.168624 104.651465 5.145196 5.299612 -105610.022342
64.509836 105.804267 4.751579 6.650549 -105620.008562
73.374557 111.211636 2.223860 7.295611 -106508.096583
60.007356 103.603428 3.388990 4.827586 -106098.884015
55.271810 102.495664 2.985661 5.731662 -106437.219103
66.564731 98.650829 5.079300 4.920430 -106201.105022
68.832216 108.441261 5.444241 4.523725 -106162.080719
60.010093 104.022935 5.975915 5.378844 -105751.959233
68.863453 108.617430 5.682011 4.324807 -106198.028774
66.699267 105.644688 8.177226 4.219620 -105607.778004
71.782898 103.694835 3.830839 8.179196 -106169.159913
63.900450 105.406486 4.432307 8.772857 -105736.329750
62.357191 97.402436 4.075303 5.868772 -106221.863149
71.889212 104.870548 3.271433 6.247908 -106295.439692
55.157557 101.317279 3.379970 5.673912 -106462.946672
63.182261 94.156444 4.517518 6.036033 -106483.674465
71.942145 112.365051 2.477623 6.483855 -106519.810008
68.130716 109.435531 4.037927 6.149173 -106090.975712
61.096042 106.106072 2.790971 8.507745 -105974.104106
53.704313 104.936797 3.866260 4.852095 -106602.229833
63.098839 106.198168 3.192027 4.099466 -106095.247627
