128.574088 138.370644 3.673661 5.572712 -104380.878763
127.225918 143.884470 2.237175 5.020827 -104377.742118
126.865363 141.416541 1.782962 6.533549 -104378.627372
128.763564 139.676336 2.912982 2.786802 -104364.419358
129.472491 138.585477 2.534251 4.386147 -104360.286497
129.581650 137.751909 3.381606 3.050198 -104381.198425
131.382930 143.369771 3.155076 2.811322 -104386.446896
129.772723 142.573997 1.814551 5.622328 -104372.472249
129.657802 143.417565 1.991052 6.675023 -104382.716146
129.664424 139.944559 2.299053 2.501897 -104383.019064
128.557523 139.574775 4.678345 4.569021 -104343.911796
131.082670 138.837522 4.103337 5.308885 -104391.337751
131.504936 140.385188 4.291080 4.801429 -104363.946528
128.103002 138.709305 2.765281 2.798873 -104397.516110
130.918583 139.330095 4.749349 5.004201 -104387.636062
131.167939 138.075245 3.182212 4.854483 -104375.433080
130.457997 138.962870 3.019865 2.465328 -104379.993615
132.548947 142.759627 3.705208 4.679005 -104392.097953
131.886949 141.698800 2.453266 4.451621 -104369.098426
129.246372 139.971407 4.457242 3.926750 -104310.195852
129.790752 138.956738 3.239188 2.961737 -104355.528846
127.612934 139.880307 3.530100 5.644946 -104366.232069
127.384065 144.910769 2.996485 4.063504 -104392.989183
129.515838 144.649784 3.292050 4.634509 -104375.838723
131.851499 139.883666 3.787294 2.707787 -104365.829793
130.549526 142.249301 2.605111 4.976837 -104352.012757
131.199868 143.868701 3.038593 4.577463 -104375.356112
129.986277 138.043992 3.668759 4.497191 -104360.548849
131.862293 139.816486 4.534835 4.031230 -104356.751468
126.029503 139.754317 3.188398 3.648182 -104394.252849
126.946243 139.288608 4.127315 3.317893 -104380.039211
130.711111 139.784481 2.669783 4.835809 -104350.964272
126.090621 144.574553 2.703146 5.087188 -104395.334324
127.954667 137.321859 3.207778 4.635468 -104385.010129
128.622403 143.013112 3.410497 3.736131 -104339.859210
128.916981 137.078676 3.613365 3.828514 -104386.844553
130.513422 143.690273 2.253587 3.980756 -104380.344008
129.636201 140.326810 2.709077 5.189050 -104342.909428
125.394414 139.593615 3.029784 5.553315 -104393.317149
128.687122 138.995561 2.488296 3.534282 -104369.764795
128.568122 138.293207 2.585237 3.495043 -104381.188869
125.530384 140.567866 2.994606 4.660515 -104382.369499
129.854902 144.663369 2.622129 5.277340 -104382.127651
130.876525 137.872573 2.891626 4.573988 -104373.989072
132.508292 141.996785 2.379609 6.191082 -104392.963266
127.493826 139.024597 2.671677 5.685836 -104366.229843
129.853006 141.418374 2.806329 5.280368 -104342.947422
131.150034 138.141811 2.887910 4.866916 -104374.025849
128.745038 141.562480 2.248236 5.300826 -104352.206414
132.383985 142.051199 2.778164 4.346286 -104375.889704
132.397105 140.406873 2.594016 6.177811 -104390.582637
129.753070 142.108696 2.703382 5.298392 -104347.069134
127.806190 139.547242 2.900775 3.741328 -104358.225734
131.995396 139.140845 2.243733 3.380612 -104396.530679
131.446102 139.848874 3.583151 4.969958 -104360.418402
129.115430 142.421391 4.457170 4.462420 -104329.144871
132.340389 140.384729 3.377013 2.643006 -104386.763306
128.684903 138.795884 4.228867 4.563457 -104350.739837
127.597922 141.288819 3.616618 2.552719 -104366.555182
129.578909 137.482673 2.740739 6.278360 -104391.680892
131.257290 141.401822 3.882964 3.865811 -104329.119342
128.996341 142.799131 2.878614 3.894892 -104344.526915
126.245054 139.741281 2.364517 5.180068 -104375.597286
130.027469 139.445743 2.490216 3.745122 -104356.116594
130.901621 139.636732 3.184705 4.518283 -104344.571451
131.736583 141.025005 2.791641 3.255916 -104364.818551
130.051601 139.552332 3.044792 3.826288 -104337.487795
131.569193 139.615496 2.433650 4.314890 -104368.435284
128.879963 141.817329 1.415096 5.105049 -104386.025167
131.672479 137.992189 3.407212 4.468511 -104383.199403
129.272416 144.167669 3.445883 4.800051 -104365.523711
130.718778 143.719883 2.934406 5.180220 -104371.602952
128.813161 144.814350 3.003702 5.362878 -104384.220077
130.116988 138.302551 3.151609 3.102873 -104369.553709
129.821982 141.397107 3.843408 4.366999 -104316.810593
127.831177 139.347081 6.310553 2.782735 -104360.263618
129.436133 139.636404 3.552108 4.425040 -104328.154608
128.845689 144.654125 3.111190 4.129328 -104376.432426
131.813584 138.513037 3.242608 3.695089 -104377.627697
129.345689 141.786203 3.791834 5.633347 -104362.278619
130.222305 143.571500 4.159983 5.211907 -104385.519907
128.501101 141.495515 2.385011 3.507432 -104358.330973
130.554536 143.575718 2.212687 4.710733 -104374.505731
132.048128 142.786897 2.041775 3.680944 -104397.495348
132.547410 141.273476 3.451513 3.061899 -104378.580019
132.238022 139.161815 3.193325 4.493626 -104376.780077
129.848183 143.769353 2.386225 3.486609 -104382.210751
131.387850 140.106957 1.446392 5.540961 -104392.738412
125.683037 138.167765 2.001510 6.498930 -104398.059754
128.121997 144.265671 3.726113 4.805486 -104373.051875
129.227599 138.434160 3.304835 6.302220 -104394.788713
127.173843 139.110021 2.584541 4.059309 -104375.931889
127.756619 140.704926 2.536298 4.841036 -104349.063497
128.518841 140.703933 2.405710 5.560504 -104350.867830
130.573025 140.117331 3.204720 6.329412 -104384.722605
129.842373 144.496500 2.703151 3.860336 -104383.259909
128.224094 141.443053 4.976632 4.299029 -104327.459866
129.086213 137.485560 2.765496 5.384098 -104377.471624
128.132379 138.686083 2.475325 4.857008 -104363.771813
130.869880 138.122783 2.311531 4.727748 -104377.813139
127.116558 140.789770 2.017879 5.284766 -104368.003139
127.341127 140.146353 5.774540 2.159109 -104386.116811
127.121438 139.408976 2.615467 6.237752 -104373.934183
130.720468 140.356570 4.109322 3.905621 -104317.633221
128.949505 138.619126 3.811502 4.481751 -104347.534907
124.994335 142.061169 2.222733 5.617501 -104391.228007
131.044870 142.461715 3.678948 2.125560 -104372.263744
131.698438 140.198755 3.889436 2.971364 -104347.838773
126.888335 140.710273 2.743174 5.366686 -104358.055180
130.153201 142.916391 2.830858 3.504252 -104354.176681
125.686982 140.156271 1.661524 5.413223 -104394.617703
129.593685 142.799998 2.334392 2.456870 -104392.535383
130.012353 139.415156 2.016805 4.152220 -104369.959175
130.269131 139.237010 1.673487 4.711552 -104382.718105
132.142445 142.297717 4.998930 3.004247 -104359.094555
129.632141 138.383208 3.512062 5.137082 -104363.084453
126.580337 139.380376 4.012160 3.211270 -104394.418673
129.132136 140.915779 3.647881 4.351280 -104316.650053
131.330363 140.972658 3.144510 6.094527 -104381.993675
127.554080 140.413678 3.648310 4.364612 -104337.124649
127.524329 142.514152 1.725402 5.474271 -104377.492256
127.162482 138.819484 5.385018 3.433080 -104390.311980
131.108645 143.119109 2.504191 5.545363 -104373.387773
131.848223 140.694935 2.650055 6.546709 -104390.975653
130.239588 137.152724 3.778967 3.703690 -104383.212282
127.283611 140.789539 2.888795 5.433450 -104353.091141
130.546384 139.279215 2.149930 4.651666 -104366.482691
132.276083 143.285188 3.676306 4.721922 -104393.285021
131.168083 138.975647 4.651045 4.158618 -104356.303027
131.966894 142.012585 2.626537 2.811673 -104388.226378
130.592567 141.840654 3.834786 4.593949 -104333.668171
129.228221 142.751144 5.508022 4.116654 -104337.614147
129.265017 140.827459 1.350692 5.057395 -104388.813704
130.499331 143.666965 2.708420 6.493252 -104394.155767
127.228894 142.921767 3.320958 3.581692 -104362.219110
128.779833 144.899659 2.631369 4.704936 -104382.377942
130.665492 141.648771 3.084681 3.880081 -104333.957302
130.614013 142.814773 6.332577 1.981873 -104339.854629
129.496403 140.906609 3.546383 2.476351 -104332.047886
131.706867 138.794397 4.632871 4.268043 -104378.832513
126.049396 142.894528 2.535306 5.400761 -104377.351219
129.431874 141.734707 3.784965 5.176879 -104341.607485
131.715143 140.051071 4.124213 4.971066 -104375.150660
127.199284 138.658215 3.849273 3.721878 -104377.268236
130.916132 139.806834 4.548291 4.969299 -104370.988267
131.330572 138.219834 3.593933 4.755213 -104377.207737
132.076322 142.166852 3.025241 4.080884 -104366.501116
132.739242 139.843837 1.997828 4.351877 -104398.259597
130.014342 139.483214 2.375535 3.929969 -104357.796242
126.055731 143.944784 3.365344 4.086604 -104392.671243
125.688256 143.496894 2.529661 4.342070 -104394.484231
133.261179 139.949380 2.442279 4.928168 -104397.926270
128.092093 139.399680 1.771121 4.986764 -104376.983186
129.369048 136.708055 1.932537 6.722509 -104398.412826
130.440458 137.126904 2.989067 4.122401 -104385.462188
129.224677 142.220897 4.044184 2.757433 -104322.313354
131.148370 144.560382 3.519457 4.079767 -104390.422009
131.026919 137.335708 4.981195 3.730805 -104397.884149
129.965559 139.402720 3.659479 4.891564 -104342.833376
131.188156 143.584849 3.455282 4.230122 -104366.285531
131.133725 138.228283 1.826755 4.847317 -104390.661751
126.060582 140.586048 2.630574 4.354501 -104377.388716
131.975475 138.381298 4.290196 3.131843 -104386.658313
125.790121 141.412472 3.406853 4.616062 -104374.612423
129.392306 143.304933 2.390852 4.657849 -104360.147393
130.741890 140.447167 2.886567 4.792508 -104343.492284
130.823058 142.553911 4.761322 5.024423 -104386.721250
131.477837 142.048653 4.536663 2.030367 -104363.784698
125.400227 141.266033 2.234294 6.459075 -104387.806639
131.758445 139.900843 4.750927 3.874245 -104349.819693
127.004250 141.620014 2.349911 6.459747 -104371.935286
129.049232 140.449794 4.133645 3.274689 -104306.370389
131.121992 140.796798 1.512333 3.881962 -104395.911736
130.367798 138.873689 2.359147 4.744749 -104363.196493
127.895357 141.425463 3.484495 5.102452 -104340.962825
127.229423 145.312770 2.577705 4.584322 -104398.612010
129.030331 139.315176 2.543573 3.907278 -104354.970592
127.641911 144.819746 2.944689 5.683565 -104391.907798
130.170441 143.771317 2.321769 3.699160 -104381.539037
128.549014 141.730716 4.824712 4.845400 -104350.220254
