94.853503 103.427513 2.268395 5.429341 -106031.361686
89.993834 93.836342 2.136168 1.808633 -106087.122195
86.100295 105.665968 3.419932 3.549771 -106090.451830
85.318085 94.335083 2.889177 3.787148 -106045.678855
92.500203 101.601849 1.506361 5.820284 -106007.196893
81.099647 100.711459 2.644607 5.618666 -106086.288445
90.830975 95.683849 4.777226 2.015997 -106059.034974
94.533237 101.073537 4.810646 2.477138 -106077.106936
96.135754 100.856498 2.674667 4.249328 -106046.039330
96.580754 95.834801 2.810665 5.906717 -106085.995914
94.211938 102.172410 3.208443 6.020570 -106030.737323
86.420151 103.085686 5.004333 4.262752 -106078.923414
95.418562 95.869467 4.401751 1.666417 -106084.304396
82.651447 94.629066 1.896102 7.985503 -106042.212206
97.328515 105.536343 2.638142 4.395715 -106092.213337
94.731904 103.940685 1.141099 3.672718 -106070.689186
84.982615 101.946018 4.910017 2.141615 -106075.258764
91.839844 105.973101 2.944682 6.224154 -106056.254662
91.987779 103.785929 5.001413 4.415376 -106067.031065
91.036235 103.840493 3.989162 4.583658 -106029.253971
95.481617 97.108587 4.109285 2.446349 -106064.414891
83.009640 91.358680 1.544618 6.263328 -106061.626751
84.211840 96.748011 1.941204 4.629560 -106034.161509
96.666328 100.519047 4.185815 2.465714 -106089.913540
92.910985 104.570152 2.830663 2.634036 -106068.966644
97.988819 102.444361 1.179611 2.853393 -106091.762614
90.588692 94.047111 3.281032 5.573022 -106048.090185
94.200014 95.334950 1.015750 3.299201 -106076.263893
99.034719 104.030857 1.484235 6.145617 -106078.205586
90.175607 96.036364 8.546994 1.952402 -106087.266250
95.097943 98.860563 3.600624 2.646582 -106056.565757
84.007413 104.099969 1.054634 9.618760 -106041.303754
96.783303 106.771544 1.785584 3.603027 -106085.227276
91.266302 104.509801 1.556732 5.554707 -106025.030910
93.085321 94.213146 3.245134 2.652238 -106077.729602
86.075295 106.434933 2.534038 4.507903 -106079.352182
85.256921 100.407162 2.120106 3.174369 -106049.305881
91.236040 104.348663 2.810038 5.482757 -106016.739808
93.718367 103.472365 4.131386 5.628241 -106075.858605
85.503542 98.730462 3.164176 7.927191 -106066.843936
97.424213 98.441711 2.233831 2.616751 -106075.896470
87.942939 101.657052 4.247894 3.850298 -106005.481953
89.498416 100.445466 2.046282 2.908498 -106038.875628
94.190748 96.231146 3.158318 3.450627 -106044.555570
86.840573 96.636228 3.839901 4.575066 -106004.954105
95.796202 100.873786 2.718280 4.710717 -106036.064256
83.407925 94.438995 3.446801 3.802697 -106073.468762
88.001387 97.469229 2.952256 1.706656 -106080.037774
95.038359 98.423441 5.961660 2.216581 -106077.128522
86.285075 105.548408 1.727114 6.503189 -106040.225105
78.711468 97.095474 1.082606 5.858645 -106075.651730
90.690481 94.864092 4.568128 3.797181 -106051.863185
96.464511 101.899431 1.676700 3.746973 -106065.596091
87.810659 100.042491 6.603649 4.519485 -106089.565724
84.642949 107.195894 2.232670 6.153826 -106087.534677
91.317936 104.793841 3.492775 3.751231 -106046.375825
95.543264 98.690105 3.340665 1.317784 -106087.246525
83.617382 95.526801 3.173278 6.579490 -106067.074035
82.051292 99.221160 3.027146 4.522343 -106074.234502
85.998168 94.033250 1.829521 6.377194 -106022.723409
100.032733 102.788393 1.490039 6.228524 -106085.816760
96.912021 96.392921 2.191666 3.816133 -106068.898975
87.946055 103.125886 1.788217 3.864179 -106037.773015
95.383061 96.613027 2.799690 5.580933 -106048.490001
88.715099 94.710515 2.788327 2.332873 -106064.074882
91.046275 101.663693 4.838728 3.905132 -106005.044529
86.731227 99.736474 1.055109 7.099482 -106015.866384
88.213549 105.694250 4.120679 2.220796 -106091.905992
87.749484 97.944347 1.108200 9.520423 -106009.813397
93.091212 101.307885 2.611973 8.652365 -106054.886078
92.671716 104.723029 2.133196 3.102850 -106062.658887
83.496011 104.378974 1.876315 2.938767 -106088.911627
93.816578 92.471810 1.496553 8.869236 -106058.828947
83.928059 103.387708 2.434504 5.203555 -106057.225404
86.120239 104.233113 1.158166 2.145489 -106090.386808
89.466264 100.012021 4.972450 2.559315 -106025.920832
90.240108 99.396588 2.873093 7.059662 -105989.092403
90.878454 95.453911 2.202592 2.951691 -106050.899291
83.987843 94.602719 2.749998 2.368069 -106076.861028
86.344956 92.452544 2.927725 6.316512 -106070.230314
87.529421 91.185474 3.194790 2.896440 -106089.380663
83.093147 98.693180 3.991167 4.422093 -106076.469283
88.634972 101.475729 4.111470 2.509912 -106034.160377
91.149462 95.635309 4.702487 4.745884 -106051.562083
95.190683 100.912740 1.392248 2.736076 -106076.956289
92.830089 97.729958 8.228911 1.941002 -106086.314658
86.898228 103.746146 1.212945 1.701635 -106091.775373
88.927822 101.097653 1.098090 7.377092 -106009.091992
95.763401 105.710318 1.859754 6.029309 -106056.202770
99.529578 108.434795 1.073540 5.742089 -106092.488024
84.982146 99.263366 3.995981 6.215672 -106068.184318
85.345514 97.990667 3.443783 2.944444 -106044.017759
92.650127 102.890694 5.187332 3.728325 -106051.618034
97.720674 105.322421 1.875283 3.397783 -106089.022758
86.735988 97.633284 4.362402 4.789115 -106010.334849
89.420507 100.333112 2.204547 3.005114 -106032.161618
85.940398 108.139358 1.743380 5.543010 -106078.570803
85.658570 104.300626 2.140690 3.149523 -106071.615602
89.712608 99.464153 3.471130 5.730270 -105972.599888
92.852983 98.239767 1.169398 2.797473 -106067.664021
89.157369 104.942804 4.178907 2.548274 -106069.282792
91.412822 96.771422 3.180309 3.164030 -106022.825907
90.890889 96.997671 4.750090 4.872937 -106020.417420
93.249250 96.671555 4.321862 1.754521 -106066.547227
96.747700 99.400536 1.589895 2.273818 -106083.299976
91.137108 95.883578 2.349559 9.404244 -106061.084646
86.208399 95.995998 1.303936 2.136374 -106083.163207
97.299512 98.542836 1.838262 5.249291 -106054.195167
90.277285 96.641577 4.322307 3.661100 -106006.599931
95.512487 95.835613 1.325804 4.462823 -106061.081711
93.271819 94.627784 1.594315 3.680841 -106063.621514
87.730280 95.080285 1.961933 4.035539 -106031.047489
89.664425 98.933164 1.814491 5.108332 -105990.102015
91.026153 104.992436 4.788532 2.496308 -106072.089430
93.820073 98.595394 3.320677 4.333320 -106007.681062
88.536535 100.732789 1.347743 4.877268 -106017.572068
84.989316 102.222765 1.676592 4.442903 -106044.104680
90.942445 109.513277 1.930284 5.438405 -106083.823998
87.392673 103.663680 3.509562 2.596278 -106060.377787
88.638504 106.709623 1.816471 3.522557 -106077.103475
93.503544 102.571833 3.486512 5.450074 -106023.516937
89.394485 106.128133 2.749921 5.827230 -106049.516126
86.454943 101.094208 4.459854 2.836491 -106039.251923
83.406561 99.793374 2.560007 3.069139 -106065.289670
97.608372 99.899405 3.849127 3.663848 -106090.874515
85.723604 94.933826 2.972596 3.402089 -106042.968597
92.187027 102.269659 3.654908 5.346318 -106005.395983
91.267446 95.230398 1.689625 1.261676 -106091.059999
89.896757 96.210458 5.669911 4.729592 -106073.206735
97.084486 97.713183 5.689011 1.966861 -106086.469329
89.234493 95.070048 3.234980 5.080177 -106012.468623
90.985687 102.498870 2.735555 4.203890 -106002.536775
86.887931 93.485629 2.259241 3.550201 -106052.170212
84.102705 101.438037 4.333378 3.713475 -106073.798234
96.804440 95.890922 1.894416 2.054810 -106088.332771
89.857619 106.378865 2.819931 5.209384 -106056.705039
87.033220 96.436911 4.173270 3.182573 -106027.780053
91.081298 100.079224 6.839339 3.900177 -106052.776323
86.390765 96.129322 2.677958 6.381507 -106004.055427
84.179838 96.235709 4.198267 1.117641 -106093.149645
97.988508 98.361044 3.672488 3.270175 -106088.487502
97.784966 101.710349 2.757051 4.497878 -106078.852065
96.956498 99.231596 1.114404 5.531906 -106055.575879
93.401001 94.824323 4.645884 4.110425 -106093.093761
85.061771 101.709233 2.569906 3.873593 -106039.330090
89.164660 103.829349 4.464128 2.107436 -106062.142864
95.390401 101.150166 3.314768 3.004946 -106062.868925
86.106797 103.384155 4.643025 2.945703 -106071.581385
89.250476 92.001037 2.558711 5.389836 -106066.092947
98.888765 98.751025 2.365411 3.611164 -106085.606519
96.027214 98.278252 1.911663 5.259038 -106037.247110
91.887982 108.084199 2.465354 5.826392 -106075.471574
91.414279 99.565344 2.674998 2.908993 -106028.299132
89.321423 95.179106 1.019998 3.907685 -106058.470434
87.826817 101.036161 1.504364 4.074579 -106029.216745
95.544882 99.955437 1.864096 6.099721 -106023.453614
97.978546 99.213559 1.457218 7.785196 -106055.890654
95.641849 97.477689 3.966289 4.214075 -106060.993919
90.189181 93.359528 3.250087 2.150716 -106087.426183
96.655213 108.980895 1.802201 5.401999 -106089.164814
88.182586 94.841765 2.884549 4.758655 -106014.145667
94.609756 99.086185 3.964180 6.162883 -106076.379781
93.825614 104.400536 1.984091 2.696061 -106075.227515
91.098783 101.556767 4.207792 2.168565 -106043.675337
82.097413 101.709611 2.919733 3.776421 -106087.367420
96.448459 100.375094 2.207126 1.911752 -106089.614208
91.599358 95.734272 2.676723 6.224068 -106010.553780
92.712724 94.908559 3.443677 5.749374 -106060.262603
87.256124 91.163319 1.352288 4.286813 -106074.344330
85.929796 96.452772 2.271090 4.757144 -106011.436414
84.091736 96.220491 1.279746 1.542396 -106092.852012
90.509783 100.458281 4.242747 3.611100 -105989.203669
95.871027 101.847754 3.516422 2.475176 -106086.706853
93.945090 106.229845 3.259283 5.524027 -106083.515452
95.854981 96.194537 1.980598 4.800961 -106051.814356
86.731187 96.361628 2.065150 6.621253 -105995.675348
95.282721 98.561289 2.485002 2.479982 -106064.879819
89.973942 94.271046 4.319727 3.864851 -106057.390328
97.142396 96.817562 2.707021 2.785513 -106075.430128
84.927817 103.135948 4.213400 1.305888 -106088.304231
89.956490 95.956173 3.666825 2.478063 -106046.026837
97.791099 105.897826 1.744968 6.634538 -106075.803091
86.425064 98.956279 4.776395 3.233213 -106026.184825
87.074634 101.958782 7.296507 2.088399 -106080.184961
87.816311 98.388645 3.677420 3.986948 -105986.858771
87.840154 111.144977 1.315784 6.689649 -106084.482126
84.867251 97.148424 2.760389 3.130164 -106048.223126
97.842000 95.050469 1.073156 6.202980 -106074.269848
92.676911 99.137973 1.178780 2.375267 -106075.871333
95.360882 104.111517 1.697092 5.162937 -106046.487606
91.279103 103.971969 2.280663 5.726335 -106007.082350
84.612596 100.285630 2.197418 3.076213 -106055.679471
84.836780 100.688389 3.315762 4.521840 -106029.333014
89.941174 95.034616 2.766143 1.737451 -106076.412648
87.231357 96.283072 2.405638 4.303286 -106008.726264
91.114284 96.644242 5.591699 1.982468 -106054.008538
93.165385 100.444864 1.516218 5.112394 -106015.254942
92.044118 103.356718 3.584296 5.234051 -106018.612632
92.286691 93.824514 1.014711 3.254205 -106081.347443
93.515073 107.070839 3.119286 4.148229 -106085.989021
90.985906 97.630157 2.557334 3.210401 -106022.046496
83.695239 104.224496 2.912063 4.729984 -106084.346336
89.884388 91.097538 2.505992 6.503093 -106086.353152
81.000552 97.416598 1.709417 6.327402 -106051.502198
92.932936 94.876514 2.014126 4.507213 -106042.037785
83.959687 100.772915 2.446386 1.888944 -106082.192412
94.146217 101.296425 3.722262 3.698591 -106030.480268
86.679650 104.257383 1.921643 6.662704 -106021.954877
92.254018 99.371569 1.376917 3.465825 -106045.278982
92.471674 103.197302 4.087223 4.581050 -106028.705507
94.946552 97.960369 3.670547 5.670943 -106057.104190
82.966366 99.636131 1.575713 2.588713 -106081.422604
94.987098 99.696471 3.520453 6.965001 -106088.795555
85.655219 95.298797 4.300211 4.642741 -106052.757025
84.623097 94.113171 1.634630 5.649244 -106036.289830
91.859801 101.534898 2.280141 4.855856 -105992.948321
81.091632 97.214842 1.097768 7.803468 -106044.352662
92.344572 100.233687 1.788563 3.712128 -106027.700953
79.779226 103.380835 1.354221 8.003896 -106076.627857
84.453682 95.068793 2.148474 3.140827 -106061.894217
84.102493 94.525208 1.154229 1.705076 -106092.171197
93.311183 101.211558 3.331903 6.628628 -106029.666762
85.867474 105.978349 2.062750 3.017169 -106088.251175
89.072722 96.048265 6.524291 3.634947 -106069.250130
81.240419 100.148100 1.553877 4.725220 -106071.252708
97.301518 100.504076 3.479989 4.415213 -106080.839643
96.876946 100.308051 2.514128 5.354015 -106050.660474
98.847643 96.478227 1.135709 2.836517 -106091.178455
91.652818 105.404927 2.439775 4.964689 -106036.173677
83.218042 90.569270 1.202018 6.618471 -106064.403503
84.801853 94.642544 3.565161 1.929954 -106077.082052
89.655822 98.514046 2.308948 3.610894 -106009.386140
83.581618 91.155412 2.253947 2.955784 -106085.455797
85.367240 95.261399 3.002426 4.259226 -106030.979905
91.367722 95.379133 1.281596 3.781445 -106054.491136
81.389641 97.017227 2.617878 6.312426 -106067.409163
94.470028 99.743548 3.067756 2.920452 -106047.289002
89.267205 99.800289 1.821834 3.756382 -106018.588906
82.324842 92.935270 2.746962 5.133554 -106078.457999
85.646521 91.146543 2.646441 2.532484 -106080.338332
84.973303 91.165955 1.658925 2.406227 -106084.986815
94.799924 110.287545 1.068550 5.529584 -106083.115552
85.211702 93.172283 3.953358 3.898459 -106074.181993
96.900227 102.497663 2.046146 5.624877 -106051.772992
84.287954 101.228923 3.934402 3.571876 -106059.662566
88.897849 99.776784 5.023798 3.993438 -105989.978179
90.904069 97.578881 3.415447 4.167082 -105985.877251
92.893777 92.647649 2.420530 5.649572 -106075.345861
89.735251 96.113759 3.850542 3.253152 -106020.651925
95.512195 103.479819 2.217600 5.087874 -106042.547656
83.407954 102.516207 2.169834 2.921591 -106077.621757
88.864345 94.729591 1.923084 2.499257 -106067.655032
95.908040 102.497635 1.244648 3.836657 -106067.862288
85.215758 100.888471 1.545560 5.159529 -106026.980286
85.859308 97.960040 2.475381 2.362030 -106064.156931
84.095540 96.017141 1.224945 2.467039 -106082.826601
86.326635 100.430486 2.519185 2.545078 -106054.129942
85.099447 97.928573 2.350470 6.363407 -106002.550140
84.736917 105.958033 1.290780 5.150110 -106069.705715
89.658537 98.217663 3.503425 4.169532 -105976.601981
