114.993175 193.056957 3.319323 6.930247 -111408.944441
117.161024 194.771331 3.488563 7.046148 -111309.963973
117.129380 192.809941 3.824271 4.525659 -111408.011717
116.933910 196.423690 4.762471 4.942481 -111416.550753
121.626378 195.445860 8.139520 3.205660 -111349.562394
121.726937 188.900044 5.434064 6.141513 -111282.727537
122.486031 187.526463 5.920301 6.768468 -111476.330600
124.244849 198.072151 5.113272 8.470753 -111341.274229
121.969748 193.693938 5.400987 5.075367 -111169.426598
118.263692 192.759832 4.189261 5.637909 -111220.996990
124.715361 189.840125 3.574737 6.984003 -111464.329850
118.574114 196.380130 4.868615 4.945574 -111336.405571
122.709099 194.794620 9.534942 3.891205 -111219.163293
116.615528 194.891342 7.020935 5.379862 -111203.748014
118.746046 189.714327 7.139401 3.572138 -111331.833692
114.619739 194.820683 7.260837 4.887409 -111459.755363
120.989894 190.036802 4.382539 6.444831 -111233.645139
123.077204 195.088852 4.772170 6.140602 -111258.209813
120.119341 191.143863 5.233360 3.299652 -111407.294941
117.837134 191.491054 5.248005 7.324312 -111166.488837
118.294503 197.842638 2.820152 7.060951 -111470.202980
120.700258 191.205266 3.554437 4.534147 -111392.135982
119.813877 196.297885 8.664577 3.131622 -111417.814647
114.305073 190.323925 3.920560 7.473767 -111439.735059
119.267243 194.255061 6.249701 6.832282 -111051.730038
118.668857 192.189308 4.240169 6.269870 -111180.366926
122.551565 195.153654 10.274129 4.881453 -111186.840321
119.344326 188.826495 3.900046 7.501900 -111321.984299
122.471720 189.814887 8.084892 6.472534 -111365.697362
120.872620 198.476251 5.026454 5.398888 -111408.004963
115.823634 191.824267 5.179770 6.716314 -111252.622700
118.556610 191.589257 3.432342 5.023803 -111362.131745
123.370420 197.193501 6.529363 6.010441 -111297.612667
119.047546 188.498043 4.285537 6.329372 -111320.814720
124.896915 194.521026 6.054936 7.398070 -111360.439535
120.678844 189.013859 5.935509 4.587171 -111291.488441
114.455377 193.905467 5.344617 4.911590 -111465.077319
123.252834 197.637215 4.393637 6.191565 -111399.859503
124.366628 189.823572 4.220501 7.866601 -111422.983174
119.497848 192.997966 5.222010 5.042888 -111127.742507
116.295480 193.363176 6.028505 4.053229 -111359.052664
117.445210 193.328592 6.655866 7.415415 -111166.713100
119.931507 193.678838 3.072865 6.597304 -111317.772479
119.776118 198.938807 5.113855 6.193661 -111349.182948
126.255199 194.484587 4.898797 7.408998 -111462.156687
118.961234 192.332412 6.338316 7.183445 -111096.826479
119.194492 193.318426 3.323954 7.142981 -111267.351714
118.011221 189.024732 4.413201 6.254173 -111298.100796
117.419614 187.904354 7.537333 5.796788 -111418.533837
