90.981416 86.523534 2.321293 4.259978 -107728.856603
97.737508 84.932932 3.142633 2.282221 -107728.599305
95.399177 87.970150 1.499574 4.904045 -107714.751443
96.158947 89.702237 4.312687 2.878505 -107724.515035
93.848653 89.458103 2.552567 3.806947 -107709.947352
91.763631 88.034847 3.213479 3.071598 -107717.973777
96.283015 85.325415 3.665820 3.460890 -107690.955395
93.836964 88.663288 2.908952 1.967972 -107712.462084
93.310775 87.511471 4.679321 1.903559 -107682.465155
96.856889 86.317722 2.735192 1.433862 -107724.276035
95.295957 87.078103 4.195077 2.621800 -107648.614985
94.379287 89.093964 3.258214 3.239231 -107696.816843
91.265961 87.191112 1.445720 3.406625 -107730.436899
94.909842 86.242294 2.144581 3.105295 -107686.111648
95.733229 89.406423 2.875517 3.491289 -107707.916466
97.026824 84.891282 4.470283 1.924173 -107712.248951
97.145760 85.145188 3.258310 2.755897 -107704.959654
94.132782 87.343734 4.700354 1.364700 -107686.545889
93.537220 84.312271 2.037643 2.957669 -107713.243831
98.049856 86.816792 1.529413 3.898937 -107729.038969
96.429175 87.445678 5.120380 1.123494 -107711.245711
95.147715 86.494504 1.531674 3.827758 -107704.658245
93.477597 87.507570 1.073078 4.348790 -107721.695911
95.546041 86.591795 2.190551 4.277145 -107697.729743
91.960822 86.582473 2.131636 3.528881 -107711.262580
94.010397 85.175085 3.064121 4.941740 -107728.830531
96.291206 88.927248 3.235889 3.864332 -107711.415585
95.144399 89.957346 1.768086 3.152988 -107724.638380
94.137423 86.532558 2.676121 3.889704 -107684.505107
96.134753 85.735527 2.669414 2.993558 -107685.547620
94.650048 86.898663 4.042283 2.647001 -107647.928472
94.065032 86.409351 3.054410 4.474834 -107701.447767
93.280936 88.013966 4.931523 3.676029 -107713.983272
94.058720 84.132481 1.753236 4.800798 -107720.576437
97.134245 87.639376 3.771372 2.386967 -107703.785778
94.713773 86.383748 4.215752 2.269215 -107644.544666
98.207556 86.862858 2.017585 3.866659 -107728.125043
95.178663 83.726362 1.801335 2.163431 -107729.282633
95.884824 86.199464 4.623286 3.519810 -107684.267360
94.349783 84.643765 3.947924 2.278956 -107680.966448
92.404466 84.693604 2.934298 3.139558 -107713.171267
92.867406 88.642525 3.818228 1.991942 -107719.029480
94.190818 90.259953 1.777032 4.044667 -107723.325702
94.950539 87.063178 2.737635 4.265821 -107692.312504
95.242205 88.060366 2.090139 5.585932 -107724.402779
95.807037 87.766628 3.795869 3.118073 -107674.235771
96.443736 87.013402 1.291768 2.338289 -107725.061701
92.955380 89.707188 3.191572 3.021707 -107725.276364
92.044119 89.198357 2.941491 3.771389 -107727.440961
93.973147 89.583775 1.870592 3.082798 -107720.753774
93.890104 87.614885 3.016187 1.214607 -107722.209716
