165.676730 89.903409 9.097592 9.598536 -103696.143241
184.329402 91.584705 9.097592 9.598536 -103696.143241
106.622235 122.571071 8.547355 8.710530 -105090.137783
107.056254 102.650871 8.547355 8.710530 -105090.137783
14.601860 138.363185 4.298803 9.913069 -108000.388552
9.276078 154.979751 4.298803 9.913069 -108000.388552
14.283731 81.949521 2.045650 6.647301 -108739.869499
77.217907 163.834265 3.081946 4.169553 -108812.572704
37.299762 120.600348 2.017488 3.624310 -108851.753387
138.066706 88.196648 1.032374 1.674502 -108863.123779
144.915063 126.316497 1.371704 2.565767 -108858.373816
183.293888 57.234643 1.077353 9.949364 -108809.634497
