185.515288 56.359814 4.190001 1.212253 -108862.954381
181.965594 54.733931 3.838530 1.691001 -108866.714485
182.765786 55.745085 3.913078 1.095674 -108855.719196
182.921746 54.677129 1.419106 1.064753 -108867.138382
181.215292 55.816788 3.868611 1.911580 -108864.971214
180.694041 60.311957 1.077353 9.949364 -108809.634497
185.745240 57.875442 1.342455 4.067215 -108863.591030
184.400445 59.700758 1.190310 7.865992 -108860.589514
182.573386 58.098001 1.062114 5.186063 -108863.860410
185.142058 59.027521 1.337452 2.176940 -108861.909051
