24.950970 198.097440 6.813216 2.223031 -111097.735550
31.616327 194.359592 2.020437 6.678932 -111147.102043
25.315777 194.133389 5.007781 2.141291 -111142.348448
28.232152 194.626368 2.552868 3.541947 -111111.114289
27.518497 197.625165 3.598914 2.140111 -111087.109665
29.907825 196.800164 3.348162 5.651729 -111129.959119
26.620599 195.517526 1.451223 3.597951 -111126.690321
25.186105 198.497152 7.576262 3.707408 -111119.624321
25.907190 194.219602 3.962420 3.076492 -111121.053002
32.686135 196.503875 1.031815 8.705904 -111129.426554
26.888007 197.709337 5.317001 4.625275 -111104.445091
30.830379 196.996904 1.931704 3.666847 -111131.881167
28.393507 196.606780 2.506199 2.021310 -111115.933894
