140.896646 193.405833 4.473862 4.890902 -111875.524147
139.719392 184.557096 6.588259 3.623867 -111893.245921
140.874865 191.720303 5.954240 4.889583 -111834.774708
136.588746 184.671682 4.231384 3.999613 -111861.534554
137.337794 186.434074 2.609906 3.873379 -111829.804613
138.367086 191.399530 2.268670 3.617996 -111847.938326
137.142007 187.753466 4.138179 5.785447 -111748.954206
136.238907 190.345056 6.724443 3.877479 -111715.816045
137.552093 192.782312 5.206448 3.876237 -111803.012324
139.437658 188.974850 5.379744 2.885526 -111706.801552
140.801609 186.536228 4.872374 3.415470 -111799.928256
138.404905 190.624947 3.197702 3.505042 -111780.402621
138.192606 184.822777 2.279293 3.161986 -111919.630886
139.377368 190.774599 9.598371 2.030347 -111768.784257
144.309713 187.911047 1.403333 6.642000 -111916.385198
142.968176 194.243815 2.304018 6.275074 -111919.951445
134.913776 187.205509 2.001172 6.276291 -111847.765570
136.295764 188.465711 5.047127 6.269761 -111823.627040
140.090332 185.711015 4.656422 3.645724 -111810.811406
137.398774 186.100805 4.497183 3.549924 -111783.131823
138.103297 186.173515 9.477945 1.757662 -111883.424837
134.909549 188.302597 1.615097 6.166399 -111863.774721
139.591605 186.786728 2.769319 4.736260 -111792.813335
135.839913 186.033500 2.201954 5.272939 -111847.434782
135.829513 184.747970 3.902968 4.631790 -111861.816234
138.564281 192.976141 4.255980 4.291375 -111808.511891
141.159292 190.923686 3.067751 2.981569 -111867.302896
139.399515 189.035799 5.042609 5.152784 -111707.425501
139.489923 187.484620 7.531746 2.712483 -111704.710545
137.982903 190.370231 2.682507 3.907020 -111791.933310
132.983953 185.722497 3.498055 4.432316 -111921.015851
137.379746 193.210685 3.651076 6.173638 -111829.405382
140.262133 189.372007 3.914036 5.092502 -111735.975778
144.205601 190.726208 2.494818 4.799403 -111921.455547
