17.829474 179.926526 1.907754 6.756612 -108188.966153
18.052978 194.277955 3.168047 8.853725 -107862.929041
14.839904 186.217185 3.070952 6.626347 -107525.726641
18.280803 187.961208 3.369660 2.741236 -108379.825621
20.669724 181.963712 5.695429 4.740453 -108333.908584
18.478754 192.403307 3.920791 4.384327 -108273.523693
14.349026 182.408047 2.974405 6.680782 -107647.774170
21.090791 189.431094 4.692272 3.816490 -108391.211307
20.389400 184.930236 8.074037 3.899024 -108305.074015
13.582481 192.348669 5.315173 3.376962 -108124.044437
13.942150 194.005857 2.236254 6.641087 -108037.066932
18.336556 197.044947 2.489087 6.007310 -108378.134052
18.216563 181.433750 7.106653 4.590532 -108069.145633
14.497619 195.500027 5.388888 6.134810 -107915.768676
18.858239 181.840101 3.474218 6.772034 -107945.123818
13.377892 194.193774 3.387121 5.629942 -107985.288368
14.489530 190.129715 6.760817 5.457145 -107212.236016
12.723099 186.813690 4.433329 3.005783 -107940.877855
13.864103 189.181817 4.660560 8.774740 -106997.832616
21.310587 188.822691 5.608215 7.463999 -108022.960444
14.935960 180.055998 1.871774 6.122800 -108129.752409
13.954007 184.567145 4.068100 5.169069 -107485.632645
18.012816 190.368696 7.553169 7.526210 -107567.573281
15.833321 183.392016 3.419615 6.016316 -107676.576395
15.085976 179.054276 2.711775 7.356653 -107915.404485
20.677157 183.491261 4.929998 5.461305 -108160.496664
15.035509 193.996351 5.829056 8.999148 -107380.195782
17.671015 187.967867 4.577172 6.947511 -107489.299467
14.744678 177.672774 2.712788 6.846078 -108063.305558
17.796175 184.165905 6.717605 3.215939 -108102.972088
15.788709 176.365851 3.390647 7.857796 -108065.149555
16.890884 193.213548 6.954701 5.738536 -107891.660203
18.873771 188.638894 5.637983 2.571866 -108372.770511
17.963137 177.150872 2.231935 6.223176 -108335.678509
18.323302 186.116396 6.063806 2.466745 -108299.584879
15.768871 178.138687 4.480409 3.971460 -108312.983385
19.084310 191.812307 4.223743 4.055936 -108315.396593
15.039636 197.027298 5.257240 6.006834 -108136.410565
22.857233 184.588996 3.714980 7.381472 -108210.285475
21.795671 189.556552 2.729365 5.885298 -108293.422395
20.021175 194.198865 6.093657 9.301689 -108028.307201
13.447572 184.978060 8.323574 5.976587 -106573.076102
18.707622 189.807345 4.424242 7.325134 -107680.883506
20.172582 180.322623 4.064840 4.778173 -108366.448510
20.102584 187.856624 6.792748 5.963352 -107937.502235
20.897440 188.288111 2.492435 4.476518 -108367.160229
21.758156 195.573858 2.267993 9.165797 -108227.930429
16.874315 176.410787 3.834111 6.520633 -108239.528916
21.375468 187.015077 6.244438 6.439712 -108111.324372
15.377108 193.075057 8.130976 3.438018 -108221.857199
18.885167 188.772270 3.671327 2.980076 -108374.956173
18.973416 183.240403 7.193875 5.280812 -107916.128716
15.581981 196.159089 5.313386 7.642275 -107811.760244
17.714321 184.007866 6.962033 1.888552 -108391.617642
14.591549 188.160477 5.259287 3.945495 -107676.475819
14.946011 187.440368 4.287286 5.759891 -107381.046306
19.399026 186.800392 5.611919 6.236646 -107752.709952
16.566812 184.020191 8.415530 5.883554 -107231.848283
19.901503 184.055037 3.082098 3.488057 -108390.415016
21.341090 183.737785 3.443300 7.242064 -108079.838039
14.275228 181.062614 3.899060 4.956277 -107832.529430
17.074631 175.935731 3.714746 7.534821 -108199.322307
19.209276 188.048632 5.154984 2.699815 -108368.936465
22.620670 190.045660 3.135208 6.467308 -108296.201226
16.275108 190.505852 7.603129 6.620629 -107286.302774
18.610641 180.803556 3.688632 6.790531 -107967.118948
23.200233 188.729224 5.343976 7.346645 -108331.185957
14.217941 188.522093 11.898236 4.668046 -106883.562505
15.890040 193.843369 2.938208 4.944941 -108211.089726
17.530984 186.846873 6.717439 4.732804 -107633.172184
19.196271 185.438890 9.547680 6.982150 -107936.996659
14.696166 190.694878 8.625893 2.839212 -108064.329194
14.246996 190.605341 1.634136 5.411338 -108145.886182
12.184826 187.973674 1.301388 4.937171 -108182.150979
18.159842 187.238713 4.493789 3.432794 -108177.550813
22.297410 187.893028 3.824121 5.758789 -108281.091924
15.188853 184.623033 2.675732 6.110529 -107744.284746
16.034446 190.825178 6.592536 5.963359 -107416.017417
20.292359 187.181669 3.860247 7.346352 -107865.271136
13.942907 197.052215 7.807111 8.323255 -107760.055534
19.544536 188.453926 1.354156 4.870564 -108387.373036
15.211071 185.179036 9.784728 7.531300 -106965.477590
14.802775 195.959593 8.085891 6.922453 -107891.046799
23.807264 190.464121 3.610636 8.313262 -108266.974975
13.279620 196.709205 8.502758 5.142723 -108238.294354
17.174923 184.437348 4.753841 7.178890 -107399.168953
14.007356 190.111069 2.499925 4.658390 -108024.934115
21.245977 179.022891 3.893376 7.095032 -108316.441884
14.891367 190.759778 7.187320 5.398510 -107328.541581
14.976338 187.358519 6.249421 4.034703 -107523.818972
13.841803 182.793534 2.630429 7.862545 -107590.668670
21.971056 189.712160 3.758514 6.782065 -108179.297808
15.095533 184.319834 3.290352 2.956619 -108206.493169
11.249412 196.072884 3.195045 6.688909 -107984.075313
15.914130 178.089235 4.120724 7.473074 -107887.204092
15.173516 185.836629 9.238661 5.778398 -106792.600757
16.967377 188.625649 4.841413 4.259380 -107893.509820
18.129223 185.133293 3.648563 6.774064 -107699.909642
17.569615 181.302412 2.052362 8.703434 -107943.651382
23.280221 194.931568 3.328082 7.656754 -108388.753611
14.853657 183.038341 4.510806 5.986668 -107408.073426
21.238979 181.790894 5.083818 7.329478 -108152.986205
16.251685 180.725317 4.720836 6.623938 -107656.958753
19.186293 191.706082 1.716127 4.771994 -108391.155697
12.868216 192.202213 8.582504 4.018447 -107709.929714
21.941081 180.759350 3.682681 7.494681 -108243.339098
20.750972 179.545504 3.696740 7.043958 -108237.375748
21.542892 185.449439 6.661108 8.532181 -108174.483279
15.490532 183.284569 2.108884 4.254302 -108182.619160
13.913914 185.431922 6.017041 3.450175 -107647.307850
21.446420 185.392040 5.084933 5.576074 -108193.140121
16.539181 179.707871 3.891620 4.269922 -108212.873632
17.363174 178.860262 1.229435 6.218853 -108364.255697
23.127038 181.934424 2.001709 6.745276 -108393.221847
13.780083 187.223203 5.641769 4.732915 -107252.178072
17.579743 194.006049 5.011273 3.684533 -108391.764435
14.652286 180.371352 2.434686 3.021634 -108384.477471
23.563072 185.290891 3.651075 7.234976 -108289.039123
19.134200 186.147214 2.448201 3.352667 -108385.867273
15.341650 185.110768 6.149034 3.032869 -107915.785549
13.400734 198.162026 4.744974 6.370963 -108131.959490
15.527064 181.549154 3.208965 6.101762 -107799.588682
22.270759 182.556751 4.404383 7.001090 -108249.275365
14.400769 195.943673 4.283666 5.875028 -108063.182586
19.859958 185.084440 3.127629 5.885786 -108069.208225
16.197963 180.601544 2.819007 7.107818 -107865.635826
18.217758 181.816973 4.145634 9.702461 -107627.872818
20.899710 187.805924 4.873358 5.997377 -108061.810764
18.575469 191.107250 3.250375 4.048104 -108302.053175
18.606754 189.019369 5.154560 5.004565 -107919.361210
