43.470460 114.085725 9.143720 9.599546 -104064.107312
71.834961 106.448332 9.143720 9.599546 -104064.107312
50.076895 98.939009 9.143720 9.599546 -104064.107312
190.130622 43.468559 8.823292 8.249015 -106081.694029
187.579093 31.114205 8.823292 8.249015 -106081.694029
181.967193 168.637826 5.299691 9.669733 -106953.808060
25.323461 31.190432 7.036905 4.216586 -107903.041692
75.210601 165.871300 4.966463 5.497981 -107909.866355
72.405115 158.073823 4.966463 5.497981 -107909.866355
187.569397 105.395200 5.225665 3.448868 -108272.535643
