173.486234 151.910478 3.434130 8.212709 -111299.678596
179.111458 152.282132 4.790494 6.340703 -111457.720723
176.026320 149.620304 2.635864 6.707209 -111448.414005
173.773397 155.914633 4.281431 8.308325 -111436.997863
172.776526 149.648886 5.001069 5.778542 -111342.937584
175.351798 150.746953 3.845570 5.312934 -111457.754443
174.498589 147.996101 2.979216 8.114419 -111323.754230
168.738821 148.016479 4.185834 6.813628 -111442.317288
175.999857 153.348037 4.541285 6.550074 -111382.202995
175.318707 152.971316 5.603751 6.137644 -111370.999754
178.124822 149.797671 4.263932 8.007091 -111314.020040
174.284096 151.647143 6.094807 5.410170 -111371.074933
174.063459 150.556778 7.100550 5.368149 -111365.632338
173.230495 148.231507 5.811091 6.566365 -111279.661382
172.488209 149.368396 4.106293 8.128161 -111253.406606
179.840249 146.482665 4.802254 7.165894 -111436.294487
168.636959 151.060826 3.062203 9.013394 -111399.672943
172.166913 149.644465 7.652034 7.140373 -111446.961457
174.542707 145.828466 5.384816 7.904523 -111321.297258
176.374694 151.093978 3.504296 8.513689 -111294.762678
173.686516 151.332531 5.563008 8.534239 -111317.569377
169.134935 146.221309 4.409923 7.142324 -111449.244306
175.200988 151.730631 4.960004 6.146834 -111333.595366
167.968783 149.402939 4.504308 7.129359 -111451.668840
169.662388 152.854895 4.903364 7.074617 -111409.313939
177.838151 144.595026 4.299469 6.442531 -111437.099407
171.637774 144.722620 3.395690 7.194812 -111435.762689
173.321377 144.604701 2.980570 8.957868 -111379.758823
172.405557 150.442849 4.061327 8.430221 -111257.536843
170.448811 144.734899 4.443770 7.075618 -111449.295220
178.400206 147.623768 5.617939 7.057300 -111364.537846
171.099666 148.212757 4.867861 7.557900 -111303.015835
178.261944 143.749161 2.882096 8.909519 -111452.154654
180.128908 149.032089 5.129336 6.813930 -111445.068213
170.940777 143.939748 3.303923 9.669321 -111429.018843
173.594552 147.463455 4.343542 7.122974 -111279.085477
174.822278 147.683662 6.003565 6.483223 -111285.802513
176.966593 145.807378 7.095086 5.757453 -111443.585683
171.302377 149.173921 3.385390 6.613266 -111396.140338
175.254277 147.493610 7.811698 4.856360 -111451.876923
179.177033 147.211569 4.927041 6.969897 -111393.612759
174.591793 146.278081 6.886278 5.748638 -111386.376211
170.003217 146.063095 4.686813 6.516069 -111442.110769
174.813720 152.075822 2.640427 8.185766 -111380.773634
168.719979 152.233144 4.935094 7.494568 -111433.337076
176.245142 154.039641 5.598926 8.261935 -111451.271307
170.933702 147.353800 3.066966 8.326075 -111360.928685
176.935451 150.254956 2.558130 9.139220 -111365.006824
171.217925 149.780768 5.124893 7.028050 -111300.050010
169.808715 147.819707 3.981971 7.538596 -111368.906847
178.797747 144.761480 4.614258 8.444786 -111439.803865
176.183551 144.280562 2.931406 9.413174 -111392.346895
175.936393 145.165936 3.345018 9.117641 -111343.089091
174.197766 145.634311 3.434198 6.650918 -111402.547070
171.767283 152.357030 4.597483 7.984928 -111305.873522
175.895510 142.396415 3.906005 7.676554 -111462.023366
177.897103 146.756902 4.703046 5.457139 -111451.152120
175.018440 151.084582 4.673442 5.464183 -111393.192859
173.584944 152.418360 4.995341 5.514840 -111399.298734
171.370248 152.232257 5.562624 5.827858 -111390.954435
170.860628 151.225315 4.893492 6.890928 -111330.157579
169.960907 146.608148 2.995663 7.657604 -111434.763122
175.110398 148.553901 4.253258 5.962385 -111354.228496
178.735601 151.985171 6.213976 6.627649 -111461.844118
178.507216 149.597385 3.991326 7.643972 -111340.353608
172.790986 149.558743 3.500753 7.190170 -111319.898180
178.265610 148.145430 5.256819 6.208822 -111375.045847
179.313246 149.055797 3.419000 7.754586 -111392.138067
174.350260 150.632094 7.632468 4.559734 -111454.328961
176.669564 151.719181 5.024713 5.715701 -111394.802418
178.157591 148.378291 4.974956 9.234334 -111391.044169
168.876409 153.004075 3.652937 7.289040 -111447.951882
172.147966 152.594854 5.007788 7.909088 -111314.854870
173.644939 150.963651 4.168998 7.337622 -111270.833069
174.477292 152.015973 3.901653 7.021001 -111321.707138
173.826228 146.715991 3.259131 6.698479 -111392.390921
172.488545 150.964823 2.937190 8.245459 -111336.042547
176.839246 143.383070 4.454300 8.526361 -111436.188395
176.682861 154.333425 4.663475 6.829258 -111425.692529
176.116754 146.655469 4.523816 7.784875 -111282.534016
180.746601 147.262241 2.610900 9.810431 -111462.520442
173.644209 151.127072 4.876039 6.333489 -111303.994255
175.085428 144.868324 5.134541 9.083554 -111419.816686
177.173916 146.660142 4.597207 6.113424 -111378.490257
176.447678 150.260015 6.097769 7.541206 -111316.735038
170.698233 146.381658 3.804182 9.165077 -111350.308228
170.979313 151.699440 3.295565 6.893775 -111404.885827
170.784287 152.359797 5.010094 7.218838 -111349.138743
171.735867 148.972406 5.027101 5.697535 -111374.384215
