178.927205 4.660938 3.011496 8.933000 -114779.297714
177.662240 7.791552 5.252622 8.630237 -114786.405298
177.098608 6.533205 5.425768 5.652790 -114802.137609
176.544314 2.631753 7.732997 6.671012 -114860.304376
173.503481 8.979751 3.350794 8.576195 -114841.010721
180.468118 7.683540 2.605614 8.431749 -114844.760116
180.330878 2.936251 5.370790 7.192812 -114788.160922
181.534475 6.422470 2.957635 6.836427 -114898.355652
179.369230 6.022836 6.093184 5.594423 -114827.146196
183.606347 0.545672 3.604529 8.473117 -114900.104392
174.963085 3.855340 5.924328 9.301472 -114847.592702
180.002017 8.339888 6.227645 5.895283 -114866.645235
173.388914 3.324287 5.911890 8.872261 -114873.349208
179.194850 3.896003 3.670654 7.241894 -114803.947338
179.009880 4.990929 3.749937 7.799646 -114760.250049
181.508418 5.217071 5.723445 7.254945 -114821.219412
