10.557904 6.462446 6.436579 3.437795 -113035.827431
1.372725 11.328024 4.016398 9.783391 -112119.069924
6.074890 7.761549 7.096794 2.905956 -112906.183125
8.798084 7.147416 5.220967 6.415907 -112236.481815
2.846129 21.811224 7.050290 8.906601 -112977.897033
2.001704 23.072328 5.136717 5.438386 -113320.063192
4.015215 3.880435 2.144378 7.777924 -112895.056571
8.202377 11.055338 5.762252 7.563990 -111892.437571
10.848141 5.048490 3.723140 4.901051 -112992.757983
15.660997 12.512781 7.673663 6.969336 -113100.137561
3.864686 21.088977 2.408291 4.490561 -113360.493009
8.446163 17.209722 6.269214 8.845516 -112401.082729
7.561053 15.704310 4.485554 7.199639 -112379.046116
4.073283 3.500588 8.311200 3.864679 -112798.859160
2.086807 16.280058 2.933375 3.321055 -113296.242269
13.956197 17.011620 4.668959 9.510105 -112854.345272
12.206025 9.056626 5.412203 9.776461 -112238.842163
12.691631 18.005351 5.503025 8.725250 -112882.448763
15.862275 4.692427 5.501826 6.173492 -113107.792268
9.687955 4.519200 3.384109 4.890523 -113008.726847
1.383139 14.884256 8.171029 8.625822 -111865.706648
6.910256 1.769344 5.204527 2.961491 -113293.293069
4.243247 8.565644 4.783053 8.296030 -111950.123315
7.626057 10.910860 3.333614 4.945433 -112757.454703
7.724278 17.748504 2.730131 3.630145 -113305.660991
9.883422 3.465630 8.595149 4.873242 -112773.653769
14.188566 18.571856 4.485148 4.810262 -113376.393923
13.993432 1.024147 7.356713 6.382270 -113073.244772
3.648865 6.462372 5.098249 6.566499 -112233.299031
8.703338 10.556739 7.397117 5.935451 -111955.791875
6.948970 22.566408 4.578645 5.788307 -113249.089905
10.099357 5.203125 10.692358 6.298898 -112403.109822
2.482023 5.336668 7.805241 4.124834 -112652.154447
19.498846 3.752897 4.897336 8.738474 -113273.407251
10.690620 18.678084 6.664668 6.370637 -112938.195539
3.575947 9.199186 5.213193 5.858797 -112223.965371
13.544955 10.573140 5.405503 3.335184 -113230.449941
13.299532 19.258988 1.460243 8.963285 -113218.757931
11.259867 16.515050 4.358998 6.331806 -112804.876489
8.591643 1.773675 4.293990 3.312255 -113319.524210
6.355106 10.682231 5.315530 6.621587 -111998.337789
5.267461 6.383392 3.665630 3.151602 -113140.677347
10.472584 3.356657 3.843383 5.148970 -113011.617618
12.969526 4.830819 7.533306 4.058341 -113155.971984
3.767531 17.448244 6.920774 3.404997 -113043.063410
10.151813 19.240985 4.107259 6.773813 -112940.833219
20.005583 3.955134 1.879121 7.722856 -113377.471380
19.989267 12.239001 2.604673 9.198117 -113225.391575
13.516389 6.643586 6.869677 4.756652 -112972.173476
13.805900 8.226771 10.175316 6.614064 -112930.231005
12.832567 12.846044 4.013575 6.386145 -112756.191685
10.350851 20.626197 5.568505 5.111329 -113261.955442
14.139066 16.417396 1.990919 4.894075 -113375.590800
3.096057 4.906814 9.386331 3.278892 -112817.347399
0.444698 23.246690 3.180840 5.572029 -113375.504299
3.181508 7.852366 3.345052 7.129802 -112490.715182
0.350305 10.518333 3.556704 5.361239 -112858.620523
0.709185 10.594169 4.241974 4.446479 -112906.922946
14.605671 5.114074 3.351472 6.721436 -112999.895876
12.108576 11.929163 4.797598 6.737336 -112502.159578
5.796542 15.159216 7.496552 3.676604 -112721.544416
14.077682 9.687699 5.264428 3.024992 -113320.094536
11.484074 11.854203 2.628110 5.384661 -113003.665245
6.556714 14.108312 5.068657 4.585022 -112622.720527
10.743371 2.097142 7.414288 6.835729 -112583.417641
5.925854 6.491751 6.415882 7.994729 -111796.431453
13.631249 16.370722 4.421019 3.855824 -113349.404595
12.583074 15.603772 8.514869 5.152574 -113007.090823
11.087530 20.052479 3.325848 4.926573 -113307.891550
9.163795 6.105820 7.024483 9.552433 -111934.624336
8.147067 9.435074 8.568691 4.556405 -112187.266885
11.697953 6.742575 2.732222 6.959863 -112821.762526
14.601629 3.850639 3.037096 5.540480 -113218.847416
5.558129 7.841245 4.265362 5.324304 -112500.426929
8.669791 9.922042 4.853967 4.686348 -112589.228671
5.317593 10.326910 10.229665 1.463752 -113327.717164
7.562865 8.654146 7.111773 7.266841 -111738.512022
17.222055 10.958918 5.995381 4.728973 -113356.097121
10.378336 5.003699 1.913746 5.271383 -113189.714843
1.270198 20.742513 3.047034 6.504631 -113142.035994
4.694097 18.001020 2.897721 4.531471 -113155.804584
8.026126 14.728710 4.944983 2.894198 -113177.666668
11.883733 16.571376 5.761797 4.440922 -113114.723468
3.253555 1.469519 5.006804 2.915807 -113314.051537
0.125837 23.007485 3.690340 6.814601 -113238.753598
10.790329 14.419450 5.992218 5.360881 -112630.831037
4.628925 13.403297 3.289349 2.554418 -113290.316791
12.005376 15.802397 7.785068 2.941050 -113332.004743
3.256206 17.942318 3.702532 3.526551 -113244.066803
6.367220 20.781957 1.445117 9.016422 -113168.077809
0.209209 17.937397 7.890574 5.323305 -112827.019771
3.444478 19.739306 7.262677 5.102933 -112978.277831
5.232756 20.179423 5.257171 4.780390 -113095.504636
12.770591 16.157014 2.811474 8.855385 -112823.451410
7.698843 23.650693 3.764765 5.920496 -113347.813160
2.027765 12.807657 10.809710 5.926681 -111846.652775
6.927606 15.548858 2.771256 5.428343 -112923.104567
15.597465 14.737464 4.947814 8.916805 -112902.686950
15.268181 6.426266 2.099569 7.218353 -113127.133171
12.770110 2.085393 6.579956 4.530985 -113217.314619
12.917282 11.516572 9.041717 4.186566 -112939.721814
10.646519 12.802017 2.796203 8.097327 -112620.457849
4.400332 7.135081 3.607378 6.659107 -112469.027539
10.391033 13.312093 6.911724 3.986552 -112812.771744
4.865091 20.820327 2.967018 4.834245 -113265.350453
12.505549 9.077950 6.285978 4.669288 -112807.006365
9.272718 5.443911 3.938387 7.740226 -112401.309888
4.437641 7.137162 6.887244 6.758275 -111854.065333
10.432380 14.326435 2.378055 5.403408 -113057.492569
0.634374 17.818443 10.759046 8.106049 -112485.729348
12.979147 0.174906 9.304131 5.054435 -113289.583357
10.169345 3.538326 9.344427 6.195743 -112522.228091
8.707527 9.483448 7.965539 6.790884 -111801.010241
1.932756 9.762349 7.762507 3.042926 -112874.311200
12.693267 7.527327 7.023343 3.971287 -113009.934958
11.224757 14.230867 5.305176 6.756205 -112471.906277
0.034621 9.190462 4.385971 6.669156 -112502.858636
4.506461 6.652254 9.628295 3.953713 -112378.296561
1.468896 19.917437 2.955631 5.275487 -113232.172041
13.593702 6.186546 5.474075 5.503274 -112895.406238
7.860591 20.344493 2.973845 7.768497 -112963.783852
12.694441 18.005560 3.443522 8.279936 -112901.265687
8.284556 13.906511 3.068654 5.102677 -112875.225715
4.532430 22.361446 6.403283 6.057947 -113212.353704
7.957886 2.704934 2.955008 6.134602 -112939.896859
10.260885 6.299414 11.199888 6.682403 -112365.593075
8.792462 17.236957 6.117341 5.712539 -112666.705554
8.693627 5.086459 5.242597 2.543958 -113285.269925
8.513171 15.413633 5.905333 7.996209 -112179.893014
3.516786 19.018490 8.239805 4.702166 -112943.365431
12.897814 17.914164 3.648662 9.873830 -112814.195284
19.169629 7.727029 2.892184 8.298249 -113193.589474
7.156945 7.373932 4.292536 5.752479 -112442.798102
8.947055 1.131383 7.656923 4.597817 -113015.776687
10.532056 8.571173 2.518831 4.268712 -113149.693885
12.502750 10.570801 4.464987 5.210062 -112827.061994
16.647430 12.064643 4.328327 5.986025 -113162.871620
0.511444 13.572490 4.855670 8.284367 -112189.792394
11.385697 25.168186 2.732931 9.710319 -113335.632464
14.523318 13.174417 6.716405 5.957121 -112935.319396
0.019317 6.262773 4.710337 7.404790 -112418.043052
16.283901 9.121041 1.225518 9.909131 -113177.358735
8.147580 15.637621 6.662629 3.360868 -112999.696106
8.525325 12.964914 2.050870 6.483333 -112905.458711
13.235919 11.291966 2.613642 3.374819 -113363.119228
8.313956 6.181573 6.391319 1.845164 -113380.329094
5.141306 2.662722 5.346680 4.925036 -112812.372898
3.537119 9.623044 8.122015 8.808037 -111512.416027
2.438437 18.327013 5.080643 6.272864 -112730.477309
10.862121 14.932113 4.391691 5.912244 -112717.056043
9.728323 4.049168 5.127085 4.685138 -112897.652088
6.943437 18.416453 6.969555 4.576627 -112902.747358
7.749718 14.004670 3.234737 4.743006 -112898.779836
5.170848 3.739360 2.587775 5.440491 -113022.988464
16.381502 5.258730 7.753611 5.242644 -113359.174865
13.054476 7.433275 7.385870 2.788136 -113298.689707
5.496935 7.518508 5.381918 9.736726 -111783.189259
8.336751 18.291098 4.864004 3.746000 -113188.383701
15.510290 6.844501 7.225609 5.397503 -113133.291584
8.337583 19.676781 2.768557 4.872717 -113245.273045
2.006931 20.745991 4.956297 7.398526 -112867.283342
7.721170 7.082430 5.410537 8.460611 -111914.306743
9.842776 20.963075 4.440891 6.673288 -113100.782277
6.204994 11.570118 7.041138 2.146690 -113192.077922
11.476595 18.567056 5.959844 8.938568 -112870.637843
9.054539 4.257094 6.041923 6.111373 -112439.310622
8.274547 19.251771 6.618375 9.022004 -112758.215153
10.642143 7.726923 5.304590 9.362729 -112081.137257
2.086748 0.128881 6.631975 8.617409 -112325.177358
10.820489 5.226550 6.604095 4.053019 -112956.821746
4.891437 10.573483 1.277030 6.475640 -113116.794391
13.413651 15.497526 1.678169 6.817838 -113200.990295
0.097821 14.849860 6.425729 5.826938 -112516.689809
14.425252 12.604853 10.053792 7.795264 -113369.230445
14.738578 9.401198 11.172344 6.325971 -113336.805629
10.173158 21.034617 3.298088 9.745602 -112944.977030
13.712666 2.322180 8.358011 5.611814 -113139.606994
7.328558 4.355043 4.253711 7.028400 -112440.038349
14.034021 2.267417 1.199843 8.956925 -113247.543267
6.544493 22.915419 3.350867 6.614402 -113224.454944
7.352651 4.729190 3.428423 5.362447 -112832.005044
8.851460 4.487945 8.025054 9.413827 -112010.758195
9.904875 12.762251 6.763321 5.947402 -112226.404743
6.525703 16.520586 8.479577 4.612994 -112579.927628
0.124237 3.982481 6.661465 4.162867 -113008.565055
14.558906 2.251330 6.687536 4.540203 -113328.089401
7.264093 7.394410 7.050780 3.438310 -112751.125817
10.302794 21.298464 4.355292 9.100012 -113007.028926
12.231882 9.901395 4.042843 6.280132 -112657.052488
1.743703 17.528946 7.680032 2.644173 -113266.139263
14.672218 14.464857 4.952389 7.015195 -112892.039673
10.896718 8.271675 3.589653 4.637175 -112947.581328
3.814820 7.172577 8.217579 6.739731 -111745.054043
10.480005 20.596617 4.885251 5.056888 -113267.338000
8.074853 11.612376 4.312044 7.202668 -112189.945793
16.581985 16.784378 3.921564 8.087421 -113148.129595
5.338411 20.708139 5.162703 7.201034 -112861.275224
10.089951 13.452347 5.084190 3.221158 -113124.580729
9.908883 11.971840 8.181628 2.481708 -113146.548179
14.997156 1.436023 5.820535 5.058330 -113307.672977
0.455679 24.216241 2.651928 8.249335 -113254.236333
5.895239 2.857024 9.911032 9.382681 -111987.218513
10.295353 10.152546 7.693303 2.411485 -113174.936672
16.365743 1.148316 5.366218 7.567915 -113112.532525
8.110757 8.542436 5.700107 3.688417 -112781.819502
1.436422 23.741332 4.510118 5.411782 -113375.603919
12.318978 3.206950 3.463122 5.432592 -113104.419606
10.459263 0.045986 6.596301 4.961778 -113126.712859
7.917658 17.646082 4.601911 4.821792 -112936.583940
14.923994 16.094670 5.398431 9.776544 -112969.724990
13.690699 15.091643 2.676227 6.595300 -113059.483263
7.129092 16.888887 7.127612 3.637884 -112951.368174
7.918954 22.964648 4.599411 5.009106 -113369.894390
13.571887 8.095605 6.269311 7.197291 -112537.544350
5.714483 3.450351 4.635027 4.672403 -112863.834235
4.801174 1.889573 1.197215 6.355800 -113307.682539
0.894421 4.438735 4.406970 5.368699 -112867.478771
3.270483 18.342476 10.545679 6.430610 -112692.724845
15.143984 12.271799 3.709808 9.225368 -112727.717066
17.979449 11.274741 3.857889 7.997132 -113095.800417
16.007754 7.941321 2.560614 5.616691 -113242.922897
7.998692 6.896230 5.561725 7.767431 -111971.998839
12.074302 6.553413 7.244951 3.429968 -113121.041459
7.254406 6.247197 8.243011 5.645280 -112054.071073
13.402322 5.874715 7.159386 8.197784 -112535.663675
6.220978 16.726528 3.877071 2.675910 -113315.015373
8.325316 21.306137 4.529748 5.488117 -113192.311551
6.395803 5.037211 6.971434 5.065533 -112389.728440
1.084789 9.585389 8.268871 7.365356 -111695.511625
12.888045 3.597555 6.389563 4.735315 -113096.647860
5.074554 13.035389 4.384929 9.924087 -112005.021345
0.873697 6.516603 4.521908 4.499689 -112916.312496
17.270946 18.949831 4.352373 8.637278 -113357.658398
6.487345 15.268197 8.949032 3.874293 -112611.481386
8.945180 17.270567 7.178545 9.271631 -112578.193945
6.741294 6.829119 9.892336 1.721705 -113324.693627
6.992261 18.963566 3.110751 3.656355 -113308.841735
10.848407 7.457275 5.493598 8.294872 -112136.109083
9.710810 21.533330 2.812472 4.837904 -113370.539750
14.734362 11.665639 2.854744 7.315232 -112936.426544
10.269613 13.349924 6.888538 5.089173 -112493.115142
4.260179 17.525098 2.937916 3.002327 -113342.975723
10.938247 16.686575 8.807397 9.976230 -113376.782874
17.558910 6.993400 5.510664 7.600068 -113119.848267
4.431667 12.508982 5.430995 7.231868 -111958.888440
13.329416 11.874405 6.305534 5.776373 -112714.163684
11.014938 8.818984 5.483679 8.065472 -112136.362163
1.178413 14.612637 8.456384 2.458180 -113151.458217
12.683971 11.306684 6.963419 5.995599 -112538.627663
6.695007 16.818387 4.931112 5.788031 -112609.431134
6.189037 11.186958 7.999668 5.017712 -111981.236994
12.948554 3.932178 9.101989 3.803660 -113291.544485
4.305823 3.199218 6.380873 6.833901 -112280.005810
3.885926 6.747885 2.771429 4.130395 -113071.740420
9.765975 12.512637 4.695558 6.169511 -112402.418214
14.503462 15.080435 5.875435 6.406534 -112985.608321
10.371466 12.661748 7.345130 7.487669 -112090.368622
12.129367 9.526701 6.671403 9.154843 -112250.428162
21.464885 4.447344 2.772396 8.380632 -113374.287187
3.692156 22.841698 4.638067 5.316886 -113296.641395
17.249973 5.993570 7.607502 7.152788 -113341.580305
10.509261 0.967856 6.545597 6.952071 -112664.740343
3.178999 13.228633 11.506113 4.487330 -112153.222859
15.504847 4.441502 3.865707 9.158257 -112792.362773
8.833317 15.767805 6.172941 5.661896 -112500.357651
15.488074 9.843203 3.506589 4.301371 -113287.390711
4.085803 15.893574 3.954330 3.683731 -113073.557820
12.305772 8.447208 5.893228 4.774317 -112795.108811
11.484344 12.061320 1.724573 5.206413 -113203.460566
5.083388 0.968990 6.031615 4.173626 -113074.404256
5.178174 20.603626 7.728731 6.156354 -113002.070508
11.805471 9.556934 2.324860 3.292370 -113350.760902
7.437965 9.339523 7.921350 6.567591 -111718.736794
1.444538 16.781280 3.723421 5.349918 -112960.590667
2.006540 2.842016 4.594326 6.606940 -112674.252689
11.119728 1.974844 9.204262 7.180582 -112631.175806
5.532655 14.782768 5.249842 7.360748 -112120.704053
0.266805 7.376075 9.309487 6.203932 -112026.194961
1.100212 0.123221 7.939977 6.663337 -112668.437485
8.005585 8.424611 7.409814 1.595159 -113379.890426
9.558779 15.029485 5.941868 4.869417 -112680.707978
8.955671 0.327873 2.052733 8.044493 -113066.039863
8.678059 17.972884 5.214757 3.082734 -113289.681220
7.332857 21.114198 2.057355 5.427342 -113315.368736
8.815756 10.573857 5.934962 7.479705 -111912.785039
15.529450 10.084785 3.445608 8.231022 -112826.183233
8.644061 10.692640 6.424165 3.202589 -112901.520801
4.341186 4.385946 2.106444 7.206819 -112926.348159
8.509055 8.420688 1.084828 4.548311 -113335.521232
8.956404 1.585872 4.854074 4.668992 -113075.152381
4.237163 5.883555 8.046293 5.957911 -112011.808450
9.323127 17.078681 3.982039 3.572355 -113238.246729
14.366661 17.580015 5.378251 9.441816 -113029.178241
7.230647 18.813928 2.742552 4.235407 -113261.325036
1.044967 8.337353 5.375084 5.620956 -112467.403127
5.716504 8.924080 10.201820 6.366721 -111591.434737
4.785477 15.821288 8.340174 8.995916 -112090.361850
7.959004 22.362475 4.466649 4.810925 -113339.607316
7.074356 16.358748 5.207718 3.576977 -113032.478378
15.655667 12.188382 5.388436 7.280245 -112891.914708
18.399441 11.974706 4.695898 5.850995 -113356.344822
6.678135 13.494808 6.740192 5.025866 -112254.025646
10.168521 11.350173 4.862390 8.319788 -112123.699476
7.028873 22.266724 4.806374 4.034906 -113381.332982
15.901320 16.082727 4.428911 5.760861 -113267.607287
12.512398 21.799783 3.242631 8.724965 -113172.386069
7.511168 18.527965 7.382312 3.235918 -113202.354638
6.530614 7.603391 6.184058 3.837916 -112645.191770
0.945069 16.363750 6.862124 4.321001 -112887.524641
13.970587 5.998050 3.148774 4.131583 -113295.305859
12.315595 19.287712 2.210608 6.192276 -113268.337734
11.258800 18.851368 3.573119 7.426250 -112939.310470
2.295461 24.049069 1.987402 9.175252 -113231.500750
3.016826 8.491312 3.857165 7.083105 -112355.095071
8.002881 16.035835 9.899299 6.647813 -112370.164134
16.376262 2.054089 2.890202 9.301116 -113017.309434
5.538214 12.219799 1.915748 4.417712 -113145.070502
14.186241 7.070767 7.273500 5.460897 -112917.569201
12.438874 15.563496 4.272915 6.739366 -112786.224623
2.125007 23.237468 3.258877 5.831106 -113323.850159
12.188770 13.302885 3.230992 5.708037 -112931.341889
9.037232 15.934903 4.671807 3.003883 -113247.050750
13.351232 17.139786 5.546838 5.686549 -113103.156228
4.240350 14.897246 7.038886 5.267925 -112295.933196
16.713302 3.666573 5.311407 6.300665 -113213.681112
14.959252 8.257818 6.364314 4.388314 -113157.128868
2.831095 22.550537 5.027606 6.342196 -113173.440184
16.155338 11.763133 6.740828 7.545215 -113034.251190
18.811505 4.438948 4.222829 7.080756 -113294.737859
12.293044 18.835535 6.729055 4.390846 -113347.746543
13.276590 7.580895 5.780598 2.983769 -113297.074419
14.893334 7.448215 4.066460 6.936787 -112861.439829
6.848020 0.395055 9.297669 6.298041 -112592.701440
2.685328 14.349150 3.508175 3.365124 -113157.144230
7.769203 19.064307 6.737305 7.340542 -112695.039133
3.390439 8.723393 5.549403 3.850033 -112713.047756
5.640486 14.435418 7.679947 4.370960 -112418.335937
6.912734 21.377087 6.511374 6.755756 -113074.165667
4.248845 7.798725 5.318812 7.212211 -111991.798299
9.719437 22.420552 3.615952 7.669231 -113169.490206
4.578817 18.400245 4.608360 7.076493 -112621.142669
11.276329 24.921220 2.042680 8.337963 -113381.492597
9.061648 14.024235 1.367510 6.347513 -113151.458463
12.506449 22.069620 2.453303 8.536948 -113226.183104
4.922649 1.168133 1.379505 5.847615 -113324.407476
8.308590 12.418760 10.473399 3.896719 -112424.592557
17.702531 9.722991 2.943765 6.883953 -113192.094720
14.824236 18.053148 4.851234 9.499382 -113064.235210
13.726789 9.732427 7.343964 6.489549 -112633.286719
3.939680 21.046713 4.514825 7.969399 -112847.293800
12.086111 8.264129 4.867981 4.302525 -112965.354122
11.388711 1.291047 6.412093 5.758577 -112935.483482
13.392361 12.533265 4.320429 5.374106 -112935.754217
16.245910 13.741967 3.314712 5.320420 -113280.804957
10.036185 2.061459 6.906203 6.091594 -112680.637525
8.943436 18.539843 8.345256 9.019748 -113028.891135
7.130421 9.797570 1.343311 6.547260 -113083.849030
1.811130 20.599606 7.301043 7.073598 -112867.536973
16.744346 5.690679 5.383534 6.001699 -113194.060301
6.663120 16.648839 5.125982 4.014246 -112942.483770
6.836256 7.253812 5.048545 3.319859 -112955.852882
10.819184 19.819895 5.643515 7.881378 -112965.435511
13.475382 7.268394 1.765157 5.648839 -113233.098207
8.058146 9.426212 4.433460 5.946461 -112343.025232
2.164070 6.278383 4.013016 4.435135 -112913.171162
3.845245 25.077424 3.663068 6.688546 -113369.574941
7.328918 10.200314 2.193892 3.395459 -113253.338884
12.732743 10.630156 4.209330 6.566086 -112641.814301
4.508406 16.447732 6.643038 7.350324 -112167.958217
2.845570 19.442894 4.488371 9.147288 -112573.213867
0.513475 4.563440 5.746399 7.860420 -112240.319625
14.465900 6.283756 3.882548 3.833978 -113311.930125
12.784906 0.456647 9.451235 9.908686 -112841.686480
15.354109 7.344605 3.782874 3.795555 -113345.842725
4.677903 9.371414 5.726128 7.185220 -111857.829774
12.543487 13.364996 1.568322 4.296176 -113368.430736
3.065653 11.812741 4.852675 3.955614 -112786.609094
7.301529 21.038045 3.626617 8.906890 -112870.688015
6.368988 20.656490 2.151733 4.425112 -113363.321311
10.440433 15.979645 3.415268 5.968086 -112876.450428
13.751055 13.367220 3.033145 7.878518 -112814.222301
12.310201 14.964566 6.626067 5.356003 -112833.954452
8.612087 10.582166 5.308541 3.117928 -113014.555962
17.093182 4.121407 1.479795 8.050646 -113290.899131
14.966631 11.621236 5.881218 3.378897 -113322.235185
1.396012 11.834383 2.653547 4.492537 -113096.527267
14.058106 11.198199 6.956315 6.685767 -112686.652691
16.662888 15.771515 5.016187 5.624007 -113347.571302
6.970290 14.343135 4.887660 7.156750 -112185.945008
11.303862 15.237996 5.597409 3.299177 -113221.367028
10.630918 13.129586 5.167417 7.716828 -112245.169210
7.695549 16.617900 2.294155 4.605366 -113182.279570
15.609887 4.663131 5.430885 4.599913 -113290.394545
16.248144 5.113210 5.432260 6.843478 -113054.787281
11.680081 7.277307 3.875946 6.272317 -112684.537853
8.767964 7.479178 2.881154 5.525382 -112826.175396
15.265558 20.242285 2.848022 6.973599 -113336.286067
15.761489 2.166194 2.840157 7.191900 -113175.372653
10.345393 7.178240 2.479404 3.677403 -113262.596944
11.635138 5.450071 11.412832 3.944146 -113073.045987
17.211210 15.849606 4.001471 6.555588 -113288.809437
0.335671 16.292373 7.139268 5.359449 -112668.503875
10.204856 13.246222 7.128587 6.150376 -112239.646046
17.962485 9.567622 4.018729 5.868570 -113277.974131
11.951005 12.044251 1.547202 5.794192 -113198.756671
10.170263 13.545394 6.419122 3.181826 -113068.525454
8.750327 4.973373 2.489239 3.881027 -113240.194471
1.799647 12.357327 7.618514 9.097352 -111638.224221
10.874736 2.166545 6.209204 4.742338 -113048.175302
10.669899 17.550698 5.925160 7.045272 -112699.377282
5.563474 5.189200 7.375795 4.079207 -112602.347927
1.950983 6.857044 6.594367 5.634155 -112285.951638
7.268167 2.272530 1.679378 7.203412 -113116.829346
5.434158 11.173829 2.773887 3.718511 -113090.519023
11.062942 17.400136 7.802656 6.188591 -112864.011363
7.125964 21.014634 9.334563 4.814176 -113346.176975
8.764184 0.639700 4.560964 7.540637 -112670.179138
19.157596 9.545317 2.264760 8.678423 -113201.598242
16.194100 11.432437 2.298473 6.198035 -113224.283190
1.668267 3.163986 3.900110 5.353629 -112968.861984
8.681063 4.232550 2.247760 4.871078 -113163.218179
15.448537 14.117303 2.457066 6.008294 -113227.408791
12.067415 10.503381 8.482370 4.030026 -112835.229473
5.151391 7.820051 2.654181 2.726882 -113309.033291
17.501550 13.032434 3.485357 7.457683 -113136.325419
4.764977 21.350552 5.238509 7.225938 -112939.612931
15.122267 9.842854 4.273893 5.223077 -113088.535500
9.968955 17.074265 4.955933 3.290941 -113267.926443
16.312007 10.019176 6.709494 6.853758 -113052.145913
6.448941 8.151953 5.959821 4.539557 -112415.951658
11.062267 20.694180 5.410665 6.832667 -113151.113678
18.394938 1.165660 3.716388 6.388357 -113377.939932
0.983708 0.755057 8.642409 8.059885 -112265.022574
1.037386 5.126956 3.884452 7.200257 -112596.187654
1.608610 14.676807 7.955218 2.829550 -113042.486055
4.466315 6.990719 7.245829 3.813062 -112570.775057
3.358053 17.541911 5.746318 9.386493 -112242.733858
1.489331 14.535844 3.161970 2.433558 -113374.692725
11.443932 17.428124 4.902371 4.435679 -113169.325902
1.440139 12.589988 10.827851 3.540119 -112624.675649
1.007946 15.257459 6.335942 4.311104 -112836.225298
7.340533 15.746531 2.157638 4.505284 -113180.244141
2.805366 9.422071 5.427596 6.168279 -112164.978701
8.379783 5.763082 5.378635 6.218993 -112319.122649
14.164915 16.736233 2.743207 5.853675 -113228.279396
2.907765 21.900287 3.740693 6.791073 -113103.254750
6.812197 12.562554 1.223028 4.393217 -113306.462251
12.965404 19.514075 7.257273 6.304741 -113369.580687
0.042911 14.258946 7.834350 5.874141 -112333.458764
8.567208 21.036478 3.847291 4.502091 -113306.414015
1.241947 11.570197 4.849435 5.260883 -112595.389955
12.914874 0.528142 3.041735 4.880600 -113349.856882
19.310963 1.950162 3.358982 8.057726 -113288.001292
6.108760 7.657610 6.161351 4.827555 -112321.388522
8.365219 11.287811 5.584543 4.574346 -112509.930644
3.886864 16.922138 3.904315 3.825557 -113110.149888
7.038962 11.257223 7.475163 3.365683 -112686.120868
7.159315 18.128518 6.455640 2.773370 -113273.647799
10.267835 22.357335 5.273868 8.185232 -113245.522902
15.132092 11.767558 1.227161 6.064360 -113346.409707
6.158223 0.547791 2.330827 6.986329 -113076.461323
17.428806 18.984211 2.807236 8.211061 -113309.175224
13.548539 4.021186 11.044658 6.486262 -113206.875917
7.503198 10.366021 2.873365 8.601763 -112412.770108
6.090110 10.754353 1.399180 4.659729 -113225.362521
10.979900 16.808360 4.028004 4.277208 -113174.504334
7.966432 22.287652 6.231694 4.630900 -113377.663620
1.278935 18.133638 3.238378 5.357761 -113104.974808
13.643388 18.224194 1.891387 5.982230 -113326.804094
5.097885 16.785044 6.920715 5.339338 -112502.768471
2.178988 20.436149 5.122499 7.596001 -112796.880737
3.080081 7.950162 4.341240 4.996404 -112630.070848
16.930646 8.246468 7.101327 6.595998 -113216.640134
8.649514 12.203550 8.426536 7.316310 -111843.523857
10.790624 15.877386 1.853732 5.424411 -113212.601983
14.398241 17.013124 6.006951 4.756783 -113326.810847
7.384184 18.185747 3.445542 3.409590 -113294.073680
15.237751 2.725061 4.045686 4.703190 -113334.822972
12.547786 10.793152 7.324623 7.400005 -112357.199210
6.348096 16.720862 4.841402 2.464762 -113309.452260
6.167181 7.899130 9.275462 6.894473 -111632.284303
8.371233 14.101422 7.914214 4.505185 -112459.747129
3.584722 8.168497 1.127492 8.036976 -113118.269286
17.072031 3.380732 5.959732 7.814134 -113129.827028
9.078264 18.121987 5.733654 3.652936 -113193.565046
18.186217 16.891164 2.954108 6.943512 -113362.330668
9.647382 14.822490 5.180120 7.285421 -112318.359570
9.811736 15.420363 4.962137 4.907823 -112808.257155
1.037489 21.285103 6.396498 6.262026 -113061.488352
8.237823 21.993268 7.461298 7.683783 -113371.600748
9.762331 9.257863 2.570472 4.258111 -113108.574336
5.544041 11.957312 1.906179 3.336396 -113294.835117
15.648407 7.370742 6.712392 7.180134 -112922.140636
4.627772 8.304337 2.654759 6.489045 -112700.394939
3.987814 2.330979 6.436582 3.845103 -113007.052273
6.607562 4.321665 4.509609 5.579183 -112634.150649
4.585492 6.244325 2.630686 6.442914 -112778.503017
2.252525 22.062423 2.752521 5.691454 -113298.177126
15.576470 17.025139 3.235367 7.296088 -113151.426617
10.650669 4.114119 4.937104 5.164910 -112862.420652
15.818563 8.508145 3.543962 5.248242 -113191.793407
12.730954 8.576725 2.895640 5.138652 -113063.114547
18.274543 10.180363 2.891066 6.330292 -113288.954109
3.632460 22.421876 4.957821 4.482836 -113344.047197
9.601542 16.737464 3.479054 3.630776 -113257.240482
11.827450 19.487555 3.113037 4.551097 -113357.961609
10.895989 16.804086 3.150988 7.400592 -112816.584397
15.668699 12.815554 4.645296 6.255094 -113035.823944
9.323541 21.258210 1.333986 9.315214 -113221.961392
3.824753 8.323561 5.144196 9.115379 -111831.089375
11.451160 12.547781 4.777203 6.035241 -112570.292892
12.196925 22.352755 3.714301 7.388905 -113291.875934
6.918638 9.610584 5.702497 5.102880 -112262.592968
16.979183 10.466906 5.537347 5.303500 -113253.597543
2.724887 8.844801 5.094687 4.793026 -112551.503291
6.578131 13.819577 5.145851 4.756552 -112549.984333
3.861874 14.731213 2.686072 6.214774 -112820.283071
14.426055 4.819847 5.450466 9.513951 -112585.992952
3.505791 24.078602 2.994136 7.592116 -113244.737101
18.054027 8.837055 4.241432 7.517281 -113129.268343
15.233544 3.856804 2.890445 5.019807 -113316.092254
8.924068 6.790506 7.370186 3.569873 -112810.588851
6.413872 11.343110 9.022954 1.681642 -113308.543142
0.911283 5.482533 2.006054 5.098802 -113216.026947
7.747724 16.127519 6.381969 2.773478 -113185.788485
1.659608 11.210004 2.016706 5.099968 -113118.643017
2.475937 10.255622 2.601694 3.960850 -113129.440146
12.324305 16.008484 3.670724 5.660196 -113017.385484
4.787093 16.246004 3.883952 5.486558 -112755.308483
9.099598 5.060090 5.315673 5.755854 -112518.743653
14.298981 1.135259 5.594184 5.782857 -113172.922900
15.898538 13.772437 7.241607 8.753571 -113223.626053
14.631095 13.145595 3.630931 4.445811 -113249.635750
17.792575 1.929622 4.173455 5.928674 -113366.917374
7.944204 6.610363 2.117200 7.665655 -112793.289266
10.851108 7.281557 2.284046 4.094712 -113239.539483
16.359926 8.136427 4.999594 5.223101 -113194.842839
2.177257 6.449371 3.805560 4.543595 -112914.160719
9.722544 4.423279 8.732089 3.927426 -112908.993969
0.250299 7.949047 5.507385 6.280290 -112395.204127
0.574943 18.347330 3.735782 6.043325 -112997.159617
1.881584 16.887059 9.537917 1.959133 -113324.733737
4.925462 9.578154 3.547276 4.549750 -112777.961768
13.065378 12.996948 5.368914 3.511891 -113210.901099
3.967370 5.259916 2.063463 5.419757 -113082.731573
17.905536 15.759379 4.107219 7.174284 -113298.685025
4.116017 12.508594 8.968868 4.765084 -112064.150161
6.928008 10.486057 2.141039 4.042739 -113150.053863
7.469635 2.766664 4.620112 8.245955 -112345.106603
10.648538 5.369646 4.771442 6.284923 -112569.384282
4.199885 0.475122 4.791908 3.003801 -113355.996327
2.366419 10.431052 10.553563 5.993957 -111695.870084
12.002182 19.969403 2.524370 7.962817 -113110.198887
4.283361 6.759077 6.143219 5.438889 -112249.829928
12.892904 18.616009 1.897520 7.574620 -113188.816097
5.589642 6.658806 7.724467 4.640029 -112270.150631
7.485436 20.850495 3.999366 5.384153 -113157.807682
4.925047 3.200343 10.808696 8.256018 -112002.641567
11.058474 12.845431 1.826107 3.615205 -113361.031130
1.946424 10.963990 4.259777 5.289901 -112622.108405
3.799308 21.723036 4.049085 4.414288 -113317.296169
8.133582 14.803800 11.055263 4.351791 -112488.467168
15.689307 11.110538 1.937683 8.971591 -113025.427443
1.312677 11.736160 5.112513 3.980223 -112870.097837
5.994043 4.722427 5.304260 6.485031 -112305.426308
14.637137 7.855563 4.202539 7.193830 -112781.941324
5.743880 16.614634 10.148934 4.967336 -112488.030460
6.295508 2.116592 3.290274 8.595046 -112601.647786
7.217634 3.305868 6.573944 6.837890 -112262.056788
3.945953 19.820987 5.766362 4.153832 -113154.908252
7.957353 13.868055 5.018762 7.583579 -112122.872946
3.456556 12.957085 3.809781 5.860602 -112558.413072
13.138646 1.300987 7.707581 4.053237 -113368.075220
14.541678 5.194767 9.754916 8.297989 -113202.279070
9.694911 11.064794 6.908403 2.696426 -113099.150358
2.963831 7.861359 6.470432 2.065402 -113225.779735
11.498970 16.285362 2.926986 4.333869 -113250.866704
9.408267 15.513519 3.279037 6.740657 -112709.896264
5.160465 23.874937 5.169626 7.532717 -113262.554905
6.938305 13.357459 3.479608 5.317476 -112696.942382
7.436504 17.737870 5.335305 7.250044 -112497.415614
14.692023 4.940304 6.479347 5.945339 -113000.674347
10.111308 15.668105 7.585096 2.784150 -113237.571470
5.645061 4.071601 6.954248 4.338172 -112673.456129
7.490236 5.889028 4.120053 8.723833 -112178.437873
3.970063 8.726232 3.246002 4.853927 -112809.419957
5.031090 10.914169 5.510632 6.998960 -111912.130709
14.911749 11.529526 5.413628 4.275035 -113190.024730
6.195336 16.616207 2.560692 5.118307 -113052.275405
9.089215 3.318145 7.345229 9.520010 -112063.964041
7.165313 20.042299 3.304336 5.727093 -113095.659519
7.010245 22.101021 5.535208 6.084956 -113187.732608
10.183343 6.718403 6.099122 4.325580 -112760.851575
8.837990 15.670499 7.090030 2.341416 -113293.248926
9.795697 7.122475 7.408711 3.173923 -112986.854107
10.411442 6.209016 7.979160 4.606003 -112634.059722
13.366804 10.069742 7.078381 3.163097 -113205.628809
9.386799 20.976000 5.395149 5.842248 -113164.353193
16.188188 3.360469 6.394763 7.245346 -113095.415630
2.593363 6.241517 7.601412 6.264137 -112031.612514
7.244146 3.556308 5.018353 2.644667 -113281.236624
10.201156 21.405842 4.322620 5.975131 -113230.115456
1.872685 16.648022 3.546955 3.744009 -113204.950691
7.767234 15.354075 3.630348 5.007040 -112848.090814
12.523778 5.061152 7.689348 7.096386 -112542.222676
7.751000 16.969300 6.324491 6.704625 -112411.608654
15.751455 3.584792 8.160472 9.368792 -113141.551991
14.393819 3.483622 4.328799 5.606102 -113129.660922
9.078158 2.682007 5.633707 2.826348 -113326.720821
10.164291 18.245385 4.609725 5.547711 -112978.489486
9.864685 12.638656 7.276136 6.523296 -112089.977221
5.271561 5.881812 7.427554 1.990467 -113262.336074
7.813049 1.859458 7.374410 7.670457 -112255.140811
0.685420 4.556646 8.706088 2.302260 -113269.096336
11.689996 18.530867 4.369679 6.724301 -112965.751673
4.548853 13.539684 8.707618 7.093963 -111726.466836
10.486587 8.867798 6.001650 5.189573 -112470.566898
12.514911 11.636110 3.722419 7.508835 -112586.597129
11.211740 18.400807 7.121357 8.187627 -112945.717411
3.314187 12.594360 5.877037 4.267840 -112577.026044
12.660650 9.304947 9.846698 7.034939 -112593.955668
12.234988 11.670513 2.884596 4.039075 -113212.215853
10.424979 10.095593 3.253630 6.637663 -112610.787084
5.165915 22.747559 5.403130 4.549238 -113358.295563
7.214988 5.196161 5.559535 5.951601 -112346.438798
11.104218 6.944445 11.386849 8.805657 -112941.957684
17.607872 2.314103 4.581808 7.939791 -113151.403170
4.617151 7.142923 8.086839 4.244268 -112338.431249
2.565886 4.905144 5.258470 2.669296 -113196.103802
15.404429 19.445746 2.139443 8.399324 -113240.148197
12.323308 3.547306 8.747219 5.654121 -112887.046267
13.786898 15.981481 5.240838 5.909210 -113026.332033
18.405379 0.476971 5.277686 8.756744 -113208.964066
17.535419 6.942103 2.523766 6.017179 -113302.879822
4.488855 0.900832 4.652912 5.338169 -112970.364836
3.191012 16.225905 6.011918 9.045531 -112076.247655
6.279955 7.004192 7.595116 9.201446 -111666.008677
2.998635 6.866921 6.205710 2.032979 -113259.696554
2.579862 18.257309 5.264173 2.660798 -113338.894131
19.119935 0.724096 4.805013 8.185515 -113300.238551
7.589577 20.370680 5.666653 4.869943 -113131.467298
7.846435 23.312676 4.733539 5.609817 -113358.275700
15.462810 12.397527 5.739852 6.510859 -112956.174276
5.557080 1.766188 3.288066 8.191956 -112672.283456
9.050599 5.174988 3.816304 7.718039 -112434.367223
2.761331 9.662002 10.015439 2.680902 -112838.423788
11.898514 7.225124 7.556650 4.597683 -112762.058999
7.859385 1.866138 4.593506 5.971184 -112792.238209
3.167607 9.379230 2.949573 5.628439 -112766.693422
3.487412 23.731762 6.691884 7.641585 -113334.334319
5.954174 15.460123 5.832527 4.191479 -112726.335071
15.433921 6.317299 1.937570 6.861788 -113194.598890
1.718318 8.444051 1.677858 4.742603 -113231.966642
10.197321 17.325227 4.033530 4.161213 -113182.479139
1.304077 4.145405 6.619461 9.016070 -111929.007404
4.546746 10.154353 3.374589 6.133020 -112530.169740
8.085714 4.692682 8.903748 2.856845 -113075.475738
9.256783 5.065306 5.228308 2.733337 -113263.392526
13.420102 10.880200 7.102165 3.589378 -113127.008076
9.508126 1.741298 4.233247 3.172902 -113370.730111
13.396451 15.354975 2.458682 8.589201 -112903.914300
13.360880 10.532841 6.217953 2.444936 -113357.783670
6.618305 10.598252 4.888422 5.077594 -112396.807646
6.197622 10.549230 8.390541 4.489077 -112106.783026
15.769784 7.251837 3.974030 4.683135 -113253.488193
2.478022 0.827378 5.255252 3.406566 -113293.695759
5.069171 8.211258 2.309633 7.758644 -112678.550887
1.751162 9.792911 4.330075 7.468868 -112241.516227
16.633187 8.876684 6.513851 5.874655 -113176.157577
13.847653 16.924609 4.478650 4.817347 -113261.633571
7.711081 8.414475 6.407098 2.602756 -113097.060411
16.947358 3.535701 7.808430 9.109798 -113290.076366
13.061227 0.537501 5.042667 9.069827 -112674.857617
14.714274 5.481430 5.830298 5.346062 -113068.384931
8.407963 8.263497 3.813819 4.155231 -112897.335567
5.864897 8.688749 7.674275 3.233113 -112698.634395
14.907474 11.736332 9.620723 5.073051 -113203.929032
15.800433 11.199702 2.077435 4.545547 -113377.649511
1.003907 7.437963 6.573379 8.161304 -111849.257328
6.243598 9.076189 4.446788 2.696979 -113157.472995
10.436111 19.660643 5.437407 6.379050 -113016.400986
6.061619 4.357448 5.375607 4.281134 -112798.821077
7.305609 14.304229 11.841646 9.506520 -113259.178749
5.158230 13.825310 1.670647 9.182146 -112851.217220
5.239629 5.255923 4.804338 4.158690 -112820.785526
15.177967 13.949824 7.737429 7.045270 -113107.970506
7.418304 15.495219 5.338549 3.825167 -112913.645114
10.197752 19.666158 6.058896 5.015398 -113170.466043
11.746616 19.309138 5.619947 7.179267 -113016.583689
14.901262 11.682071 3.303398 4.711163 -113224.592170
8.615946 11.991180 3.579487 7.076795 -112404.802444
7.607055 12.738011 2.497979 5.268870 -112915.808780
10.505115 3.945614 1.912202 7.939841 -112980.262315
17.527273 12.224960 3.813547 7.503312 -113108.024102
4.034689 18.749746 6.338534 5.295167 -112817.477657
10.656706 17.675719 3.064552 6.438498 -112982.069733
8.788829 1.503214 7.179471 9.710113 -112139.108108
9.639471 19.288082 7.301311 4.559599 -113169.850546
7.567819 14.334114 9.330183 2.260557 -113177.764362
3.719092 1.107600 3.773714 3.734787 -113277.694514
8.601475 22.490836 5.324868 4.830082 -113376.879323
5.504588 9.273707 1.101227 6.038952 -113203.165529
4.754051 22.313579 4.269649 7.627028 -113036.333609
1.526235 10.018819 6.513717 4.314836 -112590.438334
12.867614 8.974343 5.921749 8.247966 -112341.127901
13.277225 2.563127 5.425073 4.472115 -113243.383623
0.361556 22.373295 5.835658 6.443428 -113172.439966
3.350847 14.717136 8.179851 6.293978 -112009.049549
1.325958 14.895776 9.389904 4.587967 -112519.260143
8.304731 6.914650 4.416853 6.008244 -112433.180497
3.526972 24.011107 3.843263 5.576348 -113367.013699
8.845407 19.902695 8.388893 4.984400 -113186.779217
1.106794 21.810095 6.193069 6.161320 -113134.178149
12.919020 13.868923 7.445203 5.166263 -112861.939053
0.912654 11.928094 5.805765 4.838279 -112606.041911
11.221122 12.248298 7.831965 6.054758 -112311.368874
11.441369 16.566632 3.814637 3.580708 -113310.492006
13.168926 7.409352 6.341284 7.756699 -112442.007343
