70.264223 191.458216 5.802869 7.003703 -107940.852819
68.196950 190.209703 7.170997 4.656454 -108086.614704
72.572499 193.527971 4.906364 5.396975 -108001.147644
71.598936 189.141596 4.388256 5.856341 -108009.508877
70.925790 196.477271 5.076316 5.795429 -108074.720450
72.068278 193.432108 3.792589 6.408781 -108004.669220
67.945422 192.682886 5.049194 4.714810 -108113.501881
67.820770 191.159126 6.484183 4.619618 -108092.080628
68.036415 189.938738 5.802578 5.925579 -108045.611851
70.634101 189.551665 4.198442 7.347860 -107980.640014
74.270481 194.787485 5.995991 5.110834 -108071.979920
71.448275 190.489240 7.569547 6.951129 -108068.029957
71.496471 195.055333 4.746989 7.415449 -107957.514644
70.561787 186.769476 4.159629 8.403729 -108117.416965
72.537952 195.255201 3.661414 9.509107 -108003.040816
74.610978 193.734548 3.522520 6.533355 -108067.126087
70.596875 188.517446 5.172241 5.765527 -108016.140611
72.559029 198.653408 3.964031 8.465969 -108064.644857
76.159598 190.218230 3.770036 6.880368 -108087.013213
75.610943 189.142943 5.339444 6.637160 -108075.032494
73.691790 193.119957 6.140884 7.233084 -107973.995134
69.552842 188.630222 6.110502 6.799666 -108058.193136
72.810516 191.984816 7.347459 4.671846 -107974.627758
70.016693 194.721550 4.805260 7.661407 -107965.413102
71.083337 196.188462 5.527682 9.248476 -108035.212439
68.929944 196.301939 6.581556 6.380328 -108073.091726
71.824249 194.251030 4.707001 7.323498 -107942.632388
68.409737 187.725807 3.621717 7.848492 -108109.309456
75.432907 190.801590 4.730704 8.423319 -108062.923407
70.481429 191.357288 3.234659 9.112981 -108015.439585
70.692801 189.502674 6.987154 6.224216 -107996.476014
75.510455 190.591755 3.309217 7.010651 -108080.602612
