39.272473 120.696764 1.232107 9.327322 -105179.897874
39.273876 120.699149 1.221624 9.316514 -105180.068542
39.274954 120.721371 1.206608 9.345111 -105178.969634
39.301123 120.680299 1.237247 9.342651 -105180.324693
39.271210 120.701016 1.240254 9.332451 -105179.785730
39.266813 120.682302 1.245728 9.331476 -105179.991187
39.257472 120.700068 1.215773 9.330599 -105179.302829
39.276274 120.709739 1.246723 9.316631 -105180.288446
39.269481 120.687134 1.236072 9.312410 -105180.374436
39.282696 120.708663 1.226403 9.326953 -105179.925513
39.282786 120.706405 1.233031 9.314523 -105180.348435
39.261147 120.701237 1.240067 9.331349 -105179.602132
39.250940 120.708922 1.244353 9.344447 -105179.011735
39.276066 120.693936 1.236941 9.353812 -105179.364163
39.271209 120.702868 1.212195 9.311078 -105180.022046
39.276339 120.697341 1.221619 9.310171 -105180.301773
39.264594 120.714636 1.218428 9.334267 -105179.221273
39.280128 120.701739 1.244442 9.340259 -105179.808284
39.260976 120.705592 1.223932 9.323099 -105179.590228
39.275830 120.686382 1.232511 9.322245 -105180.215485
39.272114 120.690296 1.226353 9.321136 -105180.057822
39.281479 120.678780 1.238601 9.344991 -105179.891908
39.276674 120.710581 1.239156 9.346628 -105179.409649
39.260072 120.708345 1.211355 9.327138 -105179.316325
39.282487 120.690519 1.221696 9.314810 -105180.379933
