43.632234 36.112784 8.951166 8.816334 -98967.546321
151.044479 75.773118 3.545828 9.035570 -102649.721020
152.827554 90.052490 3.545828 9.035570 -102649.721020
173.733227 33.919135 5.579948 5.578492 -102565.414587
183.027561 50.958545 5.579948 5.578492 -102565.414587
18.646854 193.534360 1.883745 9.427899 -102965.527993
31.384040 194.707358 1.883745 9.427899 -102965.527993
24.985617 185.152238 1.883745 9.427899 -102965.527993
73.855381 176.174236 8.267695 2.297097 -102938.208327
172.895730 110.122096 3.229307 2.233260 -103098.076496
145.799006 149.218565 1.526692 5.092033 -103100.106405
47.402933 196.121352 1.009036 5.218161 -103112.509957
