103.400754 94.347188 5.654009 9.810955 -98221.663957
79.490748 98.318896 5.654009 9.810955 -98221.663957
20.343086 57.667586 7.434041 5.770551 -99173.275805
65.313714 139.800272 4.008677 6.840026 -99456.627919
55.442294 146.159267 4.008677 6.840026 -99456.627919
176.984836 69.211833 3.838905 4.842119 -99536.904608
166.298169 67.157026 3.838905 4.842119 -99536.904608
53.810606 17.912987 1.977266 6.898783 -99776.022087
158.954557 81.917088 2.006244 2.582048 -99803.277134
101.158984 133.151263 1.288274 8.196685 -99809.554257
