119.062589 19.516333 10.490770 8.527333 -104431.553367
122.800102 39.703423 10.490770 8.527333 -104431.553367
153.116053 58.056318 10.490770 8.527333 -104431.553367
65.632240 56.704254 9.192656 8.598139 -105158.086511
49.900016 58.741616 9.192656 8.598139 -105158.086511
123.520859 185.246123 4.231341 7.673167 -107526.792390
126.700867 159.063613 4.231341 7.673167 -107526.792390
188.473313 30.329225 5.122876 3.496837 -107907.964087
101.016351 133.535286 4.364811 1.256056 -108241.900935
185.703936 69.287772 1.395177 4.109326 -108244.254625
117.988704 77.658042 1.300191 2.232437 -108248.447093
