139.928804 90.029497 4.979613 7.344841 -104364.285004
72.980086 102.325476 7.197177 8.613338 -102690.296041
71.410410 178.271298 7.196663 7.306046 -103798.751966
83.141618 156.307499 7.196663 7.306046 -103798.751966
125.215097 36.530715 11.536191 7.431112 -103313.149206
132.507565 9.517791 11.536191 7.431112 -103313.149206
144.768757 8.939394 11.536191 7.431112 -103313.149206
143.932827 42.252238 11.536191 7.431112 -103313.149206
8.238501 177.506400 7.884384 3.087660 -104655.979817
100.338819 129.408225 3.523535 2.305117 -105108.406476
