49.775482 84.745640 3.478896 7.522692 -113587.721179
47.041543 90.581374 6.459194 5.750316 -113466.898098
49.233173 84.248339 4.077244 5.629899 -113614.310357
46.302160 86.288340 5.314011 7.320285 -113401.842635
43.698766 88.545177 9.169775 4.136416 -113590.005963
48.799981 89.679733 6.085361 7.810146 -113580.593614
48.178141 83.796445 7.591900 5.976727 -113519.322258
49.058146 86.765909 5.980488 6.067109 -113410.396901
48.032167 90.204990 8.873977 6.012721 -113577.649463
43.018537 85.214247 4.629765 5.265498 -113652.622609
43.562080 86.386578 2.684548 9.456211 -113642.588226
50.006936 84.853719 6.207919 5.910014 -113522.242185
49.492243 84.992484 3.417206 6.750813 -113598.444783
46.608410 87.282167 4.183264 7.357449 -113439.610667
44.323568 89.203990 4.207586 6.035917 -113544.372716
45.760220 90.599282 7.437018 4.270850 -113560.014168
43.649744 87.523889 7.078532 7.437890 -113609.623842
47.140371 91.213219 3.063229 6.239215 -113683.653325
47.300177 86.720753 2.938107 8.217471 -113563.222541
52.026946 86.372659 4.224153 7.637921 -113648.549467
49.070956 83.125068 7.962321 6.308840 -113675.342936
43.967208 90.408657 7.223240 5.977107 -113564.930571
42.024885 85.143393 5.805140 5.946630 -113648.108052
42.984685 86.974909 3.857775 5.772898 -113631.795867
49.803567 83.367377 7.101520 6.740276 -113666.699605
49.601471 84.646383 4.728687 5.152598 -113606.034155
45.017225 84.996671 5.504012 6.489274 -113446.022360
45.322245 87.161785 5.978537 5.838591 -113379.707143
43.863138 89.811145 4.075198 5.752559 -113610.306659
47.996703 83.134451 7.162508 5.438900 -113552.558802
47.744744 83.515875 3.922940 5.846271 -113608.237007
43.926478 84.445589 9.061941 5.535154 -113653.449955
48.648167 82.770166 5.292216 7.995495 -113618.040281
49.619267 89.235002 3.139509 6.482216 -113646.474411
48.919230 87.364689 4.917323 6.987274 -113438.598698
49.926537 89.222733 6.527922 3.666939 -113685.168172
42.550621 85.181349 5.375706 7.762147 -113616.605340
48.611148 87.952980 4.761561 5.656392 -113472.810401
45.903134 83.885519 7.526536 3.649858 -113684.458781
45.174548 90.026618 6.603460 5.149701 -113479.252357
48.089773 87.294573 6.957211 4.191616 -113466.947160
49.884254 83.984247 5.060951 5.686840 -113589.791194
42.909906 86.473369 7.049912 6.567865 -113572.023676
51.379076 88.325694 4.676858 8.666701 -113667.810930
46.311490 86.473311 6.486362 3.278215 -113677.368358
49.447734 84.021140 9.489953 5.015212 -113639.889893
46.405652 82.170623 4.882733 6.290706 -113603.408488
43.098381 86.442089 4.830275 8.258401 -113564.391659
47.621685 84.415644 5.069803 7.787177 -113486.115698
47.607934 91.442294 4.987628 7.450858 -113570.769303
43.921055 85.948771 4.518229 4.718941 -113651.267554
42.252542 85.706532 3.848343 7.273930 -113616.191771
46.042406 82.681630 8.413894 5.471230 -113649.448568
45.820263 84.647771 6.803675 5.768663 -113431.287583
48.932318 85.886689 6.622722 6.555197 -113433.608964
47.239124 83.911213 7.088955 4.282627 -113572.069020
45.439547 84.492763 4.413727 6.200110 -113515.317259
46.565065 91.053625 5.459204 6.292302 -113509.641189
47.641448 88.676633 5.537340 4.301290 -113538.486674
50.325419 88.955935 7.585318 5.847366 -113559.739386
48.222157 86.391294 4.170569 5.858079 -113502.968163
47.960336 85.501201 5.248450 3.761558 -113673.125556
42.648474 89.627805 4.250971 8.890279 -113650.023527
46.286872 86.166480 5.286107 4.999201 -113470.894666
47.842920 86.245212 5.601290 4.256270 -113544.758590
47.650516 85.922234 3.621854 8.946918 -113526.918614
42.231787 88.192178 4.310895 8.694699 -113629.603932
47.270638 91.843964 5.646782 4.957816 -113627.776064
45.112910 89.656548 3.988974 6.639973 -113526.957294
49.708529 84.936786 3.703002 5.945168 -113621.029659
42.800268 85.489386 5.517336 6.149732 -113563.666189
47.528327 86.587307 2.385843 8.330071 -113642.269210
46.976354 90.044792 3.759778 4.667493 -113683.384764
49.517998 87.801628 6.421444 5.090872 -113463.279416
42.680547 89.095819 4.923936 5.652030 -113606.538907
50.165251 85.395924 3.697812 6.466888 -113601.559815
43.736922 84.890548 6.206465 4.460957 -113647.746198
43.419636 86.379624 6.583988 6.408376 -113498.242827
47.769256 87.096439 8.885570 6.294406 -113472.372797
48.785391 88.373655 3.618866 5.302707 -113622.688007
47.837725 82.281269 6.036619 6.324449 -113594.798822
44.538543 87.689710 3.353153 6.440050 -113579.252303
45.106812 85.830318 5.463569 5.513497 -113452.796558
45.239238 89.493849 8.447115 3.410191 -113630.024451
44.601069 84.125457 6.885561 5.047639 -113557.685829
47.816962 88.082682 5.049474 4.581638 -113530.810957
44.352529 88.984138 3.664225 7.015878 -113547.758256
46.767575 85.963229 3.774273 6.728373 -113493.180512
45.199560 85.119941 2.574777 6.912694 -113670.899897
44.209404 87.290657 5.332074 5.461195 -113482.116503
49.920919 83.827712 5.292377 8.625380 -113672.711043
47.364793 84.086304 6.518239 5.334453 -113471.812288
48.376570 83.099892 5.554886 7.905607 -113599.197772
48.501483 89.929344 8.057036 5.061180 -113471.565197
49.465022 84.451503 5.417687 5.335025 -113553.940841
47.798505 89.537165 6.198855 7.311324 -113485.920050
46.470501 84.852920 4.809563 5.647561 -113488.249536
46.001599 86.526215 4.607428 4.004392 -113663.591280
43.552759 89.254776 2.732996 7.814237 -113659.343323
44.552153 85.121117 3.033024 7.448766 -113602.395751
45.011756 87.172267 3.830664 7.616778 -113488.369151
48.598238 91.172454 5.665570 6.258236 -113552.130684
48.190158 87.722594 6.705460 4.198281 -113480.958926
44.733245 86.290443 5.782961 7.510905 -113461.321668
43.494518 88.484006 3.119628 9.193634 -113615.156145
49.634024 87.880605 4.653793 5.968567 -113507.382236
42.490119 86.848044 5.320615 4.904803 -113653.751060
