134.009553 90.317573 5.346594 4.185742 -112645.310963
138.561595 79.414725 5.520741 6.225143 -112653.459218
135.183727 81.473892 4.815547 5.706398 -112266.779404
128.355179 85.356866 4.303572 5.042956 -112180.883836
129.593412 83.580504 1.805769 4.268958 -112645.579650
135.536309 76.938173 6.192826 8.515435 -112563.076913
130.205086 84.746614 6.317304 6.336281 -111773.052769
123.211910 82.808104 4.392864 4.625231 -112535.888579
132.651290 73.715904 5.825463 5.892789 -112689.973051
135.255784 89.715465 3.378761 5.173962 -112618.905177
130.381881 85.735851 1.262858 9.051459 -112517.306052
138.629461 88.951142 5.456031 5.428637 -112763.647059
123.401410 83.936566 2.689799 4.152887 -112705.265835
129.565746 77.966291 2.727205 4.353177 -112623.562998
121.390104 93.022290 3.399787 8.952227 -112686.970492
133.599135 94.026589 3.859871 5.346083 -112781.667739
128.960158 88.654806 6.037699 2.831978 -112645.500685
133.118690 81.576000 8.572611 6.682284 -111991.588441
126.028790 92.664250 6.783181 5.018619 -112793.682889
133.585591 73.169362 2.764976 5.615687 -112760.586622
124.470294 79.179588 8.466423 4.192163 -112576.267789
134.507621 80.216484 6.499909 3.782230 -112480.334323
122.556710 90.446694 6.161881 5.995431 -112718.189702
125.348556 81.140738 6.595690 4.889578 -112239.357669
131.333608 84.429682 5.086791 5.141233 -112037.587833
132.610599 78.512449 3.501676 3.182517 -112720.364033
132.141605 81.549779 1.876311 5.881261 -112519.484993
128.288379 84.462284 7.847606 4.130168 -112016.789516
129.165006 81.685749 6.014309 3.167089 -112399.888832
123.025287 77.121195 5.158744 4.524387 -112742.352780
125.855115 94.535599 2.306204 6.048965 -112796.865122
122.933969 92.024166 2.979204 6.435616 -112704.234627
124.624616 78.337132 6.961791 5.496093 -112441.748730
115.831638 86.821092 3.257021 9.912028 -112762.271663
131.423956 76.938085 1.128977 6.276851 -112742.380416
128.708848 73.439136 5.003202 7.067753 -112587.428733
127.210136 77.214699 5.702056 8.905795 -112269.838353
128.269777 83.804014 1.602229 4.462401 -112674.647959
134.958298 78.354666 4.030677 3.442552 -112737.941567
133.993008 82.703906 7.088378 8.167270 -112085.786293
128.060665 76.411254 8.346125 3.727835 -112653.701233
131.212321 90.267530 6.285876 6.882515 -112261.316856
124.961431 92.192980 3.536507 8.123309 -112505.518902
130.095605 88.665718 4.867595 9.939848 -112142.953241
128.974895 82.923136 5.414474 4.981440 -112012.550713
135.036562 90.734797 5.380522 5.619597 -112571.938183
127.874891 87.774245 7.004410 4.597348 -112203.845872
140.137375 77.890100 2.199246 9.646629 -112625.708107
130.485561 78.970007 1.917625 7.004718 -112470.341300
123.412179 88.789958 4.328737 4.936234 -112610.532055
123.440380 81.674417 8.033285 4.506026 -112498.954948
127.327880 91.420078 4.880334 3.871716 -112727.686426
137.838398 82.464365 6.701782 5.226098 -112574.371792
129.130731 88.832072 7.088087 3.962345 -112391.600175
137.755263 88.476297 6.291659 5.451116 -112683.497289
128.607636 86.131844 9.111749 9.262980 -112759.678060
137.939728 79.940157 7.979899 4.552341 -112792.698242
128.775749 77.690902 4.430363 5.476818 -112327.333092
123.546420 85.151492 5.379326 4.810651 -112440.254020
129.892428 75.652819 5.730546 3.259717 -112742.420295
122.046323 77.595219 5.443574 6.747252 -112611.943391
117.234540 80.992456 2.117242 7.128709 -112790.437121
137.701748 76.155597 5.159242 6.102392 -112749.755170
115.255298 85.105950 2.909241 8.897417 -112789.178905
132.216556 86.287917 3.246083 5.182735 -112360.888956
135.083798 75.091904 5.118113 5.767246 -112659.417671
133.462093 80.861264 3.262018 4.703650 -112465.190191
129.311658 83.295657 7.756683 3.687215 -112086.562783
133.335501 79.136864 2.372145 6.530674 -112454.885785
123.299627 78.244790 3.358892 4.134954 -112757.107266
126.534168 84.111465 10.100083 2.100726 -112648.946719
132.358739 79.193170 3.745683 6.375658 -112228.149019
123.462354 87.829406 5.880734 7.629849 -112344.192013
125.809008 92.248942 5.173977 4.268301 -112774.854694
120.891345 91.772545 2.968844 7.198813 -112727.969714
128.477331 96.581645 2.546368 7.614831 -112770.202603
132.237556 93.159526 3.953337 7.517019 -112534.689334
126.640801 79.136219 5.950276 5.425958 -112208.907304
128.356493 77.021538 10.742977 2.727840 -112785.948301
137.152180 81.710527 5.153433 3.897346 -112673.072506
129.059288 83.086377 5.326530 2.954654 -112469.917435
124.159287 77.759392 4.022471 4.007782 -112727.051165
134.944140 89.781746 4.624461 5.160904 -112548.453927
123.252111 88.785225 6.674327 3.380199 -112783.058116
129.092559 83.089400 4.292258 7.431812 -111899.476962
134.531804 85.078789 3.643279 6.411345 -112243.056710
134.707783 73.817518 6.052224 7.363009 -112773.995367
136.788749 79.408246 6.331219 4.358807 -112648.017494
125.756665 88.346437 5.921298 8.739113 -112228.330577
129.169475 83.522588 8.163200 1.584832 -112727.001625
130.216980 83.184941 4.839139 3.534793 -112356.867693
121.845371 85.925916 2.953509 4.047418 -112780.041417
126.728622 81.470896 2.943715 7.430021 -112202.873418
126.092312 89.365346 7.399414 3.376184 -112655.163292
131.200723 84.833812 4.113995 2.751560 -112605.619071
135.137850 73.362392 2.182599 6.599061 -112750.436992
139.106599 75.987131 4.592984 7.936119 -112761.649907
141.005312 82.342940 2.480937 7.645891 -112690.213699
130.811312 79.938070 7.045611 8.168699 -112008.044246
127.232339 87.506948 3.521199 8.210178 -112121.944967
136.716791 80.442348 4.498515 4.801966 -112568.579392
133.540585 83.301968 5.949633 2.627140 -112601.050186
135.968980 85.778100 3.410323 9.119818 -112240.330155
137.260976 79.482503 4.262162 6.336721 -112494.988461
130.603509 84.331472 2.679437 6.778946 -112233.573044
131.278334 78.741995 4.020952 4.878804 -112377.738885
130.074723 79.343020 8.595606 2.367223 -112636.133571
134.551645 80.672838 1.962417 7.888874 -112446.428934
120.949193 85.194268 1.905823 5.820794 -112732.812705
133.167136 86.536408 8.650201 5.947619 -112045.589577
131.346790 89.842844 10.678897 4.202670 -112572.555164
130.396879 87.600872 11.041848 4.941776 -112123.539342
135.021779 85.798673 4.372304 4.298593 -112490.233848
121.834028 85.880840 4.210329 3.806295 -112762.774680
130.110817 85.535121 6.547885 5.412156 -111873.674704
123.290692 89.092371 5.604617 8.639960 -112457.980272
134.423804 82.029835 10.945554 5.085482 -112251.947492
123.811302 90.736353 4.463628 4.771080 -112707.307135
134.192893 88.925132 6.484845 5.333863 -112374.848372
125.087109 87.356007 8.704227 7.950083 -112565.536509
125.058445 86.694437 2.164681 5.020669 -112633.919591
131.788685 84.631346 7.233573 4.194476 -112044.651590
127.627505 77.743529 1.888827 5.280501 -112662.754766
126.327357 90.943908 9.202670 5.187489 -112727.324683
123.197734 84.707914 7.022943 6.879500 -112296.139550
129.419089 91.579061 3.991228 3.800678 -112751.219988
125.582796 88.547782 3.806248 6.980445 -112287.944940
133.556752 91.797899 1.303588 7.374165 -112722.440672
137.384756 81.024345 4.282470 6.650196 -112424.266977
134.454697 77.802653 3.726703 6.165717 -112426.040959
126.545255 90.327294 1.977516 4.429769 -112773.515312
125.709669 77.486255 5.101168 2.941743 -112790.634291
136.997449 87.184141 2.917379 4.729245 -112692.910540
130.199758 78.376521 7.767542 6.550558 -112086.602660
129.599426 77.079716 5.762315 3.862599 -112547.810570
128.113224 89.652703 5.163003 4.192310 -112518.921618
125.290972 85.030668 3.502572 5.507066 -112354.352908
135.969735 87.287098 6.430711 7.457620 -112342.323736
129.445960 89.457374 3.162373 8.271349 -112235.286089
128.118229 74.284686 5.828681 7.578631 -112547.652670
130.961032 87.050111 4.904370 5.630200 -112093.625147
142.319188 83.622556 1.079914 8.913899 -112804.377392
138.197448 83.619604 7.698911 3.967068 -112767.970399
125.781804 82.459178 2.020416 3.936354 -112717.177181
122.574362 82.109883 2.670817 7.610362 -112424.162315
131.724386 80.839023 3.411071 3.836240 -112524.850363
136.917804 84.897642 10.729711 4.058571 -112734.025747
120.100591 85.885430 2.845000 8.594949 -112508.470233
132.260313 79.012377 2.440749 4.375466 -112634.259321
135.740289 73.844650 2.524152 9.395536 -112577.590519
125.386769 86.445485 4.849304 3.562900 -112573.340671
131.303670 88.629610 7.963094 6.810404 -112146.153742
133.770636 77.022639 6.895275 8.493543 -112515.510844
136.624186 91.537971 3.453712 7.284669 -112612.037462
122.284230 84.199500 2.981485 7.069323 -112437.760899
135.817997 90.264648 4.814016 5.199980 -112625.689954
130.483142 75.642779 5.118896 3.395011 -112733.071266
134.532108 80.724571 4.689090 4.237089 -112464.441716
133.909826 77.605872 7.335349 8.034052 -112473.563304
136.717082 78.922357 3.417600 6.368063 -112513.796303
129.743456 76.153089 4.443837 8.141970 -112249.061215
129.111357 77.541526 8.060188 2.371673 -112767.322777
136.054750 82.563249 3.912619 4.324154 -112570.768724
130.011872 85.814819 6.665247 4.979239 -111942.825397
135.531151 79.270726 8.385483 6.984961 -112525.367336
127.043606 75.764878 6.395987 6.373182 -112459.749648
130.902400 95.540559 2.968448 6.574782 -112760.532668
135.608374 74.382548 2.034187 5.771191 -112787.489712
126.008288 81.368763 4.851816 2.539526 -112727.285089
121.970108 90.122586 2.342557 5.404334 -112774.737796
137.802864 80.417433 4.576038 7.982999 -112410.158378
126.773825 89.183764 9.444098 4.834095 -112445.394809
130.441477 79.545994 7.473796 2.424549 -112630.121115
127.193013 83.693777 5.370290 4.563897 -112165.398409
130.222211 76.928931 2.910647 9.907693 -112251.995933
130.137648 81.588567 3.699995 7.449570 -112007.698162
134.524682 78.978068 5.304832 5.911748 -112289.600226
135.770560 84.220044 3.505457 6.940437 -112288.803490
128.005123 81.976672 6.020770 7.388982 -111816.720823
120.460927 89.061702 4.973392 6.214771 -112731.133151
120.956254 85.368643 2.951639 9.179149 -112412.956909
129.242556 97.303551 2.444493 7.581828 -112807.330553
129.887844 85.137192 3.750999 4.985490 -112240.293575
132.463646 83.939881 3.683452 5.138001 -112260.816714
137.924669 83.908449 4.122058 7.124152 -112413.719363
135.351420 92.790757 2.898373 6.981389 -112660.892628
123.213802 86.889185 2.150094 4.223903 -112775.450421
123.472859 88.101267 5.063176 4.638642 -112588.592460
135.095627 72.524013 2.408243 6.008134 -112806.260650
142.372066 83.208921 2.215026 7.275850 -112792.923846
124.737387 76.756339 2.797316 4.192449 -112775.462316
142.188020 87.635146 3.102479 8.407953 -112769.950619
130.234569 83.737113 3.199312 7.961515 -112048.282870
138.428262 84.658575 5.873351 6.498549 -112537.468298
127.099277 86.923972 1.752814 5.099908 -112644.337691
131.681108 78.410797 6.757356 5.374586 -112169.891726
124.255905 93.829091 3.987460 6.661546 -112742.803674
136.928801 85.992711 2.802027 5.448976 -112602.996942
128.932575 88.982579 5.434851 5.279812 -112256.494210
129.996020 82.631677 1.988230 3.773523 -112671.983252
123.155801 79.740905 4.655338 3.190380 -112787.650884
124.187233 81.269446 4.474699 9.402550 -112147.047229
138.184611 85.267634 1.248567 8.359126 -112683.931965
123.502612 84.427772 1.988012 6.799252 -112540.914791
122.815935 81.835714 5.667609 5.362286 -112440.218779
120.391026 80.752239 1.591089 7.974618 -112671.535223
130.406202 85.930824 6.503414 3.295986 -112323.889076
130.532758 85.302267 1.043925 6.010762 -112696.938768
130.967021 75.754139 6.530165 2.931170 -112770.774345
122.268562 84.951440 2.983844 4.071683 -112749.134683
123.293674 87.314999 4.992277 7.494804 -112298.251671
122.020757 75.357467 5.029375 6.518335 -112764.178261
121.342636 84.950235 6.520849 4.508262 -112697.878362
136.574713 89.358164 6.420046 5.854852 -112600.375983
133.505550 86.696987 7.532124 6.400260 -112050.129481
131.195105 76.851826 2.964425 5.519232 -112520.872718
135.043595 93.930077 4.105879 7.103020 -112717.592164
125.766758 80.336261 5.477179 8.859347 -112081.108911
127.947822 78.599735 2.570943 7.999297 -112301.181925
142.258013 86.896817 3.215067 8.727907 -112752.876025
127.815698 75.406653 7.441851 8.166184 -112687.011996
132.384887 71.959746 5.128301 8.024329 -112770.380554
120.018228 82.734647 1.379939 6.430627 -112782.923956
136.065321 79.172508 6.656382 4.182810 -112614.030292
136.368851 75.661745 2.157835 5.081927 -112807.597423
130.449535 81.587611 8.317415 7.316844 -111873.677644
127.730675 75.403659 2.133733 6.300157 -112633.723582
141.166772 87.730404 3.408950 6.725504 -112789.149233
136.556221 78.075774 7.080222 5.252125 -112647.686623
133.037469 93.731395 5.260504 5.401454 -112770.346136
132.555367 82.572356 3.622578 2.974908 -112637.601236
121.476278 84.516668 3.413879 8.947528 -112350.005599
119.067577 84.230610 1.974711 6.899239 -112724.663621
130.902344 74.136376 5.204591 3.972703 -112760.241129
123.207512 83.244489 5.220998 6.419673 -112267.548029
126.861250 79.791597 3.716812 7.563790 -112127.160748
130.523160 93.227185 2.841525 7.131771 -112581.539696
136.452819 76.893562 5.415462 8.867255 -112558.355934
137.280697 87.945236 3.867103 4.499910 -112703.826064
134.067753 83.361913 6.952347 3.361866 -112417.982383
127.805292 73.137719 4.366747 4.981244 -112761.417519
122.629184 77.416691 2.201838 6.456114 -112674.046786
126.881849 88.026986 2.617740 7.521267 -112329.546341
122.885827 90.354371 5.809881 6.068347 -112655.439053
135.382438 84.809649 4.918690 2.916868 -112705.498841
132.808421 89.425410 6.518587 9.049485 -112413.367605
129.909478 84.588921 7.887209 7.053231 -111763.040270
120.914234 83.695357 6.800329 4.635284 -112731.799950
128.983042 81.748629 3.211457 4.284188 -112442.872621
131.245194 77.329718 1.914728 4.588743 -112719.721237
124.553515 76.228567 4.013636 6.938356 -112484.162553
136.695371 80.946757 6.461025 3.750967 -112654.649199
134.299386 70.781607 1.595174 9.607620 -112729.997930
123.367417 78.767848 7.408690 7.580287 -112573.302231
125.986572 74.529684 4.472284 7.179375 -112534.406928
126.904789 81.969718 5.881055 9.772950 -112085.914707
136.361268 74.690601 4.634396 5.977021 -112739.499893
128.118528 81.807928 7.316193 6.176032 -111805.569331
126.486183 81.287898 2.989982 4.210276 -112560.073470
137.568091 77.852030 1.635824 5.438666 -112806.821919
127.881379 79.778196 5.760619 5.494301 -112087.030674
127.507941 87.530110 2.952053 5.090341 -112465.320232
138.900814 80.180725 4.640014 8.411250 -112528.978515
135.587476 73.856693 3.139629 5.839116 -112754.583127
128.327523 89.066270 5.235844 7.128496 -112116.386423
133.405219 87.469575 8.464546 3.816251 -112379.374802
133.116525 75.309148 3.084481 5.088963 -112673.415413
136.894421 79.692058 2.503809 7.205539 -112518.368187
123.020617 74.780730 4.823253 6.189412 -112745.869047
129.166395 86.540592 2.118196 6.451535 -112423.346569
126.106364 80.160760 2.852566 9.171645 -112195.225449
133.427286 81.606339 3.548492 7.087655 -112145.707633
132.194363 90.020248 11.828440 4.370507 -112730.040400
137.900407 80.631433 3.828704 5.043044 -112654.164485
133.119595 79.197651 3.731070 4.118328 -112550.207625
122.967352 84.315937 7.254894 9.427556 -112670.864703
130.608742 91.526329 6.997013 3.884793 -112713.191726
123.118835 88.765663 5.269016 8.720240 -112414.360068
131.199385 88.227936 5.568356 2.676749 -112666.387514
122.583559 84.454928 5.285484 7.055324 -112295.289113
134.730353 88.207790 1.865125 6.299173 -112611.063980
140.329934 84.535871 4.484745 9.050058 -112628.664412
126.846418 82.144076 9.933033 3.169968 -112343.513160
133.924279 85.585278 3.843615 3.394667 -112611.636294
124.743085 88.390276 5.290725 4.311496 -112554.447948
120.024306 85.366775 3.801607 4.458828 -112796.737334
127.982087 80.857121 3.988415 2.464252 -112742.718777
120.221817 78.283658 5.716076 6.011807 -112807.745684
126.365144 78.417478 9.066735 7.179496 -112479.665735
128.423154 83.201023 8.203765 2.212799 -112559.597496
133.586005 85.656045 4.382407 5.659528 -112190.251436
132.664953 81.125182 5.834012 3.681125 -112362.241169
123.431627 89.685914 1.307991 6.283512 -112770.316615
130.335432 84.507788 6.509745 5.486211 -111828.127964
120.707297 76.490111 3.112712 6.134934 -112763.335840
132.948630 84.624062 2.328367 4.548035 -112568.969922
133.241613 78.381498 7.561107 6.159730 -112227.988452
134.985265 77.855005 5.114601 3.960080 -112656.706727
131.064516 81.235067 5.403455 3.183054 -112451.823345
127.740949 86.898241 5.528785 5.328305 -112104.398284
133.448975 74.577998 7.059750 6.221555 -112707.892420
129.252725 77.266099 1.964490 7.029337 -112517.607535
127.441777 86.921568 3.743726 5.261633 -112312.484346
128.625491 82.339894 4.256255 4.494306 -112259.452390
134.754634 85.594099 2.131784 6.105614 -112524.680736
138.785568 83.562261 5.238274 7.847068 -112503.195720
134.740098 86.662148 8.173602 4.266948 -112373.703529
135.440561 80.815078 5.411867 6.660246 -112201.965411
127.770065 72.652758 3.170225 6.493552 -112689.846570
128.849249 84.121349 3.498899 3.895713 -112448.660278
136.233907 86.095909 5.316481 6.400003 -112299.315822
128.415342 78.949591 9.872295 5.207912 -112166.334671
125.507364 83.104171 6.675680 8.382338 -112059.593925
134.049793 80.679646 3.201319 7.016602 -112258.532325
136.441754 82.476431 2.831507 4.515493 -112656.541702
123.506046 88.998877 3.206579 4.369174 -112726.393467
132.903473 82.669628 5.134256 6.484231 -111952.109681
127.884757 73.674613 4.787076 5.450990 -112680.700991
131.010746 81.565847 3.728504 7.320948 -112020.859540
122.028474 87.705292 4.017629 6.688498 -112493.567735
127.648373 94.320364 3.992640 5.592533 -112761.865326
135.799137 75.911125 3.470532 5.787629 -112653.703984
133.603859 76.054399 5.324580 7.463306 -112389.793953
128.591404 86.655237 5.225305 3.721551 -112377.701557
125.112157 89.526638 6.257110 5.958841 -112412.372851
126.853102 82.014875 4.110522 4.480735 -112353.936897
125.883230 80.745011 6.354724 4.059913 -112374.874896
123.294794 94.134273 1.512871 9.988957 -112692.268140
127.125134 87.542881 7.134614 4.565705 -112225.880756
128.430545 87.916408 1.911986 7.044047 -112472.116175
128.749342 73.114834 3.913189 8.742890 -112520.172827
135.559245 71.788478 2.300959 8.913685 -112698.560328
134.264495 76.358009 5.148765 3.370624 -112777.768412
129.864094 85.329527 2.069889 7.045824 -112367.363546
127.713439 84.526369 2.111746 5.553043 -112485.734497
124.991641 86.919601 3.639994 5.239473 -112441.432070
120.323329 80.094034 4.201333 7.068048 -112583.608759
131.436427 87.034188 3.560986 3.403526 -112597.675367
123.354852 89.447209 3.767657 5.810561 -112575.395395
136.780758 80.649845 5.488701 5.019804 -112511.281764
135.745867 79.922873 2.950460 8.438990 -112321.642746
123.624490 84.702647 6.376287 6.096916 -112244.619593
132.719969 81.569166 2.561870 6.199780 -112363.120189
132.151866 77.123126 2.175304 6.929094 -112508.791361
122.230409 86.060729 4.349462 7.088981 -112376.147625
128.143706 80.703959 7.189038 8.367605 -112017.271960
134.085574 76.882311 4.033160 6.078121 -112453.743846
128.121401 84.677411 6.930559 5.797993 -111818.778653
127.055548 94.260717 4.549542 8.138274 -112649.439147
138.883947 77.093948 2.198900 9.845683 -112581.346540
123.378470 89.312184 3.271844 4.421808 -112733.250969
139.300785 79.587190 4.314047 9.183987 -112562.568162
127.131439 91.616071 6.215752 3.366261 -112798.335574
134.047449 75.341577 6.029391 8.280838 -112575.334124
123.705464 78.840397 4.945094 3.538834 -112740.724370
126.252105 76.839325 5.783174 3.567093 -112706.552184
127.979644 80.493999 10.530387 5.232401 -112024.941169
133.698700 94.147519 2.137198 9.618215 -112611.976529
126.814535 80.097431 7.180704 7.075937 -112010.166449
135.699004 76.163971 3.874862 5.664215 -112632.579426
122.060190 79.996021 3.362279 5.570340 -112614.858880
136.610998 81.574786 6.389535 3.934697 -112601.461951
135.070984 90.310147 4.560562 7.514286 -112412.879669
118.488858 87.823839 4.468628 7.052095 -112775.206883
127.443826 77.033112 8.108581 6.634249 -112395.106727
129.367293 83.866518 3.842504 7.123247 -111979.263427
130.816973 75.853752 3.365009 8.888859 -112302.167981
125.998844 87.838831 2.967622 4.423230 -112604.155641
134.504438 85.731538 10.085642 7.165288 -112530.935542
132.043338 90.665445 4.073095 4.309811 -112637.601956
126.066066 92.668028 6.230500 6.788003 -112678.374130
138.135238 80.492170 2.620959 4.225063 -112803.461340
127.126855 79.853540 7.234530 5.929828 -112027.489805
128.142069 87.842124 8.629115 2.340941 -112661.458145
127.439890 82.224545 4.954649 2.075760 -112759.329258
133.963968 74.725683 5.789432 7.602511 -112591.116068
130.697287 72.235471 4.223395 5.597934 -112759.040352
125.399338 85.210359 7.870475 7.054356 -112086.209641
127.108136 72.992035 4.784033 5.988771 -112719.843805
131.473982 87.672626 3.198486 4.416895 -112509.026929
122.874632 86.868819 4.289450 5.355907 -112519.440760
131.345575 73.570129 2.225003 7.859866 -112599.140224
121.213123 85.992902 4.982194 3.691824 -112803.487595
136.965823 85.660696 4.203420 6.704703 -112373.168247
121.489743 76.709684 5.452571 5.713936 -112784.999919
129.835435 83.872441 5.277009 4.697841 -112062.885559
129.012250 89.361923 1.848192 4.045400 -112766.868443
136.025290 83.040010 2.599320 4.444069 -112662.543854
132.237893 81.041385 1.801677 4.770777 -112638.587715
138.402315 81.149827 7.699967 4.702154 -112776.948676
120.428421 80.175373 2.622145 5.542633 -112744.172429
131.399214 87.747901 3.116550 6.651914 -112266.018677
119.514620 86.047717 4.803536 7.554064 -112626.116888
133.098307 76.379924 2.607352 3.797620 -112784.750079
131.703821 90.271674 5.804233 7.617609 -112254.706027
133.027986 77.588473 7.873736 5.465965 -112353.202361
135.763482 77.080529 7.010367 6.823198 -112598.924883
137.822477 81.182591 4.921236 5.352355 -112571.476930
118.460366 87.094690 3.376369 5.860717 -112798.354275
122.768796 83.907652 3.519351 8.750214 -112252.348681
134.894836 80.596793 10.600219 5.088593 -112417.757806
127.847730 87.061270 4.722791 9.831165 -112042.492634
138.531286 75.220904 4.447783 6.897123 -112788.231885
123.294531 80.649612 2.359731 5.441802 -112635.131137
134.300762 74.383388 2.857897 8.690269 -112514.191499
129.765732 80.966373 6.067525 3.272567 -112391.679947
135.339283 83.710955 4.190512 5.917951 -112275.880113
133.713635 88.932994 6.630950 4.775891 -112406.615819
132.074851 87.728706 3.148284 2.553087 -112789.766238
134.589984 84.449293 6.017369 5.905801 -112088.251878
124.011016 72.530070 4.044370 8.885039 -112718.871733
128.198464 84.964559 3.848429 4.775266 -112279.482091
137.083125 74.735007 1.151629 9.973124 -112716.849175
136.807870 82.657447 4.986352 6.009025 -112362.640095
129.584421 90.688876 5.364897 3.292515 -112726.675334
127.293462 82.277833 2.878329 4.850455 -112440.027616
116.788823 82.997933 2.935670 7.428163 -112767.460730
134.308487 83.077359 1.180877 5.590237 -112723.148421
126.965038 87.878095 3.978451 3.227463 -112668.114885
130.046469 77.376347 6.027139 5.533258 -112250.453596
128.083286 81.079432 5.696925 2.180003 -112723.236625
125.971090 83.168458 6.659372 8.084827 -111980.939427
127.280176 81.762672 4.715700 3.441562 -112488.007069
124.011815 88.034338 3.175869 5.159685 -112586.546679
129.451937 73.296078 3.930409 6.525687 -112607.567342
125.676892 77.040280 5.411724 6.722712 -112349.953063
127.852092 83.890403 6.431172 2.538544 -112549.094163
130.990086 80.949587 3.012724 5.839631 -112289.591470
133.628673 86.465355 6.158588 2.444131 -112682.685260
130.960910 85.608565 4.129362 8.414250 -111938.425097
131.593178 76.452613 3.599133 4.575776 -112602.147312
125.483127 83.033928 5.320473 4.967725 -112225.906239
129.043106 87.477620 6.484276 7.414749 -111940.496174
126.422726 84.356642 1.824810 6.604241 -112492.269635
126.254686 72.900170 5.381727 8.726138 -112757.315189
136.483376 82.823938 1.237726 5.721002 -112756.810482
127.607032 76.517681 5.597603 4.589100 -112527.161872
129.057205 83.451618 2.535301 4.110201 -112547.540259
134.009142 81.138390 10.229486 2.194460 -112699.393219
133.727767 72.605397 4.213780 5.431730 -112792.791979
119.210926 87.857235 4.261739 8.526572 -112642.820329
130.964114 80.787838 6.054398 3.723521 -112292.561221
123.130145 75.243543 4.296067 8.675742 -112569.750465
131.306645 81.118522 3.522775 6.520010 -112132.875506
132.648740 87.186984 2.106958 4.258477 -112672.142080
131.330608 79.653041 5.013591 8.469782 -111973.695096
127.540997 95.027613 4.290527 6.140882 -112784.799290
130.393708 92.581470 5.489290 4.529650 -112716.957228
125.529323 84.639694 4.715361 2.665257 -112708.267449
130.400806 82.012707 4.734039 6.725639 -111898.941903
135.670104 86.394183 5.128195 5.704802 -112322.507422
135.853564 89.642550 6.895060 5.907326 -112574.816016
132.423441 85.825244 5.250928 2.035971 -112732.266516
134.772245 85.882481 2.882146 4.769343 -112552.890485
136.561604 81.367548 1.977480 6.059679 -112628.692503
132.524351 74.055418 3.819304 5.311497 -112679.421120
127.105648 80.744189 4.604456 5.928403 -112110.332769
127.582979 94.093559 4.642976 6.167441 -112713.198718
126.067980 88.421430 4.772826 2.742685 -112756.902582
133.424140 77.455704 5.204828 5.551404 -112376.577106
131.094363 85.589179 3.961110 4.908670 -112244.353713
135.937739 86.392195 4.055979 4.093321 -112619.319906
130.482763 91.531621 2.509737 4.598224 -112735.044912
131.688634 90.992924 5.425584 3.238037 -112770.905446
130.119443 83.171798 4.478788 5.105790 -112095.808366
128.149483 87.712852 4.371624 2.376234 -112762.088254
131.595891 84.057877 9.354430 5.315779 -111782.997095
117.131919 82.411527 3.056448 6.735961 -112791.521408
125.806829 76.958082 1.772840 4.393573 -112801.676540
129.450769 88.822098 1.829759 4.954327 -112670.466941
135.187070 79.098986 7.696060 3.151402 -112694.848080
136.710533 80.399700 4.050935 5.974619 -112456.071609
125.286536 85.198199 3.788627 8.552326 -112086.787118
128.534089 88.702144 9.106015 3.281939 -112501.009861
120.024586 80.948698 4.875069 5.335977 -112736.968117
123.479796 79.158741 5.334661 3.955490 -112680.887981
133.297168 81.469087 4.750673 5.866254 -112105.994473
131.555780 80.521287 3.666362 4.446407 -112401.973129
134.571439 86.326896 6.070727 2.236051 -112772.637189
128.834131 82.211492 5.049913 3.156895 -112463.322437
125.610621 93.617573 2.152038 9.366742 -112586.509617
119.795902 86.277210 1.499225 7.517410 -112726.593523
128.945091 84.755549 4.524659 4.952220 -112135.908585
122.471255 79.550665 4.026997 7.461641 -112395.514913
133.208371 86.844084 2.079447 4.376451 -112667.582248
127.992701 84.652082 5.625937 8.959739 -111897.889376
134.182822 90.681899 4.245117 5.212066 -112580.404344
135.470565 77.591559 4.453645 5.120547 -112573.329930
132.208251 75.761566 1.828890 5.801538 -112696.043482
119.640154 91.330664 2.541239 7.292820 -112765.607520
136.700039 87.765434 5.001761 4.881396 -112579.726013
124.191253 85.285672 5.619391 5.385274 -112286.821237
128.007202 86.186100 7.376823 3.747380 -112226.162853
129.197509 77.267302 4.842777 4.698629 -112438.131718
138.006763 80.716584 3.449517 4.465106 -112734.560863
136.941274 86.542147 2.690958 5.124945 -112655.488023
121.654455 79.016455 3.522876 6.864834 -112542.425748
131.863270 71.079688 2.613021 6.552862 -112782.517676
119.507669 83.146510 1.294283 8.950813 -112691.625756
135.862659 75.410487 6.204284 7.170988 -112701.754467
121.809133 83.318137 3.546832 5.235017 -112604.510681
129.351139 78.921182 2.414487 7.603202 -112326.937684
122.134553 77.318017 6.738651 7.970052 -112787.023770
133.469817 80.325337 5.673886 4.116749 -112368.757744
122.952810 90.100760 2.419941 5.651630 -112716.800043
137.213187 76.238996 3.234415 7.095441 -112615.455197
125.195571 84.597378 1.924775 4.271228 -112709.670515
125.734841 91.029213 6.341893 3.852324 -112736.984648
127.580665 84.550763 5.492971 4.410479 -112170.336192
128.349652 75.820277 3.170823 6.991378 -112429.823667
126.746439 78.850136 7.507646 4.635681 -112310.505388
137.070139 75.221204 2.842836 5.783767 -112763.386376
127.655540 85.636164 4.439959 2.089919 -112770.811191
125.053108 81.002882 4.884430 6.856423 -112121.796834
123.553567 88.743859 2.391103 4.561288 -112750.816711
133.289207 92.629495 3.125494 8.107131 -112511.317569
115.746329 82.680692 2.537104 9.419218 -112727.709417
125.815503 78.563601 4.120195 2.741759 -112800.601184
127.540058 76.434196 2.240538 4.343292 -112751.880403
140.745904 84.540921 3.619305 5.852852 -112770.686165
123.403386 89.422191 4.486905 5.786854 -112549.764081
126.273865 82.898613 2.265705 3.918525 -112672.312676
126.883008 87.500762 5.821801 8.526783 -112062.124715
136.824951 75.561071 5.647117 5.144660 -112806.870622
125.156744 88.383950 2.557339 4.697414 -112660.525689
138.270237 87.526566 3.750729 4.737766 -112732.748151
122.789894 85.254456 7.864591 8.085093 -112596.251680
137.164478 84.887256 5.521952 3.872584 -112663.276561
129.109945 86.155272 3.628608 8.282427 -112011.739430
117.835704 80.328122 4.579267 8.108131 -112783.673755
137.650790 78.092367 4.753793 5.954982 -112626.070196
126.510855 87.805914 1.700911 9.113285 -112446.392417
138.270298 84.420214 1.643766 6.230827 -112722.599587
135.853051 91.309245 5.392628 5.656074 -112672.384860
131.999669 93.558170 3.453314 5.695740 -112700.987258
136.510874 84.202682 1.367275 6.324116 -112700.493795
136.457635 77.948210 4.647795 4.180308 -112723.319523
130.264555 94.152531 4.174723 6.874281 -112636.768739
125.667078 92.826953 4.839142 9.248688 -112583.630064
127.782449 79.935724 4.228199 5.497683 -112220.510831
126.088811 82.790579 5.681296 3.254121 -112506.368604
125.901421 91.643150 6.430184 4.463102 -112722.301075
132.376217 79.356234 3.016547 6.795968 -112287.615792
134.148397 81.326645 6.183583 7.336814 -112024.368001
136.946577 82.686487 4.384537 6.633018 -112345.561964
124.860498 78.049448 6.249177 4.281922 -112589.551865
120.359395 81.139422 1.580534 7.578755 -112691.308448
130.793862 75.124962 6.781513 4.939420 -112586.265233
136.806754 81.829636 3.927000 7.815015 -112293.812170
125.313686 88.723721 2.471569 7.457797 -112433.492527
133.077068 83.199908 3.385315 2.798659 -112696.984400
129.879474 80.955004 10.900009 6.161402 -112004.313859
127.746092 87.716688 2.924864 4.230031 -112581.280035
130.967582 77.307160 5.087727 8.426454 -112152.227712
134.946026 80.615196 2.752981 7.024205 -112372.518818
127.190758 77.076791 6.608674 6.282854 -112299.965906
137.327315 85.996578 1.809007 6.765293 -112640.042327
123.176328 82.420143 6.954231 5.519029 -112367.171290
132.907380 75.563778 2.334626 5.336270 -112693.363114
130.131691 84.086961 7.023177 7.918010 -111804.933711
137.195136 83.699642 1.958515 4.626475 -112758.351971
134.444994 87.184125 4.358976 9.017488 -112148.708835
133.255363 88.053259 1.534456 4.938221 -112726.570350
119.242782 89.419888 3.101732 6.814105 -112747.088112
135.700435 83.461422 3.513533 8.028791 -112214.715314
130.169272 94.540504 5.606813 5.828756 -112799.740484
119.695038 82.284131 5.704426 7.477360 -112663.177665
129.896412 72.346575 4.203587 6.553969 -112686.508390
130.523107 81.712004 7.952154 7.928200 -111939.951737
126.571074 85.162202 7.017678 2.346492 -112653.946683
134.348554 74.819681 4.710961 6.081330 -112610.184585
132.049519 85.200310 7.306916 4.542494 -112006.778221
130.356356 87.555786 4.601720 5.065418 -112230.471891
128.970065 73.977731 7.786834 4.969388 -112786.069084
135.554661 92.652934 2.883081 9.182446 -112561.431009
133.173493 79.281665 9.757818 5.591220 -112252.481393
133.394281 85.477885 5.737256 5.422981 -112077.924880
132.542557 75.860975 3.912188 6.042739 -112476.676414
122.129521 74.396420 2.499512 6.960070 -112743.581501
131.541866 81.788031 5.652089 4.529513 -112116.770197
130.015250 88.471058 4.840644 3.246428 -112596.233990
133.807832 84.011556 6.142417 3.097907 -112496.746490
127.901823 88.860138 6.494444 5.355254 -112221.788805
128.100655 81.130666 4.777422 6.480368 -111973.184459
138.982749 85.457834 5.602633 4.261223 -112784.944649
129.447054 90.900225 2.353674 4.462942 -112732.865154
125.723520 85.464294 4.379629 8.065836 -112029.707959
128.983876 85.790393 2.647168 7.005673 -112248.503848
128.452713 79.937136 5.134014 4.892460 -112198.143538
125.672427 86.798821 4.006706 4.810821 -112422.493181
131.323122 82.988978 3.383518 4.577420 -112356.110809
133.553726 82.301492 3.677981 4.996044 -112341.471808
130.081718 87.319069 2.538755 4.333319 -112579.555044
137.328603 87.797470 3.303257 4.133781 -112762.241735
133.813198 94.397924 1.928342 7.332334 -112738.388424
126.984577 78.815932 2.963784 8.238044 -112234.988361
124.601149 83.457020 3.194221 4.152179 -112603.461024
123.888100 80.428598 6.817942 5.006502 -112418.153872
137.396379 77.325577 3.320543 5.558065 -112698.927980
128.989440 79.654973 2.998485 4.224762 -112545.849436
125.645740 88.355212 7.805201 4.458000 -112429.293067
128.630233 76.930961 8.788871 4.131280 -112522.019292
132.008385 90.567982 5.039717 7.222572 -112287.346673
130.154914 78.837484 4.035597 3.984463 -112506.616279
129.606945 82.473832 8.135064 3.467930 -112141.668607
120.902933 74.234197 3.353958 8.190615 -112734.546445
120.643408 89.453027 1.713135 9.594323 -112619.158645
126.585067 72.436966 3.451853 8.638209 -112607.186111
127.450787 72.222466 4.805641 6.796246 -112741.075989
122.125231 84.235430 7.737854 4.317840 -112654.977964
133.605172 71.289478 4.011307 8.733065 -112738.186649
122.448587 86.429324 5.424870 3.896365 -112699.364350
133.347025 74.835770 4.414211 6.005305 -112571.217633
127.909188 82.790330 1.031586 5.695679 -112718.413261
132.055500 84.843469 2.587616 5.469309 -112401.370302
125.860070 79.075804 1.437840 6.318068 -112661.923582
130.489334 74.941044 4.115102 5.583525 -112549.079731
126.758984 76.369845 4.354359 9.413829 -112289.293235
138.350467 90.755230 2.891252 8.308311 -112629.510329
129.555433 88.594865 3.092187 5.129900 -112462.004046
138.638116 87.978251 6.969563 5.576345 -112801.711424
132.453350 89.470280 4.265078 5.733325 -112360.128227
135.986741 82.433799 5.080166 5.263593 -112359.680735
126.643622 84.332209 1.205658 7.077810 -112619.373404
134.511713 83.204200 2.640208 4.897869 -112534.290409
128.804797 78.664663 2.311213 5.275567 -112551.644142
131.221605 80.349411 4.052404 6.075259 -112125.682270
130.597620 75.595749 4.162604 7.404190 -112340.613330
128.093802 81.799039 3.340581 3.828405 -112517.699131
118.297046 78.279206 4.051989 8.702184 -112743.483815
124.027305 83.184917 6.717311 4.715057 -112351.500344
133.215327 72.267238 4.184646 8.947433 -112655.013392
123.763314 88.141988 5.513422 4.792026 -112539.383460
135.037906 87.535930 4.733356 3.472279 -112662.836210
131.914355 84.947954 7.299527 3.965944 -112108.399729
124.570266 77.997232 6.412053 4.860164 -112537.899971
135.573900 79.128593 4.066673 5.386885 -112484.730818
121.268287 90.517115 1.873410 5.932749 -112801.168260
134.426793 87.086254 2.053799 3.571824 -112784.686835
126.243980 90.243534 8.792435 6.176904 -112594.676833
133.649345 76.224851 2.952543 6.903774 -112487.145792
131.449086 83.287735 5.408291 4.349586 -112139.683593
131.651810 88.312990 1.394929 4.654995 -112755.163657
127.733099 84.906949 6.277587 5.103091 -111976.363984
132.789197 80.072453 8.715091 6.187108 -112058.129509
130.500814 87.119353 6.631023 5.905361 -111936.811302
136.832562 87.033528 2.599482 3.811453 -112794.662578
142.257414 88.219647 3.619268 9.358796 -112805.609882
124.648173 78.892448 4.813837 8.328102 -112214.256888
136.707521 88.672335 5.036132 4.475711 -112669.355827
126.775185 86.446151 4.528805 2.426731 -112743.279229
129.002452 75.959165 5.170021 6.416895 -112347.233160
132.271120 84.628761 4.513205 8.201545 -111918.774555
119.368666 77.621163 4.682758 8.741275 -112752.464415
123.298799 84.421223 5.640312 5.761588 -112317.749327
125.087323 82.872573 3.353905 7.066949 -112215.615189
135.489640 79.647527 3.018798 7.953183 -112332.203443
129.477116 70.350291 3.395781 8.205242 -112742.224452
123.169844 87.016532 4.446080 4.763998 -112570.022269
138.509150 82.965726 3.259873 9.935306 -112392.976346
127.051873 73.171928 3.138421 4.868627 -112795.124857
128.021867 88.565626 7.238602 7.723459 -112160.470547
122.765071 89.324214 4.246426 6.228301 -112552.006994
134.956881 80.077109 5.457600 5.186157 -112336.680185
126.975986 76.738823 7.935672 4.737070 -112527.573184
122.383063 88.670818 5.424807 7.861814 -112482.292410
128.092148 77.820950 3.510664 6.706867 -112289.071988
139.365590 81.833729 4.912467 7.458491 -112576.381372
139.374504 85.282692 2.740027 6.868555 -112630.677681
135.258564 84.119132 4.064793 3.961873 -112557.349776
125.717469 84.423305 8.755676 8.828092 -112577.616599
129.921098 78.333542 4.968483 3.339975 -112591.510545
127.860941 78.653763 5.959406 8.998329 -112139.990550
129.005434 84.168824 3.759614 2.774381 -112630.218783
135.338854 76.055842 6.331291 8.528152 -112664.463307
124.052868 78.855377 5.390966 4.009890 -112647.903182
130.052586 73.412818 6.076428 5.942298 -112690.127446
131.037152 83.520424 1.437276 5.368691 -112631.220099
138.319237 78.317429 3.809791 6.595213 -112618.672704
123.729667 83.157952 4.312671 3.489195 -112676.300516
131.558889 84.632458 5.814669 1.892082 -112706.492582
129.451115 92.609120 4.626307 7.587450 -112454.237050
127.953289 84.494408 5.268681 2.522462 -112611.676378
127.426841 84.070422 4.915048 3.773115 -112361.871169
130.668924 90.559748 6.148384 6.385856 -112302.731123
122.254202 75.415139 1.668510 8.084865 -112703.257411
130.522623 78.972498 3.959500 4.036457 -112498.073444
133.702537 80.539454 3.565184 5.817197 -112306.999943
132.760078 88.373648 1.741987 7.300986 -112529.502061
128.380571 85.841313 10.354897 7.351610 -112274.203334
127.320590 82.087161 6.007107 4.451841 -112149.875603
132.197143 92.249369 2.962613 7.819982 -112484.545513
125.977990 88.042507 6.638376 3.373526 -112578.358846
122.267661 87.481557 6.302550 6.092684 -112529.904817
132.591766 82.088064 5.280952 3.691692 -112362.599011
127.150876 93.048794 3.888063 7.413543 -112536.332544
116.067064 86.657197 2.039473 8.300664 -112781.531841
133.537916 71.671261 3.140293 6.329006 -112780.140849
136.552924 74.967939 1.469693 7.496764 -112748.450755
127.541323 82.324491 6.651131 7.073093 -111816.847459
137.456197 91.081708 5.189425 9.053145 -112741.256884
137.713729 79.282298 4.969557 7.557930 -112475.361456
130.694531 82.127503 6.084524 6.666811 -111784.019117
125.210058 90.520953 3.836213 3.808257 -112758.805651
137.602013 86.805789 4.182184 7.415582 -112422.832044
126.285449 85.898459 3.246176 4.990014 -112424.144034
127.743556 76.959645 7.334885 4.419386 -112489.301062
128.782418 87.416444 7.073527 4.004920 -112246.340920
127.951611 88.788585 5.764835 2.572532 -112728.153359
130.804153 78.880494 2.160837 5.183409 -112574.436967
125.128796 82.511583 6.516573 2.669750 -112665.636535
130.969005 81.278048 2.635628 6.088257 -112327.729766
125.016177 79.417102 5.818574 4.246858 -112501.534587
129.242234 76.572426 5.894934 8.336079 -112264.437610
120.718328 91.113553 4.450447 8.214200 -112708.242488
123.206659 80.835941 6.334374 4.247089 -112581.980563
126.799249 83.717910 7.242558 4.992280 -111982.114703
130.039308 84.906493 6.997622 1.741695 -112697.243142
133.808843 88.544801 3.842673 5.545757 -112410.569320
126.507076 89.899460 7.161159 3.789551 -112618.951165
126.013976 88.307328 1.769629 4.418296 -112750.686447
132.225697 86.087860 7.809769 4.229525 -112105.657571
126.472559 74.459134 6.163845 6.269072 -112642.291102
123.432889 86.315455 4.383557 4.915592 -112510.868177
138.220047 74.285808 1.768395 9.681369 -112680.832109
134.623489 87.392334 3.024705 8.768201 -112258.177262
127.157137 74.470835 2.444178 6.104994 -112667.640530
136.989745 78.840221 4.415054 5.429826 -112585.262435
131.792538 79.595404 8.402227 6.995047 -112070.700063
137.426298 84.586188 2.682989 5.143727 -112655.852058
131.896509 90.360984 2.527532 3.631718 -112791.475989
126.158443 81.517184 5.421147 6.046983 -112050.211134
133.763582 92.277842 2.230846 4.710016 -112803.228429
122.185292 85.465769 2.976336 4.875995 -112670.229226
126.122198 86.198280 5.879027 3.575919 -112461.413873
123.775386 91.058434 3.122637 4.394972 -112789.767290
134.889129 84.794484 3.400847 3.923498 -112601.194669
129.283906 93.740981 3.468094 4.692985 -112793.963323
136.209947 81.821246 4.006538 5.449233 -112437.053350
132.605540 74.894596 5.164593 3.726784 -112763.035993
121.374176 81.826822 8.135702 4.581333 -112772.062578
120.465643 82.607984 4.604548 4.961872 -112707.689133
120.259264 86.692730 4.624356 9.481891 -112534.982664
136.283182 88.172026 6.833525 5.161987 -112537.782083
139.544849 80.949973 6.558631 7.328382 -112799.947035
124.915748 90.340609 4.070007 6.525034 -112463.338936
122.106189 78.328820 3.553380 7.667183 -112479.684286
126.325677 76.018841 4.952004 5.166521 -112559.334695
122.462190 82.936359 2.769429 5.573970 -112590.073397
134.229684 80.387736 6.834964 4.239723 -112349.308904
124.617069 82.389845 1.779096 3.936361 -112776.904037
128.728080 84.148994 2.821475 5.322516 -112349.121425
130.319214 80.845347 4.736868 5.749170 -112037.995027
126.372230 86.341693 8.248773 4.713899 -112141.942217
133.244396 86.935226 7.705381 1.880622 -112764.341904
125.387149 79.154337 3.595562 5.697556 -112413.849287
140.281070 83.254703 4.727277 5.052730 -112806.066068
138.444320 79.617502 7.157865 6.228555 -112760.005257
130.702567 84.526530 3.021286 4.699256 -112390.590752
128.888285 84.446536 1.312940 5.808589 -112634.482256
133.957174 75.360392 5.353515 3.547960 -112796.038474
133.182680 77.722967 4.159472 6.468403 -112305.011058
136.285485 89.323966 4.702661 4.265453 -112701.620325
132.421600 82.204850 4.493847 3.001812 -112566.044844
125.282626 93.757326 4.192898 5.338091 -112795.108511
127.575841 90.662729 6.355375 5.189579 -112466.760284
117.691596 83.079539 3.267364 6.126431 -112795.671088
132.285286 80.008612 5.855926 6.490790 -111982.686248
131.795092 81.025606 6.183903 3.032239 -112465.653922
131.668727 75.876806 7.254409 6.350468 -112448.831829
124.182497 75.812113 3.411587 6.686990 -112571.783535
120.970546 79.597803 6.519834 4.798307 -112797.629693
131.290543 84.287745 3.339190 6.593281 -112124.389132
134.186431 87.744891 4.239808 5.326354 -112377.916878
131.945382 87.534252 4.839996 6.043902 -112113.207257
125.982443 80.910738 2.654983 5.738129 -112443.476923
136.050470 73.351248 4.842435 6.386174 -112805.306786
131.099773 81.671030 4.955551 4.863323 -112119.869994
122.526049 88.168612 5.434548 3.885626 -112746.152100
121.844525 87.562750 3.473582 6.557474 -112536.025287
125.109588 77.903500 2.984775 3.720352 -112767.372014
135.729608 93.167925 1.948664 6.845498 -112752.992986
127.567758 79.278405 3.362682 5.190327 -112408.898476
133.891479 80.973875 2.443457 4.770258 -112579.470569
130.996078 86.437349 3.034213 2.855122 -112705.251454
132.988605 89.195412 6.070644 4.941240 -112374.386794
133.832150 87.365478 5.256137 5.958642 -112184.355214
123.060319 76.642766 3.176020 4.539103 -112784.978604
124.387729 80.097566 6.893583 3.690132 -112588.988611
131.042276 88.852453 7.347740 7.028126 -112130.669721
133.675659 91.914346 4.266530 5.591092 -112611.265858
132.237041 91.281605 8.694277 5.833182 -112653.499217
126.762986 80.612015 5.148946 3.219726 -112569.129364
132.000544 80.322513 3.160924 3.547865 -112619.121979
128.690907 93.168037 3.385450 4.621115 -112773.471388
129.236507 90.000991 2.323043 5.119755 -112632.102034
136.142144 86.212454 4.117148 5.906861 -112394.008660
135.344296 82.030644 2.171118 4.963428 -112636.686456
121.713795 80.970037 7.150391 5.449916 -112631.901916
135.240430 76.408482 6.151774 8.505693 -112582.930704
133.477178 80.730882 3.962554 2.613048 -112742.043052
125.496318 77.210277 3.737576 4.513082 -112645.417004
133.322907 87.422995 5.586446 6.110655 -112120.277774
130.654080 72.005372 4.420042 8.095052 -112665.065706
132.602631 76.144777 4.839197 5.176726 -112507.997045
133.830939 78.830204 3.937972 4.261693 -112557.926573
133.243276 79.668156 5.160103 2.383897 -112753.455396
