117.470534 84.478557 11.467795 8.964337 -104035.527982
159.902727 94.344524 11.467795 8.964337 -104035.527982
86.581650 55.313773 11.467795 8.964337 -104035.527982
125.524348 66.807260 11.467795 8.964337 -104035.527982
30.538326 41.599012 11.467795 8.964337 -104035.527982
136.230637 82.149386 11.467795 8.964337 -104035.527982
107.508894 69.701749 11.467795 8.964337 -104035.527982
192.361315 148.350451 5.474762 9.681523 -111297.116998
190.440371 136.456105 5.474762 9.681523 -111297.116998
46.299381 5.291377 2.183201 4.954083 -112176.255613
37.412169 6.497514 2.183201 4.954083 -112176.255613
184.507085 101.573828 1.559317 9.003737 -112202.159587
115.651102 28.996418 3.773965 2.362676 -112205.725054
146.482767 165.275824 2.812392 4.488833 -112234.639252
9.020844 56.358337 1.080569 9.050852 -112259.886314
125.561100 37.201577 1.495797 3.016655 -112276.747655
6.479348 49.396769 1.048034 6.011713 -112270.507672
180.386615 96.687773 1.468155 9.032675 -112160.996927
93.959146 31.768775 2.680528 2.368522 -112273.996090
7.350638 65.477118 1.011259 5.106315 -112276.320354
30.024447 59.326466 1.789917 4.348531 -112280.849475
