187.819853 106.116420 4.925549 4.367343 -107974.519517
178.707451 104.107304 5.179664 5.348397 -108198.645962
188.278471 113.734982 8.728193 5.447548 -107774.558055
181.280957 106.540705 5.074053 5.234431 -108021.924508
185.370888 101.434390 7.825756 6.535577 -108120.009675
183.348524 117.846498 6.129082 5.132590 -108145.002476
188.173977 114.717755 5.926109 4.587007 -107964.246107
188.140269 119.643040 9.169211 4.034832 -108046.808107
192.846229 115.122203 8.151634 2.991496 -107987.853909
180.613906 110.726549 7.060924 3.921691 -107912.046327
180.775258 115.321488 9.461101 4.621759 -107991.321291
178.682254 103.660322 9.468087 4.658200 -108121.370607
183.748444 110.305751 5.734812 3.693590 -107944.004416
181.491757 103.109321 7.077390 3.261978 -108013.930058
183.636268 106.607748 4.980439 5.066894 -107952.643523
187.678360 109.419759 8.015602 3.368846 -107739.864292
187.118601 112.892686 8.495113 6.367967 -107810.835890
188.494151 107.468595 6.748551 4.380501 -107765.470076
182.924455 107.355156 4.812607 2.772373 -108142.625753
177.309822 107.026123 6.572181 5.540993 -108170.323360
196.141184 102.453121 9.669972 4.563637 -108045.596384
175.702500 110.333980 9.167505 3.437932 -108107.072103
183.922493 112.282579 5.414864 5.235037 -107936.268749
196.144891 104.229285 6.362085 5.017032 -108185.450850
185.238776 99.370103 7.198392 5.326962 -108163.341777
191.447969 103.780505 4.097211 7.799931 -108208.173673
184.319005 105.709315 4.428589 6.371744 -107992.968319
179.351479 107.122707 7.506766 5.814393 -108006.625170
184.159177 119.893190 9.361240 4.453255 -108137.391355
176.393160 112.738103 7.453125 4.240271 -108179.377731
184.905679 117.392791 4.833951 4.741078 -108187.851676
189.277396 106.728668 5.020562 10.913307 -108140.929727
192.530246 111.042370 6.188864 6.919251 -108003.929699
182.163320 103.043480 9.206781 4.032921 -107905.141260
198.788577 115.675134 8.246616 5.088809 -108161.381319
196.185570 108.071978 7.411275 4.079831 -108033.124463
194.213441 110.857228 9.183892 7.460216 -108145.011891
188.854370 108.886651 3.913652 4.001180 -108143.735649
182.419263 117.603204 6.634760 5.435813 -108150.792006
179.896500 105.078548 5.505304 2.567173 -108184.619161
185.415567 113.035347 7.679181 6.761148 -107840.392682
187.368593 105.660154 4.887121 5.842628 -107917.124287
180.259419 110.266606 5.029692 5.774419 -108076.212270
187.203844 115.346682 4.669857 7.460354 -108139.141759
184.082162 107.388653 7.410235 3.515227 -107790.722520
177.461712 112.564044 7.747061 4.891391 -108129.401561
185.834332 115.217736 6.069516 8.364409 -108132.530643
191.725062 108.399923 5.319768 2.691361 -108134.983168
179.788755 105.846604 4.427216 4.574101 -108182.585861
184.028630 105.112902 5.970582 4.336669 -107896.730113
192.528223 109.128740 6.847576 2.981887 -107992.897559
184.487040 108.417844 7.065624 3.855606 -107768.844427
180.927915 103.397009 6.536082 4.470916 -108016.416897
181.960130 104.023631 6.130403 3.727036 -108008.414241
189.475457 107.392755 6.764172 7.279908 -107817.536334
182.833599 113.247842 4.735381 4.283729 -108110.951405
178.915552 105.263721 7.567687 4.485539 -108013.319807
186.205116 106.360794 8.565648 1.000102 -108183.098981
186.121356 100.881775 5.622878 7.288678 -108176.417318
186.935643 112.863328 6.454393 5.947445 -107804.186102
192.592725 111.939040 6.449573 5.921337 -107965.800854
185.791532 116.113591 5.301941 5.158399 -108074.771838
178.854313 101.378073 6.384356 3.348319 -108209.981576
184.044800 100.366190 6.902964 3.494649 -108077.615543
190.451553 103.093053 5.013445 7.486870 -108128.288342
196.874050 113.686088 9.084570 3.239166 -108008.130381
182.959416 108.009832 5.676675 10.697754 -108194.962184
188.536792 107.458369 4.788239 8.071015 -107915.799852
193.200447 114.664307 7.743992 4.480883 -107958.092304
194.250949 105.407956 5.177963 6.419825 -108187.552406
193.325356 101.247500 5.959718 4.047025 -108207.609383
184.117407 108.694296 6.440084 3.745649 -107842.628101
183.160123 108.557717 5.499516 6.517294 -107862.099654
187.247992 100.395672 4.988603 6.142128 -108185.518836
179.954645 109.619683 6.104486 5.122549 -107983.702930
186.622145 116.079574 4.694026 5.901407 -108135.229601
181.397045 118.938174 6.950378 4.287291 -108199.454949
189.222115 117.320229 5.049765 4.877288 -108167.568461
195.975474 111.694563 6.004362 6.452619 -108199.534478
176.411348 106.667283 6.114715 3.775519 -108205.357829
179.217641 104.251435 5.224468 4.007272 -108170.832000
188.559122 100.893162 7.993438 2.417681 -108061.994682
180.962947 116.246075 6.109502 3.186491 -108159.882300
181.309040 105.935740 6.015299 5.160185 -107939.100078
177.542598 111.724927 7.943539 2.257738 -108117.947357
192.492556 107.400521 4.999224 5.302389 -108059.627397
188.588779 102.337489 6.089636 5.274853 -107986.344381
189.938992 114.757593 4.664004 5.290356 -108134.367238
185.012337 114.076694 6.213163 8.126708 -108035.583430
178.517544 114.132048 5.834951 4.337138 -108187.684775
195.402021 102.494072 7.630968 5.525947 -108168.223173
182.117117 104.191681 7.686991 5.959430 -107940.128886
182.424425 103.482876 8.067107 4.498008 -107887.567138
188.390774 109.990072 9.688723 4.363658 -107639.307860
178.274929 111.051369 6.770974 2.796278 -108112.284715
189.487712 103.050125 6.007201 4.335124 -107990.796611
179.930045 112.517323 4.963756 3.410813 -108189.944001
189.516766 107.696775 4.044515 5.507504 -108063.272235
191.097954 111.875538 6.020531 3.955999 -107971.115045
194.291271 108.085582 7.402487 3.611003 -107968.802712
183.589816 116.613102 7.226224 6.851388 -108159.321418
189.614013 103.183668 5.896147 7.614801 -108068.523523
188.719308 107.909994 3.295276 5.855049 -108158.451356
184.405808 106.078908 7.709295 7.336358 -107886.034351
189.452047 107.904948 4.257275 2.918812 -108178.691890
193.172348 110.471442 6.087470 3.274022 -108066.340354
194.058290 110.316017 6.208787 6.539519 -108062.032970
193.426363 111.861175 4.702759 5.362470 -108177.330350
184.077762 109.863291 3.989693 6.533140 -108054.134483
192.381190 106.193518 6.154264 3.157405 -108051.468392
184.658529 108.068032 5.337165 5.669462 -107845.393138
190.903669 108.256004 4.820059 3.234595 -108117.502265
185.874578 100.401171 7.352290 4.761956 -108036.660261
194.123972 116.446620 8.371058 3.521855 -108024.337447
185.940549 109.094092 9.373712 4.695953 -107637.736104
190.484145 113.960830 9.614957 3.946875 -107763.226335
188.949457 116.180041 5.556309 6.174727 -108083.779457
185.267977 111.171624 4.869540 3.344160 -108074.259652
183.356052 116.824434 7.930981 4.495189 -107973.070887
187.723136 110.456050 5.812026 2.073067 -108111.664126
177.373243 111.113037 7.024744 5.346616 -108151.922089
190.332995 106.801738 9.050282 6.773137 -107921.795035
183.940022 104.069707 5.759331 6.524566 -107927.593776
192.451986 100.159203 8.032049 5.293011 -108193.004728
184.935227 110.102898 4.785089 4.540666 -107986.891827
195.532363 113.458478 5.709038 5.021258 -108199.809515
183.113917 113.687200 4.208133 6.776706 -108153.345589
182.372508 102.018271 5.835453 2.836130 -108147.180943
188.625885 109.558489 7.557202 1.340823 -108134.935866
192.477433 103.695228 7.734042 5.582847 -107984.392366
189.582104 104.586045 7.895799 3.566625 -107839.150987
186.375788 112.746629 4.835512 5.689609 -107988.351913
183.542442 114.714414 4.743166 4.341788 -108134.871356
185.868115 108.166818 7.290732 8.679348 -107942.678054
180.919474 106.193209 9.589844 3.918343 -107835.532951
181.575797 117.645924 6.190262 4.458360 -108172.212091
182.599035 106.881073 6.558365 1.833355 -108118.397601
184.218571 102.639845 5.043055 5.793001 -108050.464207
189.095702 117.432944 5.351291 6.727939 -108194.265090
180.285166 102.263003 5.089164 4.102363 -108198.991407
187.064218 112.732280 4.862251 7.263946 -107985.137541
184.934609 106.267386 4.857351 5.021230 -107949.302383
194.351476 108.931151 5.698895 6.023748 -108093.036325
181.353053 115.233011 5.280756 4.022790 -108158.480112
182.398658 112.595995 4.211453 7.577985 -108149.129429
189.752843 114.503110 8.667447 3.707115 -107810.444381
186.814321 108.773737 5.967830 2.697378 -107994.454065
191.905046 104.177330 6.845063 2.594649 -108073.049140
178.678297 108.198967 6.671495 6.170051 -108082.873967
186.452128 104.714323 4.790881 2.349755 -108181.623403
193.388385 108.211501 6.155368 3.489361 -108047.057653
192.738527 104.374770 6.208178 2.992799 -108106.083923
184.959036 110.028210 6.130641 3.080800 -107941.242714
190.939223 113.871678 8.606976 6.121365 -107904.203537
195.730612 111.575915 9.606451 5.130574 -107889.228475
197.968407 115.462713 9.524629 4.258417 -108033.595222
182.054553 110.589319 7.895699 1.613785 -108086.402029
196.891787 112.680136 8.369528 2.410581 -108110.919868
179.995986 109.899749 6.595255 4.002790 -107966.060314
193.373867 106.437402 5.336175 5.407252 -108083.228294
178.424162 104.035217 5.856182 4.980728 -108169.638516
190.033685 110.219743 8.556763 5.452964 -107701.862040
192.284218 102.449437 9.626284 3.923372 -107921.025885
178.098872 109.568026 5.647521 4.691750 -108134.513983
197.866141 115.898868 8.254337 3.216463 -108143.964017
190.109341 108.195879 7.156754 5.568828 -107744.982173
187.609842 110.474094 4.507985 6.022911 -107972.275962
184.132577 111.678988 4.840675 5.235816 -107991.576623
181.653719 103.421425 4.068829 6.685671 -108201.541982
180.564187 107.894127 7.403993 4.674526 -107862.361731
190.283535 106.668632 3.961417 8.492380 -108091.705158
188.058987 115.915753 6.726101 1.958901 -108140.555979
189.814493 113.771274 4.527061 7.520201 -108138.224770
191.281341 98.730253 8.524999 2.174843 -108174.411333
194.639040 108.269184 6.901418 3.957311 -108008.921053
178.053726 118.874633 9.584960 3.466780 -108197.484059
186.809464 112.824333 5.265300 3.309330 -108054.612575
193.342028 113.150168 5.669013 6.564675 -108136.953278
191.380993 101.834696 9.957087 5.434049 -108080.765017
189.624068 105.740827 6.246711 2.516361 -108044.896095
182.662164 109.342526 3.762504 5.588317 -108135.260482
185.772468 107.224013 6.841250 3.528604 -107814.711247
188.417139 116.594070 6.673461 2.550629 -108093.726610
179.609597 109.298688 5.753954 5.427169 -108032.979779
199.293486 105.605614 8.740675 2.295985 -108183.307934
181.286330 104.398104 5.515177 6.840288 -108060.780019
189.604618 114.727370 7.964246 2.489679 -107970.179873
188.828624 108.428514 8.175761 7.447237 -107866.904862
185.589733 107.950606 6.388231 2.549495 -107978.293303
183.460169 107.751685 8.306141 7.891452 -108060.263532
185.548827 104.550483 7.674643 6.890800 -107884.646741
193.577100 103.952038 5.387681 4.826016 -108155.059275
197.103182 108.012373 8.117512 6.356618 -108077.485723
177.014088 105.232171 6.534567 4.919851 -108196.327240
181.608735 113.527010 5.774651 6.920219 -108073.194024
194.517138 108.144698 6.714170 6.108713 -108025.289568
179.604841 109.828498 6.201776 6.053432 -108023.073565
184.856511 105.306516 3.197600 7.547761 -108165.333207
190.627103 107.972345 5.216844 5.665675 -107937.281405
189.122719 114.956038 5.733275 8.455402 -108157.875466
190.587278 105.890046 6.432661 1.893718 -108134.283759
189.675267 107.475328 5.770185 4.639521 -107877.881308
184.648126 110.698158 7.608923 2.851275 -107850.408903
188.025372 113.746242 4.087680 5.173792 -108150.407734
184.245776 105.934839 5.632860 2.824207 -108042.927972
187.088709 107.445303 3.911069 5.336003 -108056.824244
186.219629 106.093230 6.016009 7.734577 -107821.518886
191.528946 103.603040 4.677465 7.533412 -108175.014913
196.104725 114.267440 7.153243 3.918482 -108112.383818
181.507183 109.832802 7.442263 4.482161 -107811.142972
184.291449 115.485258 5.095654 6.598871 -108104.995557
183.782688 105.050261 4.911380 4.384438 -108021.217483
181.817870 110.326134 4.539877 2.674990 -108206.750433
185.265998 106.846777 4.267657 4.615562 -108044.776064
193.682102 118.849626 7.448809 4.025296 -108162.733131
195.537632 106.306494 8.216001 4.460141 -107960.707176
184.156669 108.457370 5.905168 2.968466 -107981.610382
187.860617 116.956048 6.316134 6.852272 -108115.792632
184.476971 111.177246 7.593652 3.774165 -107757.723382
195.305525 111.460000 7.345093 6.019116 -108035.713656
181.550778 109.462685 7.551608 3.011886 -107897.438539
188.324940 115.892331 5.666624 2.905341 -108127.305617
184.886638 107.340380 5.384406 5.181144 -107857.746447
185.539330 112.710484 6.103457 6.500157 -107841.526372
185.782064 102.531262 5.751210 3.128923 -108071.871113
185.943629 109.333818 3.192031 5.860281 -108174.055150
185.344418 112.334191 5.977598 4.313894 -107884.062792
184.036885 105.651216 4.677009 7.787882 -107976.112668
184.427299 113.191575 6.076681 6.701728 -107897.803314
179.463455 103.267331 7.078475 3.748835 -108069.303726
191.735948 105.810117 5.459697 5.417590 -107998.630393
186.900553 113.934020 7.025048 8.795388 -108143.736134
192.460942 107.532478 3.810179 6.377400 -108183.341856
191.128534 117.077431 9.753085 2.746885 -107942.628356
189.663629 112.098276 7.180521 6.506297 -107814.806642
178.722911 113.823452 5.745599 4.750689 -108178.321717
185.328596 102.136310 3.748684 5.484963 -108200.150644
194.191791 114.206959 8.496114 2.401562 -108041.563353
194.070280 112.067345 9.229274 5.753652 -107900.875259
189.125453 112.893635 6.987765 2.157832 -108043.569279
185.891377 109.029946 6.414759 6.631949 -107715.408071
188.120885 109.910574 4.522537 3.880743 -108066.245733
192.821956 114.111117 9.000694 4.343735 -107852.002989
187.356520 118.071745 5.092497 4.706370 -108177.523161
182.607226 104.015910 4.981364 5.529632 -108040.712801
184.327196 112.820160 9.071655 3.479149 -107747.792520
191.564572 109.755862 6.376534 4.031403 -107917.287470
187.567145 110.412531 6.331555 4.795523 -107771.019767
178.790089 106.262598 7.958389 4.311186 -107980.067677
191.366495 116.143685 9.401148 2.629260 -107942.902243
183.068961 111.547739 3.529889 5.093837 -108201.547086
198.772561 114.442872 9.342251 2.922091 -108088.213746
180.983784 107.802008 5.773009 3.411777 -108032.008205
189.439249 101.610131 7.104679 5.020693 -108001.284092
177.497054 115.364934 7.071538 3.171304 -108191.619075
178.938289 111.733915 4.897466 5.830091 -108193.092600
179.675466 103.286163 6.694040 4.552835 -108076.120247
191.932995 117.943683 6.540658 3.043513 -108161.368972
191.313112 118.549151 6.007087 3.152624 -108200.717785
187.020411 108.861600 4.084250 6.153447 -108006.930700
185.602266 102.635769 7.514817 3.256707 -107927.921838
186.938380 108.524875 8.321956 1.428380 -108069.449356
179.077359 113.803601 8.190992 5.685972 -108130.459805
190.717381 107.011789 4.757547 5.551350 -108004.887637
190.881683 108.151989 4.791859 3.073367 -108132.977837
184.133740 108.503815 5.243343 4.358468 -107933.393358
181.495829 112.413441 6.862064 4.023032 -107918.654396
185.486911 113.573102 7.108658 4.416167 -107808.722756
186.644082 108.746554 4.544907 4.944824 -107976.383272
177.279463 105.084385 6.502948 2.651684 -108195.196692
192.006259 99.528700 6.714947 3.931294 -108202.079780
181.086952 98.793891 9.294684 2.207609 -108161.157907
191.490356 108.585689 6.581372 4.036842 -107891.159128
193.007914 104.790122 4.855927 6.118750 -108153.136848
182.359248 109.632082 4.290820 4.577246 -108102.944062
179.815247 118.213670 7.126034 2.698553 -108206.474762
192.184604 116.317843 9.816865 3.855972 -107890.072399
194.964113 115.233347 9.022154 6.676630 -108180.550855
181.480148 105.533221 4.507371 5.804161 -108091.375476
176.587158 110.085667 7.102821 2.049575 -108206.663863
185.692915 106.029603 7.515179 2.788081 -107874.523236
182.075372 110.525360 5.865545 1.689471 -108198.966010
185.310210 111.092300 5.443153 5.426478 -107866.054999
189.955235 114.517038 5.626613 2.842296 -108123.988094
182.365244 105.358077 6.982717 5.814910 -107856.016186
178.016722 110.158797 7.165514 3.914801 -108041.468648
192.431420 103.477408 7.202177 6.025055 -108041.298432
184.556024 109.442345 7.993700 2.752622 -107831.551962
179.011236 105.378095 5.539500 4.150333 -108125.952613
184.912940 116.027427 5.850371 5.516210 -108030.620694
189.184212 113.026899 7.193656 5.020314 -107791.823181
181.199463 104.790242 7.863084 3.197227 -107929.378033
190.138936 103.271571 8.973963 4.217257 -107844.992928
182.079873 99.470839 8.135651 4.012569 -108132.076035
188.190329 113.936899 5.033368 6.031684 -108016.574000
182.745522 112.033686 4.110964 6.120071 -108120.822739
187.286820 110.008402 7.032269 7.481355 -107766.949602
199.380206 109.967256 7.432833 3.081123 -108196.965253
183.921003 107.065451 7.028349 3.680734 -107810.721659
183.564238 106.912959 7.709725 4.965037 -107720.351138
189.753799 113.760397 7.183173 1.727888 -108122.010170
190.249532 110.512223 8.658205 6.284233 -107783.814429
182.460650 113.481285 4.322805 5.851661 -108146.435966
182.009342 116.496991 6.501659 4.036313 -108080.558580
193.142959 115.614612 7.692128 1.941376 -108147.161324
186.473949 116.340494 6.548300 4.178237 -107981.321028
183.203875 114.238732 5.266531 5.877528 -108043.643235
194.922971 110.192063 5.606152 5.759669 -108135.807132
177.855030 110.114250 6.710540 3.446869 -108091.887114
194.417026 102.762702 7.052215 5.777969 -108161.311058
189.579991 115.577361 5.645912 5.351975 -108046.101190
184.621373 103.235718 6.118993 7.635596 -108014.540439
177.775772 109.626664 6.867402 4.337846 -108069.559050
193.991088 111.346352 5.902389 3.815474 -108095.044124
195.759060 104.068177 8.012148 4.780921 -108053.136305
191.553750 109.040668 7.320153 5.260540 -107794.747460
189.159387 100.935581 8.651475 4.179838 -107972.543214
179.278310 112.843526 5.339066 5.313946 -108157.752326
181.000691 109.431123 6.683208 4.046529 -107904.005782
186.968522 112.058688 5.296855 2.433022 -108126.970417
184.816675 115.441398 6.695982 4.256083 -107939.321344
189.059164 115.331324 7.702811 4.242109 -107866.928181
179.148399 104.091492 8.675009 3.563572 -107997.629260
188.764860 109.007661 5.666947 10.150445 -108043.368835
177.963795 118.461690 9.559682 3.492409 -108185.790460
190.351679 104.100996 6.211448 3.512613 -108001.003628
