124.950011 60.941872 2.089665 3.112522 -104468.840033
126.182892 61.724038 8.382295 2.400930 -104478.215590
126.236993 63.702344 3.275415 3.406022 -104453.292292
126.825579 61.998450 2.969806 3.031162 -104458.263331
126.938108 63.602694 2.912012 4.423240 -104469.407901
123.546523 61.802704 3.111591 2.212696 -104480.892889
124.228883 59.086873 3.666163 2.426469 -104482.448471
123.321125 62.904961 5.274169 3.146583 -104478.194418
123.220926 58.745643 3.355911 3.168182 -104488.646752
127.081872 64.049626 1.836386 3.699727 -104477.768925
126.365875 64.208668 4.323949 3.506802 -104464.622483
127.093669 62.332647 3.091327 3.253750 -104457.419679
126.036195 64.266219 4.434844 3.847789 -104476.391770
126.780125 63.159696 1.498670 5.684634 -104485.851800
127.487653 62.041071 4.650452 3.300212 -104467.708839
123.984778 61.719412 4.134575 2.254844 -104465.229354
125.452879 63.823841 2.729177 4.329406 -104463.741231
125.220812 60.830805 2.970231 4.043508 -104454.347298
126.773443 59.855686 3.624086 2.828863 -104474.185773
123.736805 63.039290 4.432807 3.528392 -104466.230689
123.928128 64.819728 1.751725 4.667577 -104488.038931
125.557678 60.927014 3.977774 4.647659 -104487.396904
126.347591 63.073973 1.435004 3.188471 -104484.553824
125.890077 65.786715 2.112099 3.791720 -104487.337730
123.787007 62.765523 3.032191 3.745488 -104459.080286
125.579401 58.735576 2.876772 3.568339 -104479.073545
123.516414 61.627512 4.897951 3.215714 -104464.154996
126.075624 61.241063 3.231361 4.028216 -104453.505439
126.472276 61.920937 4.578148 2.719280 -104447.945600
126.051100 63.698641 4.228786 2.809989 -104450.012844
125.814092 59.668195 4.414896 2.114855 -104478.622111
128.523318 62.574401 2.600270 3.231775 -104483.863183
123.452279 61.100016 1.801865 5.658631 -104487.402604
126.149595 64.147454 2.535226 4.825049 -104475.987452
123.186397 60.927828 1.567413 3.879973 -104483.012346
123.434691 63.165716 5.071856 2.844158 -104471.477576
