24.161144 30.610764 5.735851 5.996574 -102462.159056
40.107656 17.802110 5.735851 5.996574 -102462.159056
51.895077 14.824737 5.735851 5.996574 -102462.159056
91.393115 116.280378 11.395747 7.051874 -99087.746262
163.191106 161.506633 4.289257 6.164653 -102744.615297
148.125271 168.840216 4.289257 6.164653 -102744.615297
185.969357 162.274262 4.289257 6.164653 -102744.615297
113.345766 81.052474 7.213629 2.977229 -102884.174078
76.274187 167.767328 3.639182 3.232632 -102978.550259
64.195357 88.800929 3.407289 1.781192 -103051.357185
190.228231 127.631496 3.964539 3.700859 -102990.973810
125.117716 162.480253 2.471697 2.266468 -103055.566317
27.369452 66.116400 3.755784 1.834866 -103053.426350
83.474512 57.562313 2.177464 3.111643 -103057.569381
47.656403 69.191941 1.007960 5.464505 -103052.851460
