48.565113 68.677427 1.424496 4.399584 -103054.447790
47.686503 71.057189 2.441065 2.813567 -103061.284674
48.799300 72.888818 1.273244 1.497245 -103061.325407
49.057407 66.955475 1.157383 3.176984 -103056.624994
47.238491 68.518712 1.096227 3.541556 -103056.252974
45.622134 70.735299 1.005949 3.923570 -103059.372181
48.774431 64.631484 1.007960 5.464505 -103052.851460
47.670314 69.574738 1.055487 5.421448 -103056.552594
47.567897 68.792902 1.433832 4.541693 -103056.284779
45.582442 70.087365 1.450771 3.943599 -103060.375102
