141.953269 163.203032 10.957002 8.261437 -101879.309417
84.393419 171.914969 9.803858 6.566737 -102846.689340
80.736509 157.975929 9.803858 6.566737 -102846.689340
146.541865 22.586640 4.756566 8.474669 -104964.852411
158.602066 25.280742 4.756566 8.474669 -104964.852411
39.659831 166.076097 6.570405 4.696132 -105040.647309
173.525145 121.483901 1.966246 6.165102 -105464.740401
151.893035 109.008473 5.747843 1.447261 -105514.378278
194.834161 7.009553 8.038739 2.915727 -105278.133652
71.278085 10.283869 4.832717 1.889244 -105522.953752
