67.859679 13.795002 1.857896 4.646097 -105564.176317
69.824955 9.214995 3.514868 2.219083 -105541.643105
71.964833 12.259246 4.832717 1.889244 -105522.953752
75.218849 10.122927 1.286587 2.173113 -105569.002491
70.924977 12.564449 11.435129 1.651398 -105552.963043
68.507261 9.418347 2.844604 3.743012 -105553.561416
70.671882 9.245765 3.756223 2.823372 -105536.926267
73.636293 9.653029 4.192479 1.784877 -105558.249301
70.299113 13.540411 6.442018 2.373475 -105545.708828
72.007098 10.066214 3.049116 3.447281 -105527.499629
67.498228 9.656037 1.988964 2.158395 -105562.787967
71.816472 9.210086 5.979008 2.470759 -105561.510220
72.783585 7.218236 1.038486 4.473591 -105562.322499
72.880874 10.396264 1.336348 1.696103 -105562.917934
71.739148 10.086304 6.094314 1.727026 -105529.823608
72.392353 9.352334 1.891806 4.551071 -105541.837420
72.073205 12.634495 7.001641 1.828185 -105538.345692
70.906720 6.675509 1.027395 9.872378 -105567.867589
