190.745329 126.676316 4.490831 6.129895 -105491.211992
192.943482 122.035007 4.984625 7.622181 -105420.214923
193.795402 121.855750 5.008751 8.147262 -105427.270064
194.238030 125.020370 5.198082 6.126952 -105458.018057
196.007253 127.231007 6.132510 7.907435 -105504.172166
191.650586 121.586127 3.414808 6.559816 -105503.374012
196.409819 120.447850 3.242678 8.716016 -105500.612919
189.907878 125.251964 6.178226 5.627220 -105506.945985
190.318820 121.806807 4.413628 6.495033 -105468.429037
195.173311 124.607556 4.548452 8.262032 -105402.838779
195.898496 121.749882 4.432377 7.272193 -105465.100733
192.578356 121.585225 5.201984 6.937984 -105438.822529
193.192439 125.381756 4.069640 6.467472 -105462.113264
192.395495 124.249209 5.460798 6.787879 -105415.267596
193.926454 126.508982 3.356928 7.291576 -105484.110541
190.106897 120.687453 5.379697 7.009777 -105501.487908
190.029377 123.902012 6.140776 7.409453 -105502.309978
194.136605 124.983035 6.025214 5.912080 -105468.115752
196.790504 119.657846 3.719015 9.106641 -105494.796867
189.692401 121.087841 4.043766 6.573300 -105501.015516
195.018182 124.887036 4.553322 9.113372 -105402.194543
193.021492 122.695884 5.923072 5.879446 -105456.336523
195.286154 123.915779 2.470229 9.081571 -105505.010764
193.407292 123.570551 4.272035 5.885605 -105483.296272
191.310817 125.883152 5.081218 7.289387 -105429.609713
191.575041 126.489539 3.661915 7.851697 -105440.086985
195.507620 123.134272 5.030293 7.751506 -105419.152411
191.828894 122.212891 3.760402 7.032148 -105451.260726
194.153799 123.498465 5.476302 6.175405 -105447.334501
198.175124 122.927788 3.356793 8.339366 -105508.748087
192.580595 120.984352 3.234712 7.237528 -105496.795980
189.953280 127.282058 4.740639 8.386767 -105490.737449
192.101931 122.311016 4.681663 6.251487 -105449.286433
191.974525 123.747419 4.880282 5.404118 -105487.199514
193.334811 126.246323 5.104547 9.130380 -105455.129902
191.427090 128.449432 3.299332 8.526041 -105484.257669
195.988425 123.983823 5.603046 6.883580 -105450.679663
194.556617 122.644654 4.116692 8.275082 -105411.619555
192.387283 127.252868 4.627046 6.345607 -105481.442943
189.063167 121.343445 3.465207 7.246557 -105504.672963
189.881300 121.615234 5.666117 6.197396 -105493.637142
190.920432 127.785490 4.519980 8.389903 -105473.250970
193.247245 124.472476 6.159132 5.448320 -105477.779269
193.324852 126.559956 3.318356 8.477785 -105442.395928
191.549275 120.937443 5.058717 8.192886 -105473.287070
195.883044 126.770998 4.899638 6.673525 -105491.768015
195.078452 119.680296 4.471869 7.155059 -105509.301922
