181.083244 82.087916 9.147453 9.133541 -106238.863518
164.835321 97.647702 9.147453 9.133541 -106238.863518
184.847573 65.505809 9.147453 9.133541 -106238.863518
140.128983 47.210848 8.554832 5.490020 -107832.653429
150.982574 44.062428 8.554832 5.490020 -107832.653429
82.268313 37.271151 11.051077 7.846737 -106481.822277
55.287056 15.351927 11.051077 7.846737 -106481.822277
103.201135 16.904155 11.051077 7.846737 -106481.822277
72.199022 24.486847 11.051077 7.846737 -106481.822277
21.311762 33.286607 4.589638 6.207299 -109061.141445
29.229304 42.278510 4.589638 6.207299 -109061.141445
71.789579 106.797972 4.012050 6.505077 -109218.694803
128.088844 185.653993 2.859908 2.937305 -109476.272803
