130.137073 182.967763 1.977084 2.607467 -109503.229396
123.987346 186.819434 5.260919 2.371982 -109514.890319
129.427211 186.313279 3.845399 1.351488 -109512.843963
127.333437 191.142505 1.422600 7.256922 -109511.382972
125.791175 181.468910 1.479857 2.439360 -109509.686300
127.189876 188.063817 2.736786 6.202003 -109515.730906
127.961045 186.080013 2.731493 2.219307 -109488.241130
126.786332 184.790616 6.056457 3.334272 -109487.237648
131.047336 182.375504 1.406233 2.751764 -109516.532104
130.836124 185.288813 2.669388 5.270437 -109490.164536
128.148885 188.909068 6.561949 1.592342 -109519.462465
126.443624 183.756270 1.515213 4.696083 -109477.628547
129.161189 187.550492 4.834613 1.980253 -109499.319457
128.993162 183.629418 2.859908 2.937305 -109476.272803
