59.612432 138.998018 6.694304 3.978037 -105549.379661
58.502249 136.254941 2.628745 3.530603 -105574.682373
62.777981 139.319324 3.988040 5.270336 -105518.545918
62.094312 132.565652 3.926112 3.862656 -105569.980780
58.307789 142.860517 2.945652 4.628409 -105571.851543
63.481524 137.473084 4.008886 5.707811 -105515.835801
53.291785 139.679055 3.523530 5.191220 -105592.370948
58.618351 132.090351 2.760883 5.084735 -105526.719581
58.347274 134.328385 6.307876 5.253182 -105533.067693
61.574864 132.367045 3.440507 5.066651 -105527.342575
63.678570 139.869970 1.861035 6.221558 -105553.357238
59.520908 132.916852 1.214906 5.461920 -105593.415288
59.466839 137.056568 6.829957 2.744440 -105589.867412
58.935359 135.073590 3.116302 3.990710 -105531.935621
57.437479 144.279833 3.104413 7.956300 -105581.896038
61.436928 135.789630 6.647456 4.690347 -105554.917851
58.401625 136.592596 4.682248 3.149170 -105553.845007
61.711627 141.625173 3.198960 3.726607 -105602.043577
54.517006 137.192941 1.745150 8.409194 -105526.110469
55.716418 133.532794 3.026477 9.167263 -105562.184448
58.153327 134.194853 2.090971 3.757442 -105588.528026
61.147436 132.936246 3.698348 3.827010 -105554.439198
63.074031 138.140460 3.549017 4.866584 -105530.591670
63.029329 141.660457 4.471236 5.057435 -105577.254002
60.483779 135.707531 1.823426 6.373504 -105511.597913
54.353547 143.901899 1.576899 7.203826 -105598.261576
59.686356 136.630023 8.345035 3.912020 -105590.655218
60.138379 130.796551 2.778496 4.591050 -105564.183483
60.588118 136.809725 5.824861 4.217513 -105511.897454
63.154896 132.751189 4.183254 6.066986 -105558.612535
54.101796 137.179808 2.348595 4.668767 -105581.675482
63.006007 132.657168 3.236421 3.672021 -105602.425655
54.127437 132.759397 1.621552 6.756688 -105577.784682
55.548640 140.749660 4.529259 3.829544 -105584.976973
58.546708 138.596482 3.425706 6.654817 -105450.471368
60.674384 135.845001 3.637681 4.220186 -105514.624512
58.595430 139.766964 3.710315 5.164790 -105485.959983
64.797710 139.420526 4.455582 4.988519 -105591.239632
61.177442 131.147237 2.374433 4.664669 -105575.318720
59.327852 132.062555 2.164435 4.092404 -105582.936047
60.664416 140.354371 3.804125 4.273722 -105538.732239
63.128042 134.067779 5.519363 5.096524 -105583.967494
61.553415 143.568977 3.502706 5.085075 -105579.755184
56.693880 130.801712 2.987126 5.812657 -105552.639607
58.386767 131.370256 3.213084 5.597765 -105522.847723
59.059467 138.464081 5.920179 5.323769 -105506.693990
58.454249 141.715373 3.847581 6.286998 -105514.062561
58.268517 135.880768 4.799056 5.203618 -105458.902782
59.206313 142.082203 4.107750 6.121040 -105528.132592
59.686089 130.998445 2.700612 4.605092 -105560.613650
55.579310 134.179483 4.963176 6.232555 -105564.231769
53.672759 139.950893 2.842736 5.382590 -105577.398898
58.714104 137.929619 5.482190 4.485491 -105488.279370
61.797268 138.919351 5.756967 4.635649 -105544.027138
53.539873 141.145556 1.857802 6.665175 -105580.248982
66.714041 136.478887 1.898774 5.909936 -105603.182406
57.504230 136.884673 4.869419 4.198417 -105495.723626
59.010884 133.836494 2.631699 5.284871 -105502.037971
62.694258 139.239774 5.476742 5.123241 -105558.769106
58.546218 133.576144 2.713041 3.092329 -105601.278194
57.900812 137.389958 2.324805 4.486766 -105542.197991
59.243220 132.243309 6.396431 5.153319 -105589.001788
64.572267 137.990705 1.780744 5.468155 -105582.702795
61.007392 135.214711 1.890669 3.822210 -105601.117224
62.372464 134.486612 2.264562 4.840632 -105556.888984
62.358360 136.459808 3.052008 4.967625 -105517.299430
54.095075 140.060930 2.826232 4.861741 -105582.914689
56.280540 135.128789 1.451152 5.334832 -105578.064512
60.133147 134.747211 4.218524 3.868458 -105521.045638
54.112053 139.617263 4.903447 5.114282 -105602.704277
52.912011 132.102866 2.167225 7.005316 -105590.326675
55.213898 135.584598 4.842865 6.524247 -105563.057259
52.850290 136.971377 4.074559 5.681232 -105594.240831
55.164082 135.849718 2.701866 4.870509 -105542.192280
59.796869 135.970322 5.586353 5.089237 -105478.141536
53.713479 135.138637 3.029668 5.369807 -105557.324826
60.230601 142.160588 5.072826 4.110457 -105581.545308
62.448726 140.518875 4.479805 4.006427 -105578.791115
57.556510 140.690520 4.190032 3.859987 -105553.989838
56.910429 135.164299 5.410233 4.031147 -105516.149742
55.068555 136.872570 2.897759 5.074589 -105531.237322
54.110901 138.979283 3.907584 4.609285 -105575.617212
53.736006 136.724113 3.013476 8.108183 -105543.720551
63.032452 137.051344 3.602227 6.987229 -105493.520519
62.198498 131.341248 3.643300 6.171881 -105552.046870
63.907746 141.649815 3.112230 4.881792 -105583.014287
56.473878 138.184367 2.091205 5.694314 -105525.435320
65.547901 136.563371 3.689509 6.455279 -105572.740299
55.435866 135.905564 5.281856 6.108243 -105563.921336
57.211357 135.585279 2.834658 4.193719 -105537.183304
61.148893 136.052053 3.033017 6.170347 -105462.101505
61.608632 144.311631 1.411341 6.749619 -105596.285221
56.193893 137.406614 3.287433 5.953844 -105478.816295
59.794499 139.577771 4.166923 3.900739 -105537.579308
57.577118 139.983743 1.099038 5.688111 -105599.385772
60.891985 136.524096 1.647114 4.955525 -105567.409464
55.823925 145.415730 2.274916 9.590055 -105594.605051
58.624716 129.243574 3.854987 4.059164 -105602.566552
53.913155 130.771737 2.874991 6.307730 -105603.756947
55.358156 137.553450 2.261953 3.806367 -105598.559400
56.110734 141.155321 5.253861 4.355805 -105581.053069
59.701282 139.875434 5.009106 2.830876 -105601.783632
63.529084 138.492339 3.509686 7.205333 -105512.512979
57.782678 140.244789 4.795616 6.294623 -105523.321900
63.999553 131.197911 2.404707 7.258654 -105566.367021
58.681813 140.082417 3.358071 4.226375 -105535.347267
63.475362 132.903330 4.537422 6.319287 -105589.470837
61.156397 139.645685 4.800196 4.084393 -105542.828459
62.260677 143.565264 3.674488 5.244365 -105587.730595
61.181913 131.513234 2.745850 5.022926 -105549.249733
59.070221 136.394730 1.539697 7.406219 -105513.316784
55.639080 134.490235 2.837468 3.338747 -105602.156705
59.811289 136.649791 3.641462 3.189064 -105573.494597
63.787511 142.758157 3.357069 5.727663 -105583.587430
66.196155 136.675401 3.780023 6.405023 -105600.680138
62.810777 133.026489 4.472155 4.298620 -105568.350073
61.045444 129.832760 3.554004 4.896275 -105579.065207
54.089027 134.191327 3.104431 5.679747 -105547.715021
57.483828 141.195741 5.051574 4.420106 -105551.073244
60.868565 131.227460 5.343410 4.754268 -105572.803978
55.655399 138.271038 3.763805 3.724411 -105564.328146
53.246569 137.959123 2.003536 4.867184 -105603.935544
65.008492 139.545333 3.035814 5.264112 -105572.050596
64.719994 132.673903 3.328261 6.572449 -105576.722758
65.244715 133.091840 3.369515 6.569665 -105586.870339
61.550545 139.383634 5.805117 5.990394 -105574.044564
54.409987 140.420963 2.278822 4.931960 -105588.915120
59.708247 135.656353 1.543201 4.075749 -105602.221434
63.547219 138.221813 4.809186 6.745144 -105577.046413
63.738830 139.668940 2.172626 4.997799 -105576.031514
62.027054 138.710921 4.141218 4.038285 -105550.056999
57.565386 142.708934 3.882405 4.416919 -105574.260176
61.089271 128.576710 2.890007 6.514043 -105598.468447
59.611113 143.143356 4.643887 5.585740 -105579.571707
59.921674 138.962987 4.040927 4.392151 -105505.493756
58.672745 144.457855 3.194753 5.150496 -105589.095020
57.690785 131.188691 4.985010 4.349837 -105560.097444
54.485962 140.660839 3.934540 6.140061 -105571.896519
51.750588 135.637913 1.868930 8.168646 -105575.961300
59.825966 134.615868 5.084945 6.345010 -105504.887757
57.480982 144.854189 3.107454 5.890797 -105595.100041
59.205289 143.758944 2.867803 5.494185 -105564.399996
54.678931 138.101127 2.410680 4.206060 -105589.221054
62.913879 137.213087 3.885288 5.638439 -105498.897629
63.365866 134.680800 3.113578 8.553888 -105533.765718
57.715712 134.855333 3.550848 5.258384 -105471.368359
58.391630 137.500665 3.818541 8.282907 -105509.450075
59.707796 135.468223 2.708831 3.482689 -105577.512044
57.686412 134.894306 2.649811 5.722293 -105485.379798
58.763642 140.719227 4.656668 3.489656 -105568.519366
60.081746 130.334376 2.668316 7.488880 -105543.634711
60.417919 136.723068 4.626771 2.816323 -105593.277350
56.898136 136.990731 5.608634 4.106173 -105514.161104
61.186821 134.448265 2.811350 5.893786 -105485.280393
54.730651 133.330192 3.711355 5.586896 -105546.163452
58.106281 138.582217 1.807867 8.210809 -105492.077423
60.086697 132.870187 5.918409 3.913503 -105538.462914
61.421595 140.218884 4.033040 5.141081 -105509.069962
57.214778 133.367245 3.433003 3.936449 -105544.702486
51.530496 135.795562 2.302944 8.983740 -105586.640283
59.510052 132.019129 4.102837 6.642098 -105525.923152
58.482146 138.266069 5.115625 2.926986 -105573.657257
59.219373 140.636893 2.881695 5.838463 -105494.263251
61.917220 143.976604 2.896195 5.328588 -105585.270155
54.387092 134.824568 3.385046 5.113307 -105544.984244
58.989480 139.357235 2.553447 6.243707 -105479.251777
53.869720 137.715669 4.201741 6.008625 -105562.856440
64.206613 132.700160 4.319448 5.314912 -105599.264326
58.937177 135.493970 2.760361 6.953092 -105453.172215
59.540469 134.650953 3.453199 4.794597 -105485.627194
62.597955 133.099748 1.933057 5.943434 -105551.446963
61.844355 134.429105 4.096861 3.317648 -105582.783410
54.269322 134.643125 2.048374 5.510176 -105566.759155
59.162350 143.500734 1.733217 6.626427 -105565.104739
59.336849 134.679004 2.450460 5.907555 -105485.856065
55.318180 140.581571 3.749178 6.187576 -105539.374572
63.702073 138.042837 5.845038 5.030960 -105601.414261
61.888041 137.815884 4.689143 3.579951 -105567.909745
56.391039 135.805523 5.713087 6.080390 -105562.487157
59.028675 131.348082 1.406904 6.702641 -105569.961577
56.906465 134.979759 6.489499 3.970589 -105538.250133
58.697753 130.897343 2.911447 5.847137 -105532.975153
66.540092 136.156218 3.130233 6.179573 -105592.333336
61.265942 132.268951 3.474066 5.494709 -105515.603388
56.648787 133.192436 4.789837 4.621196 -105523.220987
55.009236 141.091021 3.497839 4.933348 -105570.823883
57.894845 142.305245 4.995708 4.540557 -105573.632622
63.119368 128.575603 1.362816 9.158263 -105596.345534
63.989400 133.723323 3.497149 5.174952 -105561.630087
58.602226 134.328294 4.154012 2.894380 -105581.013744
60.687752 134.316638 5.594489 3.175781 -105566.605381
58.733893 135.666756 5.406732 6.900222 -105557.076165
57.370293 135.211172 4.802622 4.009295 -105507.457153
58.961205 138.550856 2.427702 4.118703 -105558.371958
52.808559 135.773544 2.364423 5.180402 -105591.898482
62.523086 135.618930 3.726943 5.682332 -105491.351621
55.763702 134.629135 5.385972 5.545968 -105548.403905
55.537026 138.724547 6.202173 3.401609 -105591.107815
58.934678 140.760374 5.053984 4.253267 -105537.018504
60.685593 140.174165 5.143061 4.100646 -105546.339036
53.734061 136.085497 2.220971 5.469288 -105566.919329
59.726592 144.905288 2.218013 7.323318 -105567.665925
60.426700 133.342736 6.162832 4.860352 -105541.745574
56.200289 141.958239 2.000211 7.171813 -105538.531149
57.599485 132.095852 3.474437 3.509869 -105575.021523
58.817981 134.198799 6.768834 4.547109 -105532.018282
60.528011 133.384648 4.000271 4.451999 -105510.081122
58.018616 131.813393 4.411048 4.609986 -105528.593619
57.897657 131.245335 3.114067 5.159421 -105536.999937
60.299684 136.362646 2.441716 9.422629 -105485.102359
54.968014 141.474522 2.391489 6.266603 -105555.047991
59.315006 134.946842 2.313396 4.330274 -105548.465318
58.370693 140.851032 3.469661 3.386687 -105586.465987
62.301663 134.126087 4.659657 5.091065 -105522.875038
62.095411 139.199344 1.604079 5.017460 -105583.019281
63.539985 139.658374 4.376091 4.169940 -105581.956676
60.677046 134.166970 2.561561 4.172137 -105555.079334
62.124303 132.900606 2.650941 5.095611 -105542.893420
58.035551 134.970778 2.261206 3.391759 -105597.465507
65.187460 142.078764 2.248960 5.475821 -105602.544559
56.388014 139.074309 2.643258 4.633550 -105544.102657
59.832031 136.196015 5.890954 5.769857 -105510.583672
62.043020 137.528306 3.206273 3.489123 -105589.631616
62.865927 140.640499 2.213424 4.738821 -105580.364355
65.097036 139.327396 2.294046 7.395250 -105541.413763
61.025217 138.470686 2.325012 5.481727 -105512.164147
58.677724 142.321175 3.084126 3.718985 -105595.409256
65.461242 139.022292 3.689607 6.506445 -105576.333965
59.356819 142.657459 1.679051 5.606157 -105578.902237
56.239852 140.084679 2.989083 7.037283 -105496.522295
63.444204 137.462207 2.982948 5.535348 -105519.348909
54.944014 140.257271 2.316177 5.544613 -105559.054028
64.896413 137.527497 2.855513 5.201847 -105565.939693
58.219408 132.866381 1.444364 4.484702 -105602.626930
58.545039 140.166099 4.785444 4.389670 -105517.928663
54.321869 136.317973 2.999002 5.411866 -105536.592296
60.144634 132.464119 5.620795 2.650122 -105599.241854
56.289424 140.881408 1.734755 5.959738 -105561.847199
56.608170 138.593609 3.396920 4.797966 -105509.295571
58.776534 136.944726 4.867946 4.428455 -105478.062333
58.952243 139.661182 4.236743 2.924223 -105593.343624
57.614334 139.488065 4.269466 6.939532 -105501.553468
57.953122 136.308219 2.016757 5.632893 -105515.473025
59.463183 143.667711 2.730888 5.954047 -105553.978475
54.297904 135.730743 5.639765 4.298320 -105596.908441
64.340032 132.596601 3.564857 5.324253 -105585.445682
53.481947 134.917687 2.800160 4.629073 -105588.929257
60.762327 134.603362 4.448718 4.962921 -105481.657735
60.868732 139.190520 6.584390 4.116313 -105565.977621
60.457307 138.093753 1.601628 5.016404 -105568.716501
61.132132 134.359599 5.029630 3.318246 -105564.859588
59.153498 143.043004 4.010685 3.900709 -105593.108382
63.167765 134.405845 3.020779 5.004172 -105542.495360
61.441023 143.783047 3.720226 5.259829 -105583.635908
55.777717 137.919118 5.758560 4.868395 -105547.018448
58.630748 140.476366 3.130895 3.242121 -105597.291213
59.921504 144.670791 3.453383 5.379115 -105592.046785
56.066164 140.564462 3.818050 5.549448 -105526.309526
58.215569 138.684074 3.797425 4.537132 -105496.477102
66.853817 137.268874 2.352046 7.809856 -105573.658081
54.987405 139.957039 3.182811 3.634132 -105600.389229
60.843697 134.713139 2.026097 6.071805 -105511.834527
58.762202 130.297040 4.256730 4.315251 -105568.813901
55.571570 136.356821 3.555022 4.899475 -105513.187685
59.399442 137.360936 3.133949 6.511548 -105443.418085
55.711599 137.512393 4.223387 6.545201 -105506.886333
57.835652 136.631698 1.674228 6.107705 -105528.144634
59.694826 136.254672 3.733107 7.352918 -105458.479551
60.467060 134.606858 4.211040 4.859162 -105480.199977
65.581450 140.473244 3.619047 5.308458 -105599.242647
58.458931 129.012928 3.037650 5.570290 -105587.221705
63.703820 131.369620 3.930213 4.845585 -105602.925059
56.781745 140.287866 2.931904 3.744716 -105580.152052
61.104834 132.526411 4.333070 4.447220 -105529.761565
64.122866 140.853334 4.103721 7.196478 -105600.145047
59.223068 142.232495 3.707588 3.601379 -105592.917370
54.344903 135.887931 2.860696 3.976830 -105591.035571
58.290903 139.111302 5.302608 5.794731 -105503.451782
58.736580 142.507678 2.552632 6.658446 -105521.476035
61.491957 129.490378 2.249236 5.541873 -105589.511393
58.016866 134.550625 2.965780 5.182756 -105489.044473
56.751403 133.184177 2.504793 4.984302 -105537.747518
59.484344 128.794346 3.169289 4.584729 -105602.764024
63.611331 142.194153 3.564112 5.420674 -105575.648088
59.608067 138.781589 4.268827 4.968241 -105475.066684
55.587352 134.428324 3.205748 4.678344 -105534.600109
58.090426 143.328394 2.392711 6.225184 -105550.837301
55.328374 140.069849 2.724299 7.283068 -105511.926086
59.183213 139.899348 2.194127 4.714048 -105551.791582
58.297668 135.953976 4.047891 4.597763 -105476.449678
52.716180 135.473904 3.039093 7.482467 -105571.632496
55.592681 134.398137 6.358494 3.247867 -105596.462646
59.674122 129.657824 4.099989 4.220363 -105586.933130
61.795054 131.450812 1.457482 5.310478 -105600.710711
63.377854 130.608525 3.229546 5.022420 -105597.733379
62.093111 139.826103 2.146972 4.982289 -105558.870824
63.404320 135.698397 3.435518 5.554741 -105516.433760
61.438899 144.959520 1.929965 5.942540 -105599.958716
55.976232 133.792628 4.574924 6.249895 -105535.969287
59.346728 140.048987 2.689949 3.803374 -105576.512307
58.598140 135.802325 4.558869 4.167320 -105490.206010
60.873376 142.736166 4.152816 4.384295 -105579.043434
55.058695 141.765286 3.320366 6.835821 -105557.495169
54.769974 137.297402 3.010828 8.657564 -105530.211706
55.118760 131.116875 3.294820 4.291772 -105600.337503
58.996265 130.804303 4.126617 5.748081 -105547.094713
62.525716 132.128652 2.980352 6.137458 -105532.340240
57.813958 142.977178 3.608449 4.801940 -105567.611794
64.085828 139.166455 3.388153 6.458691 -105525.628942
59.599819 136.010681 3.185261 3.836502 -105539.970827
58.958185 138.496798 2.348251 6.467147 -105476.901534
55.567743 136.823484 4.228091 6.542682 -105509.360270
56.179814 129.466606 3.189409 5.863906 -105599.135116
63.966933 132.920222 2.087219 4.873387 -105598.158596
60.698985 139.407881 2.506504 4.449858 -105551.740204
64.499963 143.336834 3.003003 6.928271 -105599.134464
56.418205 140.771738 5.372198 3.598720 -105582.176277
59.023923 141.557730 3.499019 5.052889 -105523.113611
55.532673 136.993863 6.232851 3.529330 -105578.008059
58.330910 129.032386 3.688855 4.820309 -105599.548985
59.832006 138.517421 2.280779 5.067499 -105523.690282
62.696526 138.339937 3.155876 6.418798 -105484.858899
60.199793 129.454574 3.975490 5.318611 -105588.777819
54.649793 133.831218 3.830778 7.420189 -105573.215246
55.112995 139.142574 5.713947 5.277104 -105597.518049
59.332308 130.138240 3.468615 5.655588 -105554.356312
57.935150 134.233825 3.706400 6.065659 -105463.701282
63.597182 134.296078 4.175868 7.500265 -105582.440507
57.881324 134.426280 2.054540 4.021393 -105578.544604
55.841154 130.443150 3.149213 6.612095 -105577.130102
56.571492 138.751310 4.129981 4.258497 -105523.106124
58.106764 134.863389 4.001678 4.766112 -105476.385292
54.272760 141.219427 3.650903 5.465631 -105585.161850
61.179914 133.194051 2.786526 4.798126 -105532.407909
59.055500 129.846672 3.588038 4.466571 -105576.107771
56.774325 136.304753 2.794225 5.515448 -105489.755126
57.975976 142.428636 2.156588 5.272688 -105566.651032
54.782156 137.508736 2.359542 4.261164 -105585.108118
60.376510 138.005277 3.085798 7.952645 -105461.371092
62.601804 143.673434 2.816256 5.100701 -105592.532192
56.416155 137.701435 2.949076 3.513014 -105578.439609
63.535330 133.572717 3.869756 6.548391 -105544.617539
56.855571 133.324670 5.285438 3.919233 -105539.544088
56.789802 140.455955 3.595358 4.704936 -105530.634867
61.686999 139.585804 5.498668 3.600294 -105583.076165
58.823738 130.827274 3.659268 6.175598 -105538.746123
58.076269 133.369894 3.081346 8.036436 -105496.923199
55.799857 137.860206 6.196379 4.710854 -105563.157782
54.025565 133.969415 3.406286 6.439662 -105550.203092
57.946466 131.533995 3.263499 6.559892 -105519.056896
62.952907 140.418497 3.683080 4.934777 -105545.309214
60.943170 142.357725 2.931588 5.125521 -105550.072796
58.810023 134.565834 1.662490 4.350783 -105584.886318
