79.075836 10.922272 4.220392 7.133072 -99747.453418
70.351812 20.292678 4.220392 7.133072 -99747.453418
78.714799 122.119055 4.829798 8.441513 -99239.750290
84.297469 108.223415 4.829798 8.441513 -99239.750290
65.359441 147.686232 4.829798 8.441513 -99239.750290
68.302825 110.780329 4.829798 8.441513 -99239.750290
83.203248 162.408707 4.829798 8.441513 -99239.750290
120.544272 48.655651 5.065974 4.627002 -99604.248731
179.351349 152.021723 5.452810 5.583931 -99473.371204
174.237501 187.812423 5.452810 5.583931 -99473.371204
180.496245 51.538769 2.243596 9.205496 -99853.860845
168.878945 50.568023 2.243596 9.205496 -99853.860845
