171.277876 59.799118 4.778385 3.876521 -100081.446373
166.437586 53.745904 3.130060 4.900821 -100046.356110
172.998378 56.784211 2.381676 4.969523 -99961.597934
163.703096 59.270938 2.251843 6.304940 -100081.747310
172.715705 45.235850 6.020958 4.148728 -100044.847527
174.786001 43.811657 4.453565 4.644623 -99996.107722
167.683030 46.734609 1.395683 4.511338 -100036.362729
167.525421 41.711655 3.083251 3.943729 -100060.721990
163.033135 58.153809 1.867633 5.777552 -100070.683515
167.282550 54.270417 3.601689 5.787484 -100034.136812
168.607236 54.016391 4.083563 4.502338 -100039.857270
163.308301 58.257660 2.788846 2.169498 -100075.631382
163.586848 48.550762 1.287838 7.738054 -100019.638722
173.593726 44.478272 7.066914 2.651886 -100079.743093
162.913488 56.739659 5.258942 1.814934 -100083.891752
169.206936 41.462182 3.638838 5.198468 -100055.620904
165.820422 60.242284 1.118400 2.970058 -100073.961315
166.275284 54.182475 1.837792 2.143804 -100082.185656
167.586218 50.967497 4.456653 4.960238 -100067.473084
168.344831 47.926604 1.798273 9.611185 -99921.412608
165.360315 44.544608 2.685641 5.766538 -100053.769254
172.753280 45.432119 2.451529 3.942493 -99997.495999
170.777727 37.867730 3.127797 5.200058 -100077.764983
168.107185 57.123719 3.456052 5.952450 -100032.919752
168.370658 55.155860 4.506693 6.317316 -100074.071680
167.558628 46.326630 4.887445 2.066617 -100083.687980
164.980360 56.478188 2.918938 3.940664 -100070.446468
166.436873 50.862745 2.482685 3.501074 -100064.925007
169.264797 37.376286 1.188509 4.385016 -100064.995864
170.667215 53.515325 1.862801 6.018653 -99948.412024
165.939962 44.107194 3.200952 2.407683 -100077.971387
166.802509 38.435162 1.262582 2.383053 -100082.728602
172.729983 53.284665 7.144479 3.712442 -100047.193867
166.346573 48.535057 4.039874 3.882727 -100084.477549
165.577094 58.304639 1.942654 3.810920 -100060.639982
166.400300 38.474079 2.148405 4.750735 -100074.553227
170.572666 60.351447 3.351569 6.071800 -100042.926372
160.907376 54.526783 1.885945 2.308408 -100080.434725
173.545149 44.905771 2.712558 7.256123 -99906.403767
168.054223 58.620135 2.740148 4.152404 -100047.773847
170.190217 46.677343 6.089617 3.655763 -100073.243481
174.957378 40.917388 2.178830 5.240098 -100010.238810
170.669446 53.722764 1.901397 3.407956 -100035.264590
167.044188 59.204783 2.684075 2.135614 -100077.375831
171.834919 44.869464 3.533902 2.057354 -100054.662507
167.746783 42.815227 3.608613 2.869846 -100066.121410
173.393743 38.934536 2.990171 7.419950 -100053.397474
173.179853 52.196132 1.284423 2.941880 -100043.470539
170.672372 47.091495 4.300164 3.705457 -100014.809132
167.524156 51.133718 3.714879 4.106362 -100055.768897
170.280991 56.705401 4.707924 3.109818 -100068.240755
161.381904 54.036494 1.622818 2.544298 -100081.047816
173.148832 58.182071 3.775886 3.511134 -100021.634283
167.268325 47.010958 2.982507 3.168802 -100058.175371
170.814755 47.048171 4.294365 2.038586 -100058.469208
164.599583 50.986764 1.270362 4.346925 -100062.588859
167.877094 59.200925 3.260996 2.735816 -100071.809403
169.263760 60.841933 3.153024 2.732933 -100068.660897
172.471722 52.509455 2.525877 4.782923 -99946.216432
173.865677 53.718857 4.071294 5.817079 -99884.234572
171.632558 55.885336 4.230161 5.140424 -99974.810690
172.676692 60.440273 2.039653 3.775392 -100043.320739
172.172747 44.475620 4.355061 4.672443 -99996.461577
169.570247 41.815832 1.589996 3.915336 -100044.144978
174.517648 41.166285 3.120478 5.630006 -100008.503967
166.061453 55.057386 2.040929 6.376635 -100011.669006
172.959560 53.114985 2.243596 9.205496 -99853.860845
165.335375 40.043316 5.762652 1.104258 -100082.034525
175.163567 38.692724 3.593649 4.096118 -100083.496145
164.260189 61.801923 2.034782 4.627190 -100080.750331
170.682027 52.500664 2.015773 3.096366 -100041.549414
173.309829 52.218503 8.321969 2.445493 -100055.426812
162.415057 56.091987 1.486827 6.164086 -100061.092357
166.514097 56.344880 2.328114 4.948956 -100036.751809
172.625189 44.578019 1.288983 3.876598 -100032.346856
