187.720222 98.261504 6.297295 9.475123 -98960.728329
161.832268 104.621218 6.297295 9.475123 -98960.728329
126.958280 195.211044 7.798716 2.772333 -100820.826639
168.783664 58.615187 5.321457 4.636490 -100546.891649
93.882705 78.007017 7.571813 2.403902 -100659.880608
36.430775 41.162416 5.509356 3.637048 -100566.886730
150.222227 154.188115 7.495686 3.962936 -100271.995242
186.684112 174.062582 2.087030 3.483989 -100878.648590
23.782298 3.804654 1.096990 6.394071 -100876.221368
8.870735 131.763408 3.595201 3.713935 -100726.033490
141.975119 133.227150 1.306289 4.494694 -100887.255723
