52.028552 37.067306 4.445139 2.130794 -105126.739726
55.356424 40.233391 3.609290 3.412399 -105128.654024
53.702481 36.692810 5.504758 4.030941 -105115.732605
52.211107 37.907688 2.620043 3.549949 -105118.479325
51.459768 37.639775 5.071888 3.743898 -105122.328789
54.312575 38.162399 3.183652 4.531253 -105105.129854
54.717223 36.460262 5.075664 2.880644 -105087.061251
55.776506 39.813568 4.394518 2.887887 -105129.442299
54.281466 35.264909 6.678869 2.477359 -105123.971784
54.612927 37.463392 6.219795 2.894354 -105069.335688
51.613505 37.349242 5.467396 4.093419 -105144.758181
