44.329080 131.805449 2.771265 7.709814 -108347.006288
44.852894 132.753188 3.188305 7.578108 -108363.660446
43.820160 125.483609 3.059056 9.659390 -108243.237598
41.419084 131.609114 1.587014 6.864536 -108366.005515
44.769864 129.201141 3.259471 8.101641 -108384.434480
43.547651 129.828030 1.588634 5.865708 -108401.669266
43.984325 127.791881 2.278127 6.625831 -108400.845091
41.573825 128.122837 1.911467 5.622218 -108411.652414
43.821071 131.884163 2.619409 8.789927 -108281.277964
42.949297 128.833726 1.288797 6.485461 -108391.238446
