48.084875 10.774887 4.740213 6.712122 -104897.008570
44.652231 11.248957 3.955766 6.592355 -104866.092863
45.497795 12.239199 2.746810 6.123164 -104929.463154
45.139291 12.005922 5.745128 5.994787 -104891.393806
48.685684 11.875159 3.982874 5.941700 -104912.551127
47.527314 7.107260 3.584253 7.212290 -104928.491621
48.696609 10.825918 4.170943 7.631743 -104917.338810
43.931158 12.210370 5.003151 5.078521 -104909.369081
49.005915 12.788170 3.180846 8.120435 -104924.876785
47.811152 8.735908 2.880358 8.508454 -104914.458420
44.158299 13.269702 4.990855 6.556375 -104908.130814
46.886827 12.616522 4.124798 4.894394 -104930.977406
48.506651 11.572930 3.992771 5.696221 -104914.324789
43.294507 9.379281 4.676960 5.115675 -104931.584983
