126.517223 126.310501 4.594397 1.804096 -108596.061893
116.857482 142.239008 3.948654 5.395909 -108494.193798
124.066245 126.004373 6.653206 6.278596 -107157.565614
117.684997 122.528055 5.055486 2.547512 -108729.309229
123.355641 138.377716 4.720051 6.357685 -107516.068080
115.701177 140.976506 4.429372 3.060717 -108683.591747
125.438302 120.819146 3.751880 6.427963 -108220.347520
115.941775 133.736076 3.797597 3.055905 -108497.424941
124.733717 113.463254 1.970114 6.393503 -108729.580029
118.671419 129.655730 3.924964 3.702456 -108177.379445
116.715099 138.773070 1.686540 4.380079 -108569.419893
122.096631 128.116229 3.801948 6.475294 -107434.737754
124.404638 131.958560 5.749942 3.796349 -107555.447834
116.921197 118.374829 1.874304 6.892921 -108626.051895
114.984096 136.588111 7.366540 4.823735 -108284.211521
119.639676 125.554342 3.274209 3.083689 -108507.946620
118.127471 135.997549 11.204687 2.886136 -108174.873609
129.612948 118.208772 1.559516 4.780747 -108693.850892
131.790884 134.321373 5.356141 4.065690 -108224.406255
120.267196 122.934456 4.887684 2.597428 -108630.800458
126.064562 122.816356 5.238654 2.702579 -108563.023497
130.856746 135.295444 1.762526 5.126558 -108401.413610
117.053246 139.155373 2.548834 7.457188 -108127.868036
115.330262 124.719296 3.768951 2.682007 -108706.783920
123.696621 139.117560 5.421224 5.910167 -107623.674084
126.278441 118.675449 1.586618 5.713111 -108607.745111
131.886278 121.383484 5.411564 4.398607 -108649.447581
109.085790 128.269023 2.143529 4.397451 -108742.395543
124.861333 122.669855 5.032023 2.940342 -108525.609544
125.749339 124.384367 6.702306 4.026290 -108054.077361
132.948683 123.734036 5.389268 8.277743 -108193.299145
120.495548 148.191400 1.284990 8.202086 -108619.563526
121.848406 128.561913 4.031599 7.204253 -107237.693281
128.247074 126.793721 5.510474 5.692037 -107546.270444
130.027673 118.650627 3.962275 6.307081 -108564.562771
121.903110 125.626631 4.694031 1.204633 -108702.750678
114.372308 121.220193 1.186006 4.685012 -108730.216819
121.664284 141.335419 10.174803 3.215706 -108548.644063
119.820099 141.328493 3.513593 5.305441 -108315.550563
120.901058 129.515721 4.365271 1.123835 -108671.085226
117.222562 137.554331 9.301305 6.829587 -107835.617007
111.945711 129.781932 7.521406 6.309308 -108633.033750
132.922125 130.482553 6.508352 5.079275 -108106.140841
126.483662 140.068778 1.563851 6.403800 -108352.354100
123.414610 121.443497 1.889088 3.152996 -108667.639314
113.687384 131.040981 5.465357 2.364592 -108697.559457
124.769322 123.901916 4.925987 5.330401 -107907.407236
134.510230 129.741542 5.979637 4.036553 -108553.481506
113.474681 141.394618 5.920765 5.734712 -108719.712960
119.404199 120.225448 2.689626 6.196826 -108481.943193
134.096078 131.685000 5.795489 3.803717 -108513.089237
137.514071 135.117669 5.383920 7.344594 -108662.267871
117.170209 148.378972 1.689986 6.416670 -108721.860364
125.568756 122.224975 5.920770 3.689424 -108421.815534
131.509118 127.164188 7.485233 3.340851 -108368.700289
122.182959 136.065325 4.074906 6.440248 -107391.194026
119.099156 130.292276 3.457009 7.885722 -107424.386581
130.846442 133.539834 3.244344 3.704505 -108357.768727
122.774079 142.283481 1.291637 9.269010 -108307.912619
127.389562 124.715447 5.153628 3.873859 -108211.478605
122.534928 124.421339 5.709551 7.340009 -107423.629122
127.215272 140.804082 5.208343 7.834310 -107746.603880
116.235246 140.779620 5.967774 3.533455 -108621.839562
118.585316 133.840247 9.760879 8.204543 -107175.889573
131.715081 137.213986 10.362848 7.101481 -108357.690690
123.705961 125.257305 8.240310 4.596707 -107627.795469
108.332919 131.228766 2.233251 6.269084 -108664.286632
121.964658 140.468225 3.742600 4.157758 -108353.455838
115.113025 132.652193 6.261951 1.221969 -108732.030413
126.181532 121.916715 10.352988 6.231291 -108405.242670
120.992126 131.073006 3.020924 3.071238 -108304.245179
126.259679 138.849750 3.912834 4.922854 -108062.077662
114.604567 126.542573 8.734486 2.964688 -108722.368391
126.625734 134.166268 1.441844 5.471188 -108267.632119
127.539147 121.685847 4.616547 5.058560 -108327.372207
124.541939 133.566751 2.895929 4.938425 -107853.609680
127.423284 130.760754 4.785271 4.346558 -107675.600377
116.268987 133.507189 2.582395 3.970106 -108427.110822
129.814397 137.776498 6.660382 4.161586 -108161.271108
131.433174 124.055132 4.309720 3.084424 -108616.883589
124.662901 128.869259 4.324421 4.189512 -107773.188475
129.062069 119.721730 5.749752 4.146963 -108673.684994
126.878995 125.465965 3.589666 3.696566 -108306.663255
136.087522 126.303647 2.674773 4.504468 -108682.751760
134.849248 138.261905 7.035816 6.330109 -108653.944118
124.890756 121.089225 3.192312 7.379520 -108118.346042
130.326171 136.721664 11.613047 3.855521 -108199.250441
114.550557 127.590728 4.609006 6.820580 -108084.885788
125.089522 134.117840 1.547791 3.631445 -108443.089683
125.359886 137.733599 4.250561 2.157153 -108558.637406
138.713053 130.675679 2.637831 5.659092 -108713.536582
120.558181 136.254319 5.345961 4.550825 -107709.407124
131.178577 130.422786 7.945170 4.133008 -107937.581318
138.564048 145.421168 1.271704 8.186612 -108705.926552
135.632149 133.854867 5.646918 8.966981 -108230.353669
123.908183 130.016553 9.021504 5.272340 -106497.853575
123.899457 118.120131 6.012402 7.036025 -108602.336611
125.683228 124.173480 3.682345 1.083179 -108727.134016
117.836483 119.878516 4.174585 5.344453 -108645.720149
124.746487 133.684967 2.749934 6.400940 -107641.790118
112.072132 126.892290 3.658266 5.574117 -108570.199665
128.000367 136.329546 4.802122 4.608507 -107867.919669
120.378535 123.341996 2.348274 8.879213 -107989.248653
123.988454 135.131171 4.651495 2.839797 -108202.275690
122.233992 120.252928 3.301778 6.372661 -108341.537425
114.206836 127.325003 3.430324 5.799623 -108349.026117
128.826151 138.047471 4.209535 6.196715 -107832.863640
112.313027 132.178257 7.454425 6.099534 -108493.127731
128.705248 134.362663 8.459388 3.351093 -107858.751386
126.009377 130.157999 4.898448 3.438060 -107908.904014
131.928300 120.621651 2.133788 6.424439 -108535.341527
120.745614 129.344113 2.426467 3.837576 -108278.884209
136.333386 133.554597 1.880807 3.605202 -108719.650131
114.628483 137.059867 2.549223 5.747581 -108379.829819
113.966823 121.621666 1.709313 8.602372 -108484.169489
121.629969 140.120068 2.659390 2.376965 -108647.376835
130.466719 134.589239 5.055831 4.854552 -107907.362422
119.744092 122.314239 3.771157 2.069251 -108717.960217
122.635692 136.424370 4.706663 5.952499 -107364.641981
126.637564 133.291414 2.288791 8.401964 -107648.738637
130.732620 143.411382 1.796644 3.388546 -108723.797987
126.971886 130.990732 4.562618 1.954263 -108464.832511
115.332265 130.701100 10.033759 3.829014 -108313.215015
122.995153 139.870614 4.319398 3.132537 -108454.891128
110.976818 133.609804 4.586404 4.439937 -108676.008781
129.250865 132.493470 4.664126 5.076648 -107672.539047
123.801357 138.612555 4.322795 2.791144 -108447.891040
128.599242 132.377957 6.936725 5.363546 -107150.164007
115.543964 128.042796 4.609668 5.091433 -108208.216277
128.451759 134.578230 5.377461 4.079384 -107851.469930
124.397742 118.860390 6.638740 6.069361 -108598.166761
120.641249 132.664841 2.244431 6.239953 -107894.525240
122.267998 114.291951 2.360111 7.097018 -108695.493154
128.331540 131.847668 2.642156 4.682239 -108085.783052
131.086532 143.110221 3.787806 4.186710 -108673.774759
124.216246 130.454540 6.503996 5.859915 -106700.340054
114.227302 124.226547 4.831565 8.062963 -108279.018375
125.562130 132.683204 5.647968 3.978507 -107541.194926
120.886184 124.690695 6.807381 7.425480 -107439.663929
119.617278 133.501367 8.328406 3.135874 -107814.559618
126.309164 128.514548 5.235221 3.572784 -107906.787929
128.538092 119.755479 4.188355 2.418187 -108735.503332
121.171226 144.513063 5.606335 7.754823 -108378.120801
113.191202 137.951012 3.797658 4.603376 -108572.924391
121.202629 124.141798 6.756706 2.623671 -108494.836119
116.171243 122.804195 6.451225 9.106635 -108363.453157
119.967541 130.821708 7.371938 5.072487 -107083.796412
115.843728 127.289262 7.655846 1.670419 -108699.108480
111.974588 124.536727 3.166452 6.104438 -108616.494424
118.835080 126.649621 4.955428 6.698784 -107578.795400
118.781373 138.248577 9.425144 6.566000 -107663.552005
121.946101 133.921706 6.919657 6.507571 -106608.082111
113.745522 142.809377 3.964001 5.655296 -108672.833049
124.805581 133.230899 7.213699 7.275672 -106376.115291
125.303004 122.905121 7.167542 1.985856 -108623.554873
136.767094 134.532961 2.543175 3.549185 -108730.523368
115.324146 135.191986 2.789854 4.468240 -108421.096387
128.011544 132.821654 2.367765 7.094908 -107791.999229
125.394184 120.397808 3.486680 3.940371 -108577.710008
125.804632 130.136741 6.036714 3.811606 -107581.458592
109.883073 135.724167 1.395347 4.505256 -108720.350213
126.343021 142.844163 1.723633 3.549160 -108682.377365
120.998602 125.897334 3.824749 3.894796 -108231.485461
123.762953 121.817500 4.577836 6.090434 -108092.139358
111.913967 130.370080 5.042727 3.340156 -108714.666416
119.984618 120.666450 7.751038 6.803919 -108555.258636
116.850349 126.658178 6.951315 7.682839 -107697.446415
127.559122 119.297610 5.447500 5.247550 -108565.576032
129.213792 128.491115 2.360726 3.650662 -108410.375737
114.492746 135.930954 5.774432 1.764821 -108719.423160
129.575993 132.452213 6.618104 3.626982 -107906.870172
117.493984 122.103964 6.094747 6.812812 -108356.716388
107.008520 127.906933 1.397860 5.806031 -108740.027836
127.428959 132.908536 6.143937 4.207623 -107510.937426
120.420041 117.271030 2.724655 3.858927 -108743.476132
113.635232 138.427138 5.956781 3.194947 -108706.519694
128.418435 132.531933 7.379175 4.807082 -107241.446156
122.124320 134.062066 1.082573 3.496812 -108551.459450
114.107656 125.987899 2.393582 5.224530 -108542.461836
127.482650 133.671898 4.267212 5.010290 -107624.979992
132.412762 132.028069 6.592160 2.825801 -108476.266588
120.797977 136.980575 3.881331 4.596740 -107971.847590
116.070767 137.355737 7.145534 5.647086 -108022.876164
119.729335 150.068156 1.754614 6.284193 -108743.881075
128.056036 124.946720 1.975008 5.481700 -108318.185060
120.078980 127.129597 2.722342 5.943600 -107977.785680
135.236881 131.320586 2.874683 4.914374 -108542.615769
129.502701 121.382133 7.036652 4.385519 -108570.263165
115.088320 127.604349 2.603631 5.526871 -108373.825831
117.713932 140.591072 3.055681 9.548298 -107923.943041
114.568131 132.213022 5.701947 4.829614 -108205.389935
132.712110 128.092321 2.705392 3.198197 -108602.112421
130.206903 139.395968 8.391749 6.068763 -108135.269409
130.561276 131.693346 3.418546 3.841033 -108272.112559
137.848067 126.513227 3.674114 6.814005 -108647.248307
119.152261 130.084033 4.965920 6.457913 -107278.948715
129.281462 123.645581 6.883556 4.232905 -108306.996991
118.592468 125.804980 1.319095 2.617644 -108691.760136
124.991246 120.153123 6.107707 3.254266 -108645.466056
129.449209 136.294560 9.939609 8.373378 -107697.376038
120.345942 147.284349 2.142764 4.383193 -108743.935523
125.999705 127.216876 4.557703 4.932689 -107679.275061
117.538078 125.145581 5.409492 3.094305 -108541.477981
129.498630 132.492016 6.916172 3.128100 -108050.186591
118.084101 127.318796 2.458436 5.481885 -108211.687481
122.197130 139.803083 1.040413 5.631555 -108513.233733
124.641372 132.056204 1.965227 1.596528 -108665.220401
124.168781 123.940269 7.141158 5.786386 -107646.494656
143.439591 122.964063 1.084059 8.774704 -108741.339018
129.474133 138.046337 6.433641 3.166827 -108394.307671
126.460526 125.360600 2.452987 5.019324 -108221.858169
122.124357 135.678201 1.672703 6.845329 -108065.500331
122.081034 137.495516 2.859219 6.595457 -107808.847265
130.292446 122.533035 4.118702 3.030638 -108647.747483
134.720109 140.575394 3.317597 4.337229 -108694.106416
136.364854 126.244759 5.747532 6.756909 -108660.669107
125.115400 123.348082 3.437483 5.524889 -108115.577329
113.229872 137.563148 4.668375 2.937381 -108708.110886
128.070154 125.588309 6.588849 4.822302 -107800.573374
124.881875 116.549770 3.952745 8.040379 -108536.750384
112.730227 124.819544 3.892556 4.060138 -108721.850437
120.715366 128.121231 1.700158 3.402201 -108502.526877
126.193397 132.085586 11.793962 2.157020 -107987.975589
133.062827 142.992064 2.509909 6.830028 -108542.327552
125.627189 124.510191 4.163860 5.174837 -107966.865756
122.149438 140.889040 5.303755 4.007722 -108331.109841
126.237526 132.409554 1.612853 3.883550 -108387.857889
123.245890 117.942898 2.033365 3.513143 -108718.088883
123.205577 142.156452 4.583823 3.194483 -108592.521984
132.248678 139.047020 5.201112 7.108899 -108115.298547
131.154277 124.162802 7.312600 7.893719 -108072.716481
129.431670 132.815778 10.062733 1.297082 -108566.085353
113.436566 122.952317 2.244927 4.245879 -108722.294781
115.707131 142.062859 5.874363 7.236333 -108466.144217
132.330203 123.590574 2.970376 6.218730 -108372.418635
122.246834 116.830312 3.363025 6.804149 -108595.005918
127.656131 126.478760 7.690823 2.440180 -108343.439486
124.793999 121.441751 2.317214 6.472401 -108307.748634
126.265559 125.963977 6.028931 4.763670 -107677.552828
108.016599 127.424815 3.248105 8.053965 -108656.299412
132.259025 131.789791 3.785039 7.940906 -107725.634914
117.846499 128.677922 9.403498 6.000504 -107412.573496
117.235021 135.147292 4.392081 4.126558 -108164.181504
123.042118 121.184834 1.352269 3.721936 -108670.740347
120.295876 133.706912 5.129198 1.326866 -108613.789112
119.849964 136.172563 4.118742 4.868229 -107858.608234
125.881633 131.401964 3.969738 1.932684 -108491.190054
124.565231 122.064156 1.920913 5.354314 -108445.896529
131.886836 125.346336 4.521372 7.849609 -107903.696567
125.659441 138.041778 8.194544 7.042539 -107110.784285
133.169933 125.631354 4.355130 3.094157 -108639.610211
119.886886 128.771153 4.734067 6.535423 -107312.020767
125.537045 127.048242 5.657055 1.786030 -108533.823418
130.568881 125.426138 6.741519 5.058045 -108063.307167
128.948036 128.833417 4.767869 2.465811 -108400.214263
118.858781 140.219816 5.124853 5.476605 -108114.575890
128.181462 143.676297 2.182405 8.553367 -108290.041210
120.570489 120.541977 5.950906 6.300571 -108379.623848
118.471309 123.640171 3.300075 7.142125 -108077.119678
122.563183 119.062545 1.344385 7.014728 -108543.031495
136.568789 138.149984 4.175136 4.457563 -108735.032212
139.249012 136.247610 2.546792 7.962813 -108600.937483
131.899706 130.256799 6.183784 3.520390 -108283.561734
114.810969 137.926937 4.989923 3.316601 -108599.278555
111.050054 140.473694 2.814602 8.979764 -108453.710963
110.183253 131.459723 2.400816 5.255661 -108644.804473
113.918393 139.473669 6.793976 5.855994 -108561.653659
110.585634 134.665911 3.571330 7.701717 -108391.570640
121.655881 144.837730 1.479666 3.539528 -108723.719270
124.379063 136.517058 2.158472 6.884335 -107907.595549
134.748904 132.364721 5.870605 5.173861 -108413.820663
129.969850 131.274515 2.060742 1.303426 -108720.571216
126.057964 137.386109 5.406515 6.398402 -107317.763652
134.868737 122.546920 2.132884 3.135513 -108742.194432
127.301772 134.289702 8.245959 2.897442 -107928.685712
129.122140 117.543563 5.532023 7.655220 -108702.257850
126.497368 121.735728 2.726968 2.765099 -108664.963892
122.050496 121.390831 8.592305 3.159204 -108643.042262
123.571187 139.492482 4.495148 6.798880 -107632.333269
129.806750 122.188800 2.960082 4.007633 -108575.969103
122.835727 132.801614 5.392635 6.594865 -106793.512084
130.799263 129.592087 4.178887 5.595577 -107863.458882
129.341037 123.258398 5.154252 3.846164 -108445.574491
128.401038 118.352001 2.330362 4.291309 -108684.342491
122.285902 139.101406 4.046370 1.865585 -108636.665757
133.813141 129.940005 1.963055 6.265109 -108390.549833
119.762494 133.154486 5.564121 3.725584 -107823.138820
124.417357 133.070120 7.968607 6.303774 -106348.959860
133.613342 131.074065 6.633879 6.518278 -108015.917732
115.361529 138.667663 6.045384 9.781875 -108026.892391
128.508575 118.011308 6.242997 8.204880 -108725.371843
117.398426 132.265353 4.512872 4.463817 -107985.976697
112.840506 128.155907 3.784975 4.683477 -108560.167827
115.776704 125.961926 4.698370 6.868418 -108041.103968
122.394365 145.615762 3.414449 4.098133 -108704.926002
110.269465 127.059478 4.001061 7.873473 -108529.183868
112.164464 125.365633 2.988757 3.812760 -108726.900702
123.069956 131.868446 5.537578 4.452654 -107332.085219
115.010781 127.242603 6.456355 5.204438 -108282.466070
129.089907 137.338468 6.296408 1.696533 -108633.110535
110.229332 138.721665 1.886798 9.928695 -108420.029422
126.938768 123.739632 8.368158 4.294747 -108098.285615
120.553300 120.351169 2.596583 3.762103 -108665.028608
127.459157 141.635670 4.380781 1.474349 -108735.220003
121.589357 131.350902 3.077343 7.838162 -107367.091123
123.010380 139.858662 5.355654 5.421300 -107864.771448
129.392991 125.809487 4.086876 3.666309 -108350.015138
119.084661 126.696163 6.787467 3.649596 -108117.454791
130.984143 122.010543 3.951331 2.700508 -108703.323385
136.668194 127.614780 1.852058 5.869256 -108623.492697
120.267009 123.799249 6.450940 1.217754 -108719.348278
115.708530 130.366175 3.830218 7.698441 -107739.017942
115.818806 135.259567 4.657444 5.475892 -108022.775305
124.499810 129.779864 1.989063 7.234254 -107838.193046
128.335264 132.293512 5.990852 1.834742 -108458.353083
117.657599 125.924283 2.028429 5.092571 -108420.424488
120.883619 120.621990 2.184496 7.185058 -108358.955903
127.244209 137.834138 3.956647 3.611693 -108302.350269
119.019375 124.573083 5.230671 4.948162 -108140.649225
117.893044 135.689784 1.109590 5.573095 -108467.412042
131.375522 142.814943 5.394524 6.244329 -108546.060531
122.339594 126.258745 4.839835 8.222379 -107164.255319
124.700645 134.938989 6.497370 3.841613 -107576.333489
133.928624 131.635973 4.976731 4.528638 -108388.943161
127.112684 129.069850 4.062103 4.271731 -107872.502376
132.660108 137.770369 4.879271 9.718243 -107854.545897
115.457585 122.989469 2.261587 4.089644 -108682.392758
133.332645 129.432135 8.034058 4.431502 -108352.178214
120.175852 117.822445 2.305384 3.544152 -108742.753157
128.870349 130.387742 6.813920 5.035012 -107326.736300
119.082197 127.776782 2.543095 5.137393 -108165.922694
135.679825 132.689954 5.948338 4.209175 -108664.162307
122.445303 139.744350 5.263019 1.739769 -108649.758259
118.619883 142.433816 7.540955 4.211751 -108619.856027
136.015385 137.830874 5.158762 5.464333 -108671.001466
136.045952 138.217525 3.213309 6.045110 -108574.459420
117.721464 130.033867 6.021283 5.973666 -107440.588917
136.570080 133.821789 3.681085 4.670873 -108659.137842
125.368580 122.812646 6.139210 5.049530 -108061.372368
131.584433 139.471502 1.386561 2.586902 -108726.684366
129.279443 119.173893 1.072422 5.865012 -108651.439672
133.709306 133.967161 4.935446 4.228060 -108432.661934
125.326198 125.614895 3.970679 1.514020 -108664.814785
116.306104 126.172988 5.561687 3.241837 -108534.282615
125.104212 142.756838 4.129147 7.336032 -108071.842563
119.185410 121.309928 2.796269 4.669112 -108574.399433
126.271422 130.693709 4.424313 2.693350 -108231.493929
123.977160 137.752794 8.489960 1.709999 -108536.207467
124.659476 119.519250 2.497396 3.909670 -108645.874296
131.063913 135.206509 5.184804 6.035666 -107762.209889
118.104170 136.847807 5.591156 4.500336 -107980.123319
124.213874 137.819919 5.574166 3.373762 -108145.307162
112.574907 136.056745 4.233518 5.286932 -108482.156725
135.984998 127.628031 5.848265 4.647573 -108721.772447
123.512849 130.520258 4.822255 5.436797 -107196.488424
129.472825 132.452750 7.982864 3.879476 -107693.056623
111.991002 140.863493 3.977981 8.487869 -108479.812252
128.175872 122.259167 9.109655 2.561549 -108688.393596
122.751573 130.501079 5.175694 2.221238 -108312.374855
130.154771 131.441631 5.548702 3.592715 -108073.538581
126.903250 130.085553 6.209516 7.608218 -106679.423854
117.518732 130.091652 1.262793 3.835657 -108570.005280
125.250170 119.868202 6.708816 2.354950 -108725.590779
121.384058 126.543615 4.065123 1.627367 -108638.633832
121.922348 137.625419 4.217156 5.582094 -107702.548613
132.075106 136.550253 9.503984 8.500107 -108384.296387
116.636320 143.397778 6.721308 5.814365 -108734.683203
127.495521 132.811736 2.412107 7.172329 -107740.374927
118.354880 133.601128 3.075496 4.378267 -108146.040292
124.714693 138.327995 2.799610 6.304279 -107922.152014
134.167477 141.194241 1.751177 3.164425 -108743.174684
127.383736 138.337793 6.426172 8.152927 -107282.334405
129.493951 137.207277 4.822685 9.299632 -107394.427120
125.228850 119.939602 6.397133 4.578451 -108549.444167
128.552376 139.809385 3.189514 7.824141 -107906.531041
113.660215 126.858891 3.727915 4.785366 -108532.597843
114.087163 134.841915 8.137925 4.621949 -108402.405094
123.682581 129.453548 2.443231 2.743949 -108446.290673
113.273555 137.694326 3.098801 8.978059 -108122.703091
139.654782 126.565136 2.499491 6.405177 -108737.400740
130.724414 140.311641 1.253338 5.107788 -108606.067304
127.154142 122.045216 3.470339 5.457130 -108286.240675
136.495093 130.219547 6.316129 7.705032 -108552.353716
114.183845 129.731837 1.701870 6.164898 -108432.753622
132.240313 131.011291 3.188169 6.073578 -108075.664231
129.781733 132.638707 6.528548 3.154112 -108102.138389
116.263480 124.005206 8.142171 4.300697 -108658.009522
124.295696 128.989775 7.873182 1.086161 -108615.107653
120.809296 124.468960 6.312770 6.997082 -107544.513330
117.025193 141.442486 2.825041 4.303539 -108578.835383
124.411305 129.990202 5.689345 3.700367 -107651.285153
123.359045 127.012637 3.852326 5.316226 -107715.735303
133.992687 119.402032 1.871948 4.950819 -108707.523338
127.105574 125.474160 2.302469 2.464079 -108621.119654
113.599476 132.272771 3.964438 6.447707 -108147.885624
131.202188 136.848879 6.377075 4.878724 -108087.997781
121.989898 124.497256 6.963153 6.886728 -107435.979499
123.125093 130.399283 4.579049 6.073249 -107119.859971
116.490830 142.208158 2.858783 3.667848 -108668.498950
120.372460 142.004334 7.950495 3.385935 -108578.689560
124.423206 138.774340 1.298642 3.022099 -108645.174126
123.589429 122.150122 2.675042 1.730428 -108717.825507
121.581277 131.569647 1.483474 3.801084 -108425.920872
116.610775 130.833012 2.932069 5.663127 -108084.947958
124.242240 145.176912 4.050321 3.416864 -108732.500337
114.505434 119.677839 4.168924 6.617817 -108738.154263
126.255311 138.533847 2.577788 6.017945 -108066.217374
137.056630 130.103693 3.400949 4.710846 -108692.184517
138.480247 131.491673 2.534610 6.247449 -108657.052355
126.758084 129.092675 2.074230 8.847895 -107740.920301
122.170972 134.480592 6.027628 3.138613 -107913.053804
126.487899 128.878675 7.669920 4.407115 -107241.905742
126.295546 132.201633 6.277717 2.757883 -108014.381182
122.675760 138.624039 1.416305 6.111133 -108331.474058
134.249737 142.013663 5.427923 6.003349 -108725.153933
124.302090 137.410391 4.819760 7.059585 -107244.973998
122.620198 128.885262 2.108247 3.813377 -108315.995968
121.421439 144.822793 5.815742 5.585913 -108619.844866
126.972119 140.784716 5.305740 5.386529 -108109.501572
125.042013 139.220640 6.563807 3.577974 -108200.206091
126.699779 127.227025 2.765923 3.254765 -108392.124460
114.840493 141.518247 3.980010 8.116051 -108295.807538
130.234110 127.829189 8.014595 5.849131 -107523.053581
119.871033 123.370523 2.260915 5.062624 -108434.555307
122.373228 137.987403 5.042605 2.582174 -108411.373192
121.710907 140.927900 5.939901 2.943797 -108513.831754
133.543462 139.392926 5.107490 3.616689 -108675.822163
125.879842 127.551614 3.653346 3.816071 -108105.689256
128.115636 132.675543 4.223067 5.410611 -107557.716007
114.881159 132.267964 6.328988 3.511426 -108412.322564
111.644517 133.396803 6.064195 5.084618 -108604.173395
121.458843 124.432950 6.040017 5.454092 -107794.264723
138.092880 131.692027 4.864852 7.307764 -108653.857193
130.451259 142.101176 6.377242 5.552126 -108519.030111
125.164341 136.758131 1.420069 1.483222 -108725.258052
111.823193 126.881377 1.991346 7.223975 -108490.600949
136.032889 131.110420 7.044310 5.251244 -108701.572378
119.353150 120.107267 1.616366 6.807466 -108524.081498
109.673824 132.085678 5.342912 6.908812 -108660.588240
115.394689 126.598009 7.102032 2.965827 -108614.975672
120.150346 138.499785 7.104366 3.474829 -108158.771520
108.308072 136.472171 1.926023 4.959250 -108731.606396
133.095308 130.250432 1.667045 1.954754 -108731.160057
123.743189 132.054872 2.271992 3.091506 -108375.224122
127.615706 130.844729 4.442098 7.211547 -107119.394073
112.159061 133.179812 5.461902 3.774477 -108663.366381
110.531948 128.127405 4.898480 5.250439 -108724.349733
117.593614 132.497696 5.035899 3.090238 -108268.803098
122.427737 121.507483 5.170766 7.004108 -108015.718732
125.570532 120.050079 3.956739 5.523136 -108410.233132
132.705298 140.261760 3.110627 3.347872 -108683.829916
114.853278 126.200745 5.132004 5.511824 -108337.213493
120.183410 133.969491 4.526818 3.160069 -108135.891927
128.078566 128.783546 3.413889 3.275458 -108290.019959
131.352481 146.505482 4.106972 7.606597 -108695.002949
119.400206 133.164023 4.519704 4.506514 -107767.305793
118.989213 122.702945 6.702230 4.505998 -108452.583768
124.085077 145.359719 1.063899 3.425935 -108743.241139
122.262307 124.044025 3.000768 2.706367 -108585.968339
123.200009 143.799286 6.053133 9.046930 -108199.857060
117.432197 126.744393 4.079367 5.300146 -108093.988715
125.840715 125.534316 6.530391 4.071734 -107889.093150
122.545122 139.921803 5.401085 5.309738 -107903.338644
134.531430 135.042614 5.705755 3.155516 -108658.528758
111.810932 134.747386 6.752619 5.377749 -108620.439721
126.028631 134.631159 3.109887 5.192292 -107818.686760
121.864509 118.832477 3.312003 6.424414 -108471.919494
134.172406 128.023071 6.677383 4.126282 -108556.292789
123.098350 127.047265 2.663498 9.532858 -107527.950999
117.391662 144.883191 2.558480 7.460224 -108497.236908
117.564851 128.244233 1.414097 3.752559 -108578.939072
130.515284 126.991819 4.511020 4.711360 -108108.587449
118.556644 121.902544 6.980356 3.860679 -108672.632994
123.873491 141.341205 2.068657 2.743374 -108676.793057
120.931476 143.746575 4.337000 4.507867 -108574.311590
115.424059 123.219668 6.031992 5.979856 -108535.995055
113.120127 121.939257 2.899510 4.969150 -108727.709521
123.454301 137.485710 6.277759 4.862316 -107531.345157
134.494037 136.401656 3.088592 3.046609 -108686.555937
127.365488 122.011539 3.943187 5.387860 -108270.134539
112.039030 135.480779 5.431567 3.389185 -108721.777016
121.755382 145.778176 3.807333 3.638703 -108740.167455
116.168023 127.088031 2.130139 6.023001 -108328.270250
122.907747 119.038053 7.606349 5.561787 -108726.663160
120.245526 143.370643 7.704105 2.921475 -108730.082285
111.427819 133.759083 3.784700 7.289387 -108324.417667
129.741365 138.242683 11.719691 6.090034 -108205.691039
128.769412 130.701266 6.708979 5.080205 -107298.354715
130.133634 139.823000 4.918196 7.870951 -107864.109323
122.746679 118.717468 2.749686 6.994446 -108430.389487
119.519430 124.361665 3.307391 3.984278 -108436.241705
126.774803 128.236073 3.241143 5.170748 -107853.726139
123.997361 118.850049 5.167126 3.218851 -108705.827239
124.751387 131.817282 2.773714 4.617305 -107934.429642
115.831881 136.663146 3.351610 5.552058 -108207.945220
119.901110 121.849202 5.238237 5.686673 -108293.376912
133.843807 132.075654 6.107671 3.326308 -108553.226317
128.038813 124.677027 4.109245 7.229510 -107702.765407
121.248817 135.179932 7.619471 3.121263 -107849.808417
132.449400 136.315377 10.131443 2.646772 -108624.841724
123.443363 136.849638 6.860080 4.527934 -107476.179076
130.621041 120.720934 5.656644 8.762079 -108328.922049
127.618059 141.484015 2.451398 6.144547 -108328.167733
136.566055 126.718476 1.063760 7.044723 -108619.763907
133.192575 131.193800 5.875075 4.642861 -108240.274708
123.245312 122.236343 2.589976 6.251686 -108238.194753
124.030922 128.005727 4.404813 5.720440 -107396.244047
131.748669 136.337322 6.002177 1.831441 -108658.840137
130.049011 123.634441 6.310304 4.675316 -108295.194710
132.073691 124.019288 4.826572 1.737214 -108733.366366
121.234136 130.097055 5.434964 6.821913 -106889.708394
136.777228 125.600717 2.463583 6.760789 -108569.936489
133.672483 137.643364 5.766269 5.095954 -108456.662153
119.741157 137.913289 11.342269 3.180100 -108116.980794
114.210128 133.490923 7.575042 6.685915 -108016.363923
119.141235 129.463481 3.357201 6.522991 -107659.797818
122.816620 121.142073 1.868012 5.036953 -108537.222244
115.502063 136.225813 2.816991 4.065720 -108485.622373
124.926037 135.593088 5.127157 3.336254 -108016.189303
121.871370 119.684694 3.362232 6.474684 -108388.763915
113.822538 148.869338 1.237169 7.643430 -108726.033088
126.882500 127.826242 7.894738 1.946416 -108394.566845
115.286901 128.108192 6.671685 5.339144 -108137.416703
119.649483 124.818696 8.062935 2.145049 -108585.304159
128.052859 118.799760 3.507223 5.619968 -108551.225465
120.033700 134.086242 6.277021 3.552782 -107811.038809
122.381376 123.330669 3.022088 8.140920 -107849.640374
132.315727 132.149996 5.602075 6.425870 -107760.818901
123.171552 121.867717 3.772961 5.893764 -108185.216967
134.451098 131.172099 4.377424 2.305508 -108716.532861
123.272037 120.327028 9.398857 4.317769 -108715.571146
133.375537 140.185081 2.844351 3.662189 -108683.587511
124.431319 125.016664 2.241017 4.539357 -108332.221567
112.645960 132.538945 6.391722 3.517452 -108665.198802
124.974169 142.409755 6.148587 1.896982 -108734.961330
121.054940 125.555305 6.631525 3.868271 -108033.249209
129.369290 123.788660 7.370206 2.442485 -108623.300010
129.652229 134.372804 9.258326 6.329223 -107175.346746
134.146372 130.225642 4.219353 2.871194 -108653.096901
117.315230 124.051332 4.110975 5.319140 -108331.087510
117.097203 121.397434 3.699642 7.478147 -108321.833003
114.751975 134.671977 2.125623 3.847064 -108576.875636
120.529164 126.366260 6.350495 1.724768 -108586.889200
122.576372 133.272066 3.611462 2.981946 -108220.224680
120.203477 120.209487 2.903354 7.494868 -108305.489052
115.169627 130.882026 6.851422 2.108207 -108637.131121
112.390698 136.341955 3.517386 2.520137 -108737.780520
127.809186 122.022666 5.818033 3.024196 -108597.084360
115.442327 133.785354 1.709415 2.454554 -108689.013355
113.837429 128.388093 5.569507 3.824717 -108561.831141
126.952003 136.125501 3.930107 4.125405 -108041.142714
113.604990 124.396242 2.980455 4.154736 -108686.098813
137.733096 128.443200 3.419677 5.388732 -108705.905410
127.328046 119.375336 4.344177 2.416443 -108733.893896
127.696863 128.279090 5.137442 6.147595 -107293.577447
126.422741 141.378587 6.859417 3.511136 -108507.066953
128.424356 127.710509 4.194044 5.770304 -107667.731390
117.484560 128.057854 4.650697 5.136209 -107957.575790
114.338572 135.693114 6.120796 4.222027 -108421.381151
122.368355 135.212627 3.390695 3.690440 -108121.586566
117.578422 130.481040 3.981811 5.340839 -107868.287944
129.010909 124.225678 2.793052 5.455168 -108261.593882
129.076854 139.857801 8.909350 5.623133 -108143.971620
115.162426 124.217893 7.144213 5.855960 -108553.760743
130.014723 145.410126 1.918033 4.827391 -108698.076629
138.594776 123.264140 1.657917 7.694130 -108653.680000
124.889929 123.044824 7.196001 4.629589 -108081.856916
123.094891 119.970328 5.465897 6.761825 -108285.958961
117.573427 122.033234 4.454306 7.808257 -108174.316264
118.141959 141.822180 3.403620 4.702404 -108498.447138
137.261681 141.209600 3.302740 5.908335 -108729.167750
132.997172 135.675486 2.564990 4.199921 -108526.989126
116.160200 123.820529 4.325558 6.174193 -108317.981502
128.069966 126.767964 3.815089 6.287074 -107692.356137
112.485622 126.268333 4.555292 3.991653 -108706.713727
111.753620 134.652324 4.874716 5.415854 -108523.976184
120.146225 126.307902 3.456010 7.569638 -107627.493060
111.284880 122.262183 3.944401 8.177144 -108666.446754
118.055356 140.724963 6.420283 2.784026 -108602.761099
121.211078 123.756229 7.937081 5.498248 -107889.161698
120.660392 126.548532 3.359147 1.493684 -108681.554805
125.843361 125.097627 6.430503 4.595053 -107800.861698
117.239388 126.672638 4.058230 4.831684 -108208.936799
120.635333 117.322875 4.647065 6.780298 -108667.950869
125.502617 122.863759 7.814377 8.116672 -107770.451381
136.348762 132.968149 2.092368 5.373692 -108608.558876
114.753904 139.933967 5.282834 4.948177 -108515.659103
125.869106 121.173892 3.316672 3.305260 -108612.395240
114.160151 138.915013 3.667817 3.759603 -108629.918011
113.135308 129.057050 4.302607 4.661814 -108505.306566
114.928779 136.924611 6.497906 6.740584 -108021.929127
120.849461 135.026781 8.752057 2.421956 -108107.929531
127.335020 142.714730 4.691521 5.368626 -108391.973920
120.136704 115.523137 1.535529 7.442205 -108653.943511
134.106309 131.406854 7.985723 5.670517 -108312.918353
136.710488 133.212524 5.362971 5.161671 -108686.327195
114.730627 128.628487 2.730356 2.973579 -108644.895643
121.776935 130.120216 4.563060 3.958791 -107788.006234
117.711619 131.032489 6.873055 6.658213 -107189.813867
122.427976 119.964654 3.550868 4.112616 -108601.109721
132.334521 123.310856 6.613873 4.493853 -108578.365001
125.172247 132.216364 6.337943 2.316977 -108178.457630
132.877556 123.468671 6.603006 3.717790 -108679.329566
131.273513 134.591402 2.472918 6.701342 -108074.066219
124.729412 126.084708 5.192870 3.816752 -108005.167056
130.753995 120.690295 3.946981 6.041930 -108455.756810
133.708659 138.021186 4.394885 5.262560 -108451.019387
116.202817 125.671954 5.102013 4.099328 -108454.822280
125.305186 125.809439 5.686787 2.237957 -108465.542762
131.839489 143.806549 3.563139 6.254947 -108577.966605
122.165657 121.242319 5.012410 9.154564 -107889.263207
127.048594 115.049515 4.189544 8.540450 -108712.224105
129.418521 135.402063 7.370835 6.408890 -107256.779958
120.450668 129.644508 1.065774 6.038319 -108363.521315
124.018840 121.283035 6.763285 7.139727 -108050.532121
122.623600 127.501766 6.563634 5.784014 -107063.363594
130.862121 122.841584 2.106876 6.173377 -108424.313950
126.242408 134.955059 4.795371 8.298293 -106935.158346
117.338819 140.405090 4.229243 6.952015 -108082.612423
127.820261 141.123697 4.173268 2.139979 -108687.868984
119.275217 122.736439 7.083601 3.850465 -108531.746080
119.209229 126.211015 1.997672 5.534009 -108292.207160
127.508855 118.077281 5.584282 7.244527 -108585.469816
123.557083 120.380966 3.765821 5.191726 -108430.982072
112.801564 133.728488 7.363205 2.891922 -108732.953497
120.287434 129.224786 5.923480 1.992621 -108427.935133
136.734346 129.118403 4.196917 5.100787 -108663.519191
117.362991 141.556384 8.418228 2.356925 -108734.498304
117.473955 139.296544 2.991227 6.583388 -108143.778511
119.559470 125.914091 3.458436 4.598948 -108200.425134
130.481801 145.380709 4.672618 5.830794 -108715.086889
112.947584 130.380956 8.441513 6.537341 -108490.726279
129.809306 125.613741 5.463351 4.609685 -108098.180364
116.315907 135.841125 2.606234 7.775262 -107962.093364
130.319927 142.409292 3.675209 2.187195 -108728.830007
124.128733 132.017476 3.953335 5.186883 -107466.707911
112.710161 123.522059 2.195418 5.447413 -108665.602564
116.112537 131.441625 7.236855 5.038519 -107831.407337
124.908273 123.668310 6.664914 6.713227 -107567.357669
126.725166 133.295443 4.916276 5.028107 -107405.988128
117.701566 129.802691 5.924636 4.129639 -107943.692863
106.935708 139.384979 2.250529 6.985515 -108730.976125
120.967346 126.324874 10.512613 3.858585 -107772.152370
112.376797 129.851527 4.005333 3.042432 -108704.514034
125.672943 119.845738 3.522234 5.471187 -108449.578117
121.289422 147.516572 3.907754 5.836948 -108737.241114
129.928967 126.170954 3.146622 7.833534 -107808.564792
111.899424 125.957362 2.680121 6.121428 -108571.205752
126.534447 134.365437 5.028925 3.317427 -108009.506474
116.392705 124.260024 4.912988 7.537916 -108054.880291
121.339964 136.285469 4.337632 3.339026 -108167.618470
129.177020 130.434492 3.971243 2.178423 -108501.140793
128.019703 132.353584 5.206200 4.149383 -107717.298735
114.117814 122.255019 3.113196 6.536029 -108557.916666
120.849514 138.726421 5.689236 4.177345 -108043.436103
120.449669 118.722526 2.775356 4.889357 -108649.938936
123.941761 121.115197 3.459098 3.744027 -108560.588079
124.470042 130.509583 3.220318 3.896138 -108015.030845
122.186667 117.174558 1.530237 5.540271 -108674.453122
121.281201 133.723268 7.473416 5.346343 -106838.505677
120.059684 140.374679 3.421584 9.143857 -107748.341943
124.703099 139.422924 4.291863 3.235919 -108418.300820
137.096940 126.296667 2.989587 6.173340 -108621.479770
120.498229 139.870937 3.990423 4.715750 -108209.328993
120.483043 130.791765 5.938306 6.448388 -106895.009107
125.945520 143.860409 7.582743 6.117018 -108576.024793
121.383591 141.758400 5.059053 3.903201 -108456.604904
136.337627 128.364242 6.597649 6.098046 -108712.405270
123.412085 135.131967 1.276205 4.409118 -108423.125282
121.140896 128.580385 7.336587 7.836246 -106696.275903
123.061344 120.091764 4.916179 5.636754 -108392.655025
124.734650 133.840620 4.614309 3.375064 -107963.148628
116.543502 136.903331 7.840998 2.679596 -108502.173788
136.019451 131.578133 5.597745 4.515046 -108665.159780
127.436349 131.466814 5.714602 6.642135 -106889.901352
117.432993 148.411956 1.864047 6.428815 -108721.249431
130.185807 137.957891 8.147711 6.449559 -107800.890184
122.837930 145.110476 3.828864 8.654548 -108248.022256
119.156410 133.615699 4.371474 5.310145 -107622.456930
116.463169 138.302273 3.960311 7.256854 -107938.814612
119.292686 133.476602 5.444783 5.607268 -107327.080307
124.169456 119.998290 6.577621 5.444158 -108460.752725
111.895410 134.298799 5.863000 6.002530 -108470.058791
118.803221 140.361810 4.601150 1.279790 -108727.672631
119.670472 123.674313 7.435336 6.996285 -107859.763988
127.228371 140.404154 5.740667 1.160995 -108741.294864
134.451210 128.546655 4.203470 5.339900 -108402.551045
130.483590 136.249838 3.633608 3.478774 -108421.566296
134.850941 121.212952 1.172179 4.845569 -108716.764426
124.225355 117.608875 6.035826 9.052698 -108662.850402
123.636546 140.864632 8.619127 4.665758 -108144.342937
132.854713 127.476061 2.601784 6.316806 -108268.025092
118.390757 130.202602 3.988425 3.782819 -108154.045594
119.629445 139.703946 3.155935 4.739671 -108308.085927
114.159450 119.012036 2.415884 6.172366 -108715.442867
115.948041 121.098136 4.414711 6.810918 -108523.821987
129.018299 133.112509 6.331561 4.753072 -107503.202924
117.510073 129.096203 3.393053 2.684922 -108522.713491
105.832492 129.456215 1.572584 7.263005 -108712.208575
117.410228 120.675131 1.477143 4.531498 -108696.962560
116.510111 135.934849 6.249435 4.438660 -108085.090574
122.312451 131.035848 7.766422 2.414911 -108031.048292
129.219892 120.630670 2.843174 2.394026 -108730.462580
113.608753 121.898209 3.892705 6.128984 -108665.550387
127.773007 127.067794 5.537390 3.663102 -108034.290937
127.549908 139.831710 11.718108 5.931699 -108221.368299
124.441418 122.465675 7.281071 5.596182 -107998.967564
119.186654 132.533828 2.859619 2.549768 -108485.554483
135.620334 127.782335 7.563267 6.793580 -108694.887914
129.126559 126.965067 7.657109 5.911780 -107419.470418
136.556459 131.597927 3.032464 3.603050 -108722.788780
130.029059 119.754171 3.197587 4.478039 -108637.053215
123.570249 128.772649 10.651226 5.005455 -106612.156244
117.524209 124.634420 6.088424 1.572722 -108715.844789
122.768422 119.759593 2.250479 5.927418 -108493.686494
127.737117 134.487437 1.836745 6.533692 -108061.096166
123.535803 120.881657 2.815085 1.788148 -108728.725729
131.123695 135.549895 5.227485 2.527123 -108523.031286
117.066300 140.116212 9.592563 7.786340 -108598.573356
122.426967 130.227851 4.992498 2.501719 -108234.590455
118.861367 123.384589 8.667339 4.803307 -108390.918436
126.215605 123.412916 2.732826 8.435431 -107876.204367
119.288031 131.352785 6.880563 4.631102 -107380.335437
123.023225 139.503848 6.033724 4.763517 -107914.504896
133.069968 127.539364 9.143754 5.027974 -108393.018618
124.438377 145.816144 3.697240 6.522709 -108522.781144
115.275732 136.507182 5.181590 3.216975 -108530.250210
130.779756 127.913780 5.019222 1.125225 -108695.700652
130.633340 137.499062 5.425387 3.942811 -108309.419481
127.070654 124.266078 7.687970 2.765287 -108429.031917
132.103970 131.105652 5.062255 1.059151 -108742.867856
130.866764 131.785679 3.849991 6.089953 -107796.852186
127.543001 132.054246 2.910124 3.523090 -108236.884432
113.195899 130.122419 5.214101 7.059105 -108121.273198
111.908003 124.431752 3.072332 4.616829 -108720.786191
133.528516 130.195754 8.051870 7.211116 -108074.817912
133.248221 119.936882 4.255996 6.389867 -108630.072878
131.669814 119.070891 1.704504 6.657734 -108597.270580
129.065051 113.629023 2.470045 6.799729 -108740.890510
115.552541 123.530148 1.588346 3.150289 -108728.354911
132.303163 136.038573 7.941248 4.585057 -108249.827439
127.933894 128.792548 3.012524 4.774874 -108019.138018
126.233359 120.796372 6.640292 2.786672 -108664.867186
123.764690 127.122867 7.692819 7.099400 -106749.329145
134.516492 132.251738 7.236830 7.196627 -108219.270726
118.481131 131.288181 3.380149 5.618379 -107818.710080
126.156188 123.976102 2.261894 5.129911 -108320.082255
135.416135 133.254204 5.831615 4.913475 -108557.915537
116.735270 130.314981 3.479775 6.899269 -107784.725026
110.985006 128.489756 3.813086 5.277230 -108633.092503
117.484276 125.542501 1.598254 5.186614 -108495.588184
121.013552 139.388977 3.868111 3.967596 -108304.390653
123.560966 121.983921 4.950122 4.595611 -108312.062770
131.766019 126.359519 2.358140 4.876317 -108434.984288
122.564575 137.053300 7.090348 2.009754 -108432.628432
133.320643 123.785319 4.112187 2.456415 -108725.683487
124.884645 125.457917 1.649716 5.976430 -108259.408712
119.409843 124.040032 4.426234 6.181844 -107992.261063
116.376979 131.162770 2.743300 3.536347 -108466.722651
118.210530 140.739511 4.526173 5.217524 -108288.634632
116.687792 120.754169 6.697670 8.051161 -108696.477728
136.492054 131.739786 2.169298 7.641533 -108415.941670
120.005973 119.948115 2.480813 4.303057 -108655.153129
121.431040 122.555859 4.785822 6.480854 -107983.371684
