140.475422 33.820176 7.079091 9.189147 -107573.979988
141.336294 19.810220 7.079091 9.189147 -107573.979988
133.572566 159.918259 7.618310 5.700854 -109499.439707
89.843955 24.266354 8.003333 7.816279 -108515.047163
174.544763 61.553334 6.651349 8.306983 -109592.996028
16.494881 46.449471 8.411272 6.070558 -109871.642111
9.982827 54.529507 8.411272 6.070558 -109871.642111
179.062988 157.040105 5.235296 8.347369 -110188.868954
170.176570 163.826246 5.235296 8.347369 -110188.868954
182.444754 10.427160 5.138926 8.179350 -110147.775097
46.593094 109.535285 3.298386 4.844469 -110806.064075
