44.995428 110.554166 4.929507 3.730468 -110842.027690
45.553703 107.846396 3.298386 4.844469 -110806.064075
44.121572 112.044324 2.108106 6.007865 -110899.436783
51.355680 110.171840 1.682236 7.327810 -110912.279641
44.494914 113.014234 4.317799 5.854460 -110917.957708
45.290849 110.487308 3.113139 4.754451 -110838.305074
45.051916 109.156414 4.379625 6.906045 -110870.700635
45.478951 105.951303 3.377623 4.836759 -110831.352670
46.924007 104.337539 5.014866 4.779260 -110862.359136
47.009405 108.884791 4.194266 7.820370 -110916.199681
46.783643 107.485376 2.581490 6.781219 -110823.219901
47.627433 105.616935 2.820273 5.864571 -110832.339939
49.792068 112.464369 4.146533 5.471483 -110885.746667
47.265061 112.101796 3.553263 5.819545 -110837.546781
50.620667 110.790476 4.609695 4.771301 -110857.070781
44.026383 108.252259 3.151976 4.738293 -110849.690835
45.690918 112.940323 3.590392 5.948141 -110874.620640
