111.933587 14.376439 1.146814 8.086999 -103707.038418
116.368618 4.149236 7.462237 3.071663 -103609.291835
117.010610 9.374478 3.523269 4.468176 -103641.862819
119.267367 10.300767 3.231416 8.099412 -103720.159814
116.626853 9.199454 4.828521 5.565868 -103680.132342
110.586711 6.971908 7.229624 3.346425 -103736.009028
117.668820 9.191006 4.219033 2.987683 -103680.064673
105.260243 5.016808 2.453425 5.475286 -103728.618724
117.314503 13.042300 1.454218 6.910048 -103691.823678
116.515171 8.757566 3.143731 2.034985 -103711.175017
116.551852 3.712404 3.680698 6.357421 -103553.645809
111.004879 5.130204 4.731538 6.900165 -103704.247805
117.120919 6.722700 3.799575 6.046743 -103584.825615
106.268432 3.672524 2.495303 6.397766 -103699.386809
116.229576 3.391992 5.730084 3.963786 -103569.817502
112.677484 2.488584 3.438126 3.081139 -103656.131905
116.857921 8.455943 3.209217 9.044746 -103692.827929
109.329459 9.056321 5.434288 2.081153 -103736.854812
114.443965 12.796621 1.358058 8.417238 -103678.347313
109.650806 5.615066 2.475473 3.678090 -103680.541514
109.946235 7.616643 1.789351 2.825944 -103715.959264
112.916781 3.956045 2.910780 5.510588 -103580.535267
110.565689 5.624488 1.830283 3.893155 -103677.834532
