89.581754 53.161943 3.760098 4.662690 -106986.529230
82.244735 58.441393 3.439130 1.990046 -107132.919944
89.851383 60.587492 2.284725 5.391149 -107098.374304
90.230421 56.320799 1.806739 3.619636 -107137.727525
88.470524 46.489290 3.639361 8.938379 -107114.103311
73.164013 53.310275 2.628289 7.126956 -107097.668997
83.186643 63.192593 5.059252 3.709300 -107179.891536
76.755229 58.342182 2.435137 3.620690 -107142.071966
86.383631 48.033484 2.403027 4.680527 -107082.917450
72.361107 50.167720 1.312573 7.671658 -107136.734136
88.732669 59.567648 5.276191 5.660231 -107042.339655
82.384193 55.678486 3.240037 5.134655 -106828.770411
82.418640 49.797444 7.119072 5.395220 -106978.025762
82.920555 60.335888 4.816301 4.458461 -106974.795764
90.319509 47.499810 3.388684 4.852996 -107159.189379
87.087244 53.535586 2.267158 6.468633 -106904.434585
88.716736 62.875157 1.796050 5.505990 -107138.512289
82.194050 52.856097 3.565238 3.281834 -106973.823753
79.013488 56.533006 3.426512 3.377956 -107041.187803
85.753545 57.949211 3.730422 7.808093 -106833.556499
82.271843 54.838240 2.941017 3.835667 -106941.171274
78.754275 50.843802 6.127761 5.424016 -107004.259400
87.116461 50.475254 2.812687 4.258405 -107025.770729
88.791502 63.438136 2.346772 4.684070 -107171.981181
80.284951 51.559796 5.160745 3.401363 -106988.582006
83.593417 52.121947 3.531043 4.936872 -106844.702923
78.409614 52.439813 1.073746 8.415641 -107034.052823
88.094639 54.353029 4.743526 1.274359 -107172.737116
82.849216 39.471884 1.459211 8.036683 -107168.101808
80.762256 50.665278 3.161128 5.439677 -106920.181807
81.044247 58.110069 2.848078 7.543169 -106852.294713
86.719970 48.855974 5.260035 2.719137 -107140.960238
81.710574 55.370582 5.993802 5.260116 -106725.806154
87.639168 58.196228 3.300662 5.982422 -106910.007806
82.727207 53.012843 2.409503 1.889585 -107147.588304
77.014904 57.957682 4.040854 3.126989 -107135.207074
88.810456 54.822947 2.763350 4.687722 -106985.358588
75.267626 51.675482 5.545461 3.764051 -107185.456724
87.606749 55.944127 3.000119 1.819365 -107161.695327
88.926463 63.453241 3.032521 5.029903 -107171.088795
87.608938 62.186519 4.383348 6.773935 -107097.922113
83.156030 57.951826 7.268685 6.538866 -106961.290220
78.606405 56.935802 5.162890 5.483005 -106908.453943
75.642008 55.118604 1.683936 9.810567 -106986.300735
85.447059 58.164491 2.646048 7.087289 -106866.940909
91.131653 57.508836 5.194812 4.443550 -107117.427298
79.665795 51.749500 5.049115 4.053238 -106947.838152
85.933061 54.150500 4.689025 6.132430 -106746.230394
92.069117 57.856494 2.220519 6.076034 -107087.645647
77.288031 59.134402 6.013738 4.414517 -107134.710264
77.826515 59.967716 1.890278 3.654660 -107159.889665
84.784417 63.737852 3.430555 6.150271 -107090.881013
76.220608 57.958269 2.832956 3.870983 -107129.480456
84.102237 58.549294 5.485718 2.459267 -107046.045664
93.307059 50.418860 3.320762 6.391992 -107153.927396
87.225689 48.565153 4.398798 5.960809 -107000.995691
86.393406 51.155470 2.413950 3.257986 -107082.377769
86.616093 55.859793 5.935463 3.632382 -106867.479509
82.243306 42.634181 2.579145 8.172695 -107120.305896
78.907665 51.490132 6.696491 2.010935 -107143.542787
88.857210 58.197851 5.630830 3.989693 -107039.920967
88.767905 60.022510 4.396168 3.592625 -107122.641545
89.088672 56.345278 2.615050 2.435318 -107154.906339
83.969613 54.387649 2.912955 2.524175 -107060.013375
78.609255 54.711903 1.023773 5.768951 -107088.062781
85.133211 61.675719 5.059759 3.229657 -107129.178042
80.545922 58.516330 4.694479 1.940230 -107133.750341
78.698649 56.888899 3.190536 1.899761 -107165.876375
78.966006 51.858727 4.990614 4.976745 -106921.826760
86.254497 46.563825 2.527816 3.982224 -107154.371962
90.033003 50.112481 4.668228 3.324629 -107144.404712
90.694115 49.246079 2.977340 3.988134 -107153.190693
81.306823 59.872542 4.739229 6.299058 -106913.365077
85.401294 59.948542 3.110218 4.070033 -107030.470998
76.339824 49.757012 4.747882 6.095567 -107122.672082
82.251727 59.278947 3.414343 5.496718 -106900.947961
88.262637 57.815969 4.862882 5.139593 -106928.595327
84.457854 62.711887 4.440555 3.707790 -107145.301889
88.815488 56.418073 1.798047 5.337606 -107032.001948
82.295138 57.913052 7.489601 4.388819 -106841.444841
79.315005 58.077815 5.109976 6.031211 -106905.022801
87.844791 52.244409 6.745178 1.721716 -107133.024027
81.456565 54.909128 4.632652 4.076830 -106829.743089
85.843214 46.886992 1.495163 8.064773 -107033.493141
91.878289 64.327337 1.478534 6.703816 -107175.352807
86.154563 56.085635 2.376716 4.276571 -106978.294136
82.229174 57.225119 2.473804 2.598450 -107098.143434
78.946793 54.898404 1.689647 7.435333 -106957.395073
81.564288 59.081741 5.735110 7.640558 -107006.643114
83.354141 58.613719 3.796078 7.874837 -106831.765321
87.032352 55.457350 4.942643 3.184289 -106952.389399
85.906865 46.818690 3.763916 6.926961 -107022.685492
71.055507 53.543855 1.235364 9.467168 -107107.126640
86.828432 53.148958 2.274737 3.017878 -107082.614877
80.788292 58.495525 8.682258 5.097678 -107051.036566
74.412958 48.070231 2.954589 7.157682 -107142.447807
74.223871 53.529483 2.998703 3.622167 -107169.223804
76.420729 54.084952 3.972628 6.147044 -106981.686255
76.661781 59.990164 3.559011 3.548041 -107171.924495
90.826565 61.867893 1.422746 5.357691 -107163.470688
84.445262 46.011432 1.241380 7.537238 -107077.993995
84.287620 54.110997 5.060948 2.110596 -107030.155844
82.331801 58.733153 4.939508 3.175480 -106993.565408
90.953073 50.339753 2.025318 5.618086 -107091.109535
80.284581 60.304194 3.241656 3.473791 -107104.061131
77.896890 50.038653 4.930066 4.525839 -107067.214971
90.369890 52.824445 4.254333 3.638914 -107080.292579
79.715440 51.740172 4.937317 4.229188 -106934.447262
80.712586 58.038082 2.984081 3.168729 -107062.639310
80.514553 59.437548 3.688025 1.768756 -107177.699992
86.746901 55.242117 3.050312 4.053845 -106948.118969
77.704707 61.969101 3.356268 7.177412 -107060.311679
89.598252 41.809960 1.730230 7.829063 -107164.107799
84.017439 57.028108 4.516749 9.647844 -106976.430749
88.832742 62.794631 2.271178 4.818790 -107153.593299
87.428443 49.985420 3.640710 4.839282 -106985.701763
84.286384 60.325583 8.916314 2.026805 -107161.549859
88.906845 48.867949 4.211709 2.312262 -107182.447012
82.005214 50.821257 3.784793 1.984834 -107139.178593
86.494864 48.424919 4.707809 7.442787 -107012.437388
90.100768 50.554960 5.177006 4.291229 -107101.180912
92.538137 53.427036 2.272660 4.476606 -107136.200946
90.395479 55.323936 3.439041 5.290402 -106995.146009
78.958941 51.812393 3.757495 4.532316 -106967.101800
81.574466 49.441510 4.884564 5.936512 -106915.086586
90.423130 54.752108 2.399384 5.627381 -107016.908775
83.786195 60.774128 5.136902 5.063263 -106976.482157
82.280286 47.360374 2.752635 7.401409 -106966.117306
80.247386 59.601280 3.485145 5.427776 -106953.053286
79.590196 49.826902 2.985553 8.975251 -106915.342923
87.472737 57.733586 2.134533 6.647222 -106944.643709
72.899557 55.405041 1.640851 5.643131 -107148.175376
77.955983 45.903481 2.867775 4.435940 -107174.610997
71.513539 53.899704 1.838094 6.214018 -107162.196095
83.023901 62.053724 2.754090 5.097113 -107056.337251
77.688100 63.884448 2.319759 4.862113 -107176.531992
85.405067 54.887592 5.008376 3.829950 -106822.153983
78.522326 56.381077 3.286031 3.383033 -107058.437906
82.853699 58.033914 6.617109 3.516678 -106887.738949
84.849129 49.189140 8.375611 3.481644 -107108.018843
89.374701 58.771953 5.538198 3.682611 -107107.481969
87.214896 52.602087 2.708765 6.397115 -106882.861377
74.229045 57.171548 1.413357 6.558239 -107109.866809
91.362199 44.391757 1.905099 7.744821 -107147.550871
87.148922 54.610445 2.127714 3.212123 -107077.752518
87.548854 54.203809 6.027388 4.703928 -106832.703443
85.360814 65.483902 1.994434 6.194438 -107141.557581
87.603607 47.908707 2.388152 3.769537 -107144.293492
85.445296 46.758374 3.604660 6.439556 -107024.616102
89.538762 60.557421 1.237685 4.599206 -107159.080534
86.381834 61.187755 4.177185 3.625871 -107102.375697
82.357648 45.853341 1.228128 6.289391 -107115.732363
84.033999 58.779835 2.331815 3.554052 -107060.078461
90.929871 50.213042 4.430963 5.961070 -107096.981220
79.880928 62.333375 3.488026 3.347356 -107175.942317
88.643283 51.976863 7.961252 4.641237 -107050.773115
89.225030 54.741060 5.223582 6.119822 -106924.601849
88.678243 61.488735 4.086696 5.202814 -107105.193550
82.357290 58.147871 6.042047 6.432391 -106854.291389
84.983743 55.542511 3.158448 3.332963 -106972.978441
81.037653 45.841918 2.477395 6.717468 -107055.096465
90.781169 60.420443 1.064352 5.239015 -107163.142057
84.539159 54.069193 5.893500 5.634350 -106703.674740
81.875029 53.414512 10.711670 5.473190 -107132.996338
89.072607 59.893598 4.494308 3.251075 -107148.863922
80.148803 58.878026 2.639618 7.874188 -106892.481358
85.374274 45.225150 3.914003 6.673988 -107108.123045
74.402096 52.372605 1.882143 3.945123 -107171.422497
90.072433 54.601367 1.731059 5.055686 -107070.511602
83.351628 58.470798 4.261240 6.454224 -106808.279910
77.757877 61.362867 3.828027 3.665447 -107178.717072
90.460309 48.982304 4.339592 3.497217 -107181.047797
92.494744 48.324072 2.292879 5.099616 -107172.357423
87.617202 59.281480 3.521732 3.573866 -107074.501012
80.415934 49.137025 3.747792 6.846655 -106927.515175
77.511437 52.977286 4.092267 3.204155 -107084.408004
94.948700 56.797975 1.840740 7.929990 -107132.724918
81.591769 63.471486 2.976179 6.690148 -107053.429906
80.080345 48.398008 5.830320 6.105093 -107085.596116
86.514673 63.609951 4.106603 3.983237 -107187.094988
76.318809 57.312979 3.961661 4.438014 -107076.435323
81.475813 46.596043 5.578890 4.679623 -107164.693556
78.328481 63.833471 2.974686 5.415435 -107154.199245
90.537008 57.060392 4.563547 2.344838 -107179.135411
77.043067 53.363159 6.985123 5.000959 -107084.873459
80.451304 52.764969 4.060022 4.169068 -106905.953218
79.044596 60.223338 4.360757 6.450370 -106989.555468
85.693053 52.333951 4.121952 2.876392 -107004.952978
91.336541 54.315471 2.764815 5.050391 -107060.040780
86.802794 48.684741 5.342305 3.805868 -107087.625773
89.997902 54.878062 6.398638 6.756718 -107134.651223
80.545722 50.436319 5.799984 3.766303 -106997.639578
87.363151 48.002048 4.173225 4.890339 -107069.677860
88.603551 55.983985 4.072544 7.808207 -106901.976332
86.275592 44.156126 1.696621 4.750004 -107180.621293
84.334081 49.195928 6.036232 4.242616 -106998.167810
76.804727 50.941423 5.058531 4.093367 -107105.666816
76.853531 63.556847 2.329429 4.824420 -107181.801494
80.412586 49.716087 1.913058 6.247593 -106998.805188
79.870219 48.238591 3.032405 3.258252 -107153.201506
84.516127 57.241336 2.768018 5.690002 -106865.301174
79.716098 53.081792 2.384301 3.592321 -107054.672592
87.267688 59.359559 5.979101 5.385512 -106984.658988
80.886953 57.847679 1.418348 5.629318 -107034.324102
80.440270 51.967029 5.780423 4.227227 -106885.694691
86.534455 59.551694 2.755377 2.567127 -107149.645999
80.790330 61.530290 3.799146 2.799812 -107168.038354
80.644724 66.473228 2.918263 7.061371 -107161.002452
82.182644 61.390419 5.059788 4.779669 -107038.690533
91.260315 55.150804 2.325837 2.926282 -107166.897897
77.590266 54.821465 5.130005 4.120438 -106994.323204
85.024897 52.661417 7.141675 5.508497 -106786.931225
87.422822 57.270444 5.241397 3.972219 -106930.239337
74.615696 53.211324 3.007351 6.672516 -107055.221070
75.246474 48.619537 1.822343 8.357232 -107061.514854
81.424819 48.280896 6.570338 4.990976 -107092.125751
77.113646 49.314963 6.134175 4.728187 -107187.157078
87.310500 50.556839 4.315855 8.494967 -106962.303990
79.174019 51.876961 5.288374 5.075181 -106908.175873
87.666540 55.425661 1.010726 2.773912 -107174.281137
84.753505 49.326924 3.542016 6.721531 -106887.015105
80.587397 54.058550 3.481996 3.108236 -107011.005824
88.010783 60.156300 2.813258 5.045316 -107041.576465
81.870178 57.461040 3.021078 2.432417 -107095.357941
74.658884 52.361448 2.281941 7.317319 -107046.879065
74.623362 54.286256 2.625768 4.632278 -107120.436919
78.204279 52.274396 5.583112 6.470740 -106971.833790
81.753548 57.427223 2.844745 2.850503 -107067.473987
87.927349 64.820211 1.609664 7.513241 -107113.341501
73.714142 52.459072 1.563850 4.597499 -107170.990374
82.220014 53.013638 4.210642 4.448681 -106824.990617
90.535746 57.034141 3.745307 7.050736 -106992.255702
85.505035 54.677287 5.234570 6.216479 -106731.886319
78.231790 53.678938 3.519853 6.004032 -106899.518137
81.048847 64.157431 3.767223 4.353975 -107184.161842
87.574268 49.070958 7.146108 3.416260 -107141.863416
90.329208 54.497233 2.621759 4.627443 -107047.785170
82.375810 61.869059 5.287398 5.826816 -107057.711806
79.259130 59.585043 5.519545 4.753106 -107023.542952
86.009769 42.413980 2.559506 6.043723 -107176.055339
79.681788 45.909877 2.944257 6.586742 -107075.956786
74.897579 52.219606 2.345787 5.452380 -107099.125184
78.910564 45.629133 3.960634 5.940287 -107154.371249
85.135834 58.389264 1.896036 4.746336 -107019.404835
72.189415 54.075815 1.644674 5.448493 -107168.219745
76.023817 61.606735 1.801266 7.807869 -107070.429289
85.832509 48.541124 6.506894 6.655700 -107139.559910
89.404905 62.838813 1.909244 5.197108 -107154.739384
87.807334 55.869588 5.559248 3.759708 -106922.552658
87.244758 56.057574 2.885024 9.438129 -106872.471799
87.039596 62.154369 4.069494 4.475893 -107116.672663
78.647163 48.791572 1.238719 5.103261 -107130.843211
77.878770 64.383588 1.598517 5.693767 -107160.757650
82.923299 62.944485 3.713365 3.569704 -107155.886075
84.419756 53.641989 2.842468 3.296500 -106994.552571
84.362430 53.499919 2.844517 3.201880 -107004.253349
85.405304 56.722576 5.578827 5.458405 -106754.784815
81.532020 56.842517 5.839350 5.061984 -106773.275183
75.939116 58.194203 3.116262 7.725340 -107002.350583
79.992856 52.242402 4.005723 3.204074 -107023.002216
77.299018 57.474339 6.078632 3.846816 -107086.122426
74.963124 57.234459 4.156791 5.135613 -107112.217079
80.568693 65.143984 1.956671 5.843235 -107145.132898
93.420797 55.275218 4.238217 5.826114 -107166.841541
80.982383 52.421986 4.712180 5.128442 -106810.937691
81.877712 53.963546 3.653764 3.979020 -106887.876421
90.802449 64.300955 2.397875 7.979756 -107138.324944
81.603018 49.883342 5.490485 2.349113 -107126.941818
82.947516 45.894791 5.537283 5.320717 -107182.586914
82.431264 42.083544 2.157066 5.727598 -107176.068212
90.922051 55.717895 5.864537 3.502191 -107121.151205
88.800375 58.584950 4.110766 5.406529 -106974.498100
88.156637 53.619287 4.799673 8.110841 -106947.756987
80.976327 58.736482 5.703513 7.105293 -106947.533032
85.861615 57.949845 4.008241 5.487894 -106840.450431
82.955041 60.087085 1.724032 8.079539 -106958.365011
88.536732 57.010552 1.808191 4.963699 -107046.551529
81.776725 55.645120 3.602642 5.862158 -106780.727272
86.156521 54.364675 8.111768 3.811289 -106797.246624
89.141711 58.555773 5.109488 4.791816 -107023.502460
90.138907 59.607209 2.917692 5.758734 -107056.086543
88.725829 59.666547 3.021161 3.441785 -107129.306939
85.936887 57.872752 1.441228 5.100532 -107047.639062
89.422938 43.232285 2.304373 6.994780 -107163.535966
79.340568 53.840083 5.857557 3.634022 -106931.629007
79.862020 59.301528 8.158305 3.512705 -107103.675678
90.095431 59.821765 4.574146 3.826110 -107151.361238
76.606601 59.705691 1.867069 3.432688 -107181.662176
76.484645 54.653788 5.700423 4.321799 -107061.884002
80.767081 43.666552 3.389663 5.294568 -107185.556973
75.590225 51.241686 4.785259 5.225540 -107125.362043
88.276682 61.016791 3.681473 4.241430 -107106.653020
88.763708 51.090449 5.487229 4.008226 -107025.355723
82.568164 52.832657 2.336424 5.638635 -106897.870961
81.527100 63.126541 2.718896 5.752874 -107075.939584
82.341333 61.400354 5.036990 5.742110 -107011.048304
73.391559 57.433791 2.823051 4.449082 -107171.890865
87.866712 48.698610 1.385174 5.520783 -107102.272681
80.073256 53.278817 4.424553 1.731140 -107151.511721
83.836390 63.845945 3.433026 8.780370 -107059.913678
77.007935 49.858326 3.169623 5.707797 -107047.694590
79.662429 47.417997 4.537966 3.361067 -107176.438706
86.039531 60.793816 4.983874 4.561143 -107026.670182
84.796279 61.011113 3.786095 7.052056 -106938.992129
83.212558 57.255377 6.784200 2.990579 -106901.361345
72.665404 58.051939 3.050112 7.452914 -107138.013866
85.576791 53.489233 8.033678 1.403903 -107102.721351
79.131511 50.597688 1.945444 4.233275 -107089.198346
80.706148 58.281921 5.436170 5.952009 -106862.127122
77.005786 51.519389 3.483384 5.482602 -107011.597694
82.195054 55.669256 2.866557 3.930698 -106943.783079
83.674838 58.956212 2.603962 6.939988 -106880.608359
88.646056 48.719498 2.344925 6.605278 -107020.190789
77.537825 45.619841 2.551898 4.737770 -107174.941619
82.011848 52.691445 4.641669 7.185431 -106774.584061
81.853460 51.778514 1.909543 4.305216 -107031.810583
91.121696 46.740234 3.126866 5.394856 -107177.265527
76.147948 60.093108 4.007854 3.857361 -107179.985464
86.085205 57.898053 1.383227 6.081090 -107023.462987
78.013013 59.076455 2.406198 3.718843 -107124.465480
81.947454 51.695032 4.580958 6.776471 -106792.319093
84.158905 64.563602 1.845688 9.193528 -107031.617822
77.162523 60.697611 2.000304 4.847737 -107128.711443
90.728239 47.283419 3.048886 4.599362 -107177.255813
80.445808 54.784878 2.983700 2.328274 -107111.023647
81.343390 44.092988 2.341863 8.803734 -107059.503595
79.738068 44.097922 2.944803 7.808586 -107115.944417
87.183559 69.026998 1.939472 7.706396 -107180.282628
88.172798 58.401385 2.306347 4.420705 -107054.216246
86.850809 47.707394 5.053759 3.445866 -107153.456391
85.113022 48.526485 3.362823 6.998894 -106922.690283
90.966107 61.085973 1.840316 4.330185 -107174.854111
81.979463 58.224913 6.487468 6.309192 -106891.517819
86.258250 59.666551 6.002945 2.603494 -107110.964944
78.019664 64.045794 1.689044 6.461942 -107128.031969
90.879021 53.693174 4.222740 3.955491 -107077.190235
93.394592 53.543388 3.336563 6.375812 -107120.451925
90.840008 59.434184 1.576102 9.677950 -107028.543422
83.163344 56.245919 4.658335 3.673690 -106853.848863
81.215423 56.696712 2.816269 4.870225 -106911.470502
85.374855 48.756346 1.141603 6.625114 -107070.367102
81.797003 54.746352 5.717123 3.347400 -106855.602816
80.292325 60.920677 2.732781 4.378728 -107081.237786
86.826975 56.123390 6.794106 7.662674 -107116.575718
76.203237 56.949464 2.707243 6.439824 -107003.162152
88.381910 47.764284 3.832545 8.807425 -107075.661431
87.134969 62.996640 3.723123 3.553934 -107178.704756
85.165833 48.430950 4.980976 5.133447 -106998.985459
87.239033 53.702839 2.698929 4.563157 -106953.050186
83.346431 54.197746 4.289842 3.131598 -106921.244941
84.156703 54.516917 3.748045 6.376191 -106741.149955
88.415622 57.494224 5.586764 4.603683 -106951.014377
84.959996 61.579461 2.261556 3.940803 -107116.505280
79.309340 63.040971 1.807903 5.095534 -107140.284362
85.403182 43.678292 3.573090 6.497288 -107163.176617
86.977989 58.774530 1.792633 6.058622 -107004.074571
80.265272 61.454896 4.713835 7.198835 -107044.865894
77.634017 50.937175 3.939602 3.881931 -107076.572557
76.521073 50.383683 3.287031 6.859775 -107019.136383
85.047489 53.929551 5.054343 3.749469 -106824.855171
77.474717 49.687539 3.768243 5.175352 -107056.594148
91.464587 50.236224 1.385020 5.389180 -107137.947558
79.790605 57.580410 4.877749 6.080382 -106856.474066
82.842436 56.319882 4.295399 2.184742 -107058.300167
87.509995 52.869697 4.396228 1.712964 -107140.033485
96.020918 49.707405 1.383309 7.017805 -107185.368857
85.113656 59.804218 3.506721 2.515190 -107125.373663
86.408503 51.437620 5.220029 6.018450 -106839.150642
77.187000 56.878030 2.163856 2.945477 -107154.960249
87.128208 54.786393 3.875791 2.711475 -107037.122364
90.147373 53.877863 5.152961 4.253224 -107021.534155
86.943169 58.931922 2.622206 8.077336 -106902.389652
87.658434 62.371510 3.041761 3.863979 -107155.018139
75.357436 55.752149 2.909288 5.061325 -107074.904085
75.799579 55.095097 4.315856 8.740739 -107087.065238
89.904249 54.161495 3.531159 4.527754 -107006.147526
86.935132 47.398313 4.477083 5.443840 -107075.372338
84.578403 52.420290 3.661581 2.876865 -107010.668280
76.657090 58.841439 5.119130 5.513029 -107091.771242
80.921463 56.920554 3.243871 5.941471 -106839.437251
84.452524 53.023591 3.566037 4.159991 -106877.808105
79.927991 44.708764 2.105898 4.334173 -107180.046814
92.757646 48.926853 1.950428 4.517782 -107185.723163
85.136643 59.108999 2.208554 5.083562 -106992.956139
75.512265 52.490818 3.753711 2.890809 -107168.231839
79.657613 61.400171 5.517287 3.506046 -107166.215353
87.322534 44.462792 3.870536 6.801673 -107172.356970
74.682256 54.637616 4.151238 5.815016 -107091.602445
78.849056 48.606451 2.634951 9.851290 -106956.205580
84.991429 49.577335 2.682072 2.290469 -107164.042180
86.154223 51.611648 3.802880 1.821740 -107149.891063
83.326135 50.553883 1.491060 8.465652 -106955.675604
84.555325 46.910068 3.653365 4.742395 -107085.225731
75.381671 57.184119 1.334195 7.438092 -107070.610969
86.801493 63.461836 4.268897 6.574323 -107141.376414
74.341463 58.737609 3.138484 7.358206 -107083.251616
84.741575 57.444621 1.170326 2.119582 -107184.991690
89.158354 59.119588 2.132062 5.133521 -107065.561344
80.650038 50.589308 5.020507 4.707043 -106920.288822
89.358119 56.557837 7.037412 3.716051 -107051.900722
84.062475 58.759576 5.124927 6.882668 -106853.005154
79.107177 61.163904 3.544885 4.259991 -107108.163227
81.974344 58.725121 2.819617 3.878894 -107015.735656
79.374520 57.119987 4.408615 8.941974 -106959.853231
79.701106 52.112625 1.263925 2.383031 -107184.270825
86.233412 61.314071 3.428282 4.027617 -107087.826524
94.018437 50.047968 1.536209 5.426297 -107177.307260
88.766591 54.555413 1.590107 2.153876 -107180.768489
88.907376 50.085392 5.584258 5.324747 -107048.046044
89.905949 55.970625 4.411551 8.696941 -107057.157844
85.901582 59.561795 6.794483 3.275177 -107042.248523
86.433844 55.594585 4.146753 1.695489 -107135.008257
80.798692 51.718271 6.575866 1.849926 -107120.413726
88.458279 51.269071 3.696228 3.487691 -107056.906294
75.044141 53.252836 4.150974 6.185317 -107074.802834
84.128764 67.972055 2.570023 7.017373 -107185.279642
91.312510 51.582468 5.444107 4.086575 -107148.470028
90.247105 59.597683 3.160810 5.151716 -107080.659421
82.281584 61.362130 6.759205 5.888933 -107141.625841
83.064975 63.420018 4.619745 4.997856 -107141.956362
83.285456 53.527798 4.438071 6.524343 -106724.239954
81.206922 55.566224 2.096704 7.138647 -106882.757113
79.451966 42.664866 1.707970 7.062582 -107148.237925
76.167225 52.120088 3.307209 5.017232 -107057.359235
82.976158 50.392843 6.078471 6.396584 -106896.221356
77.764026 48.596711 4.458092 4.648389 -107117.175963
92.311331 59.232904 3.494413 6.298265 -107129.640943
87.489924 49.903313 6.206507 4.573802 -107019.753125
81.476861 61.097101 4.098551 4.645476 -107029.992456
91.028421 53.408812 4.843696 6.624538 -107055.888950
85.483013 52.814702 2.743667 5.108567 -106893.367196
83.310067 63.512268 3.946003 5.165270 -107118.993964
87.416857 52.795951 4.644723 9.212331 -107017.607452
80.610901 57.068063 1.802722 2.706992 -107135.326131
81.886426 54.225556 7.581505 4.773260 -106738.085833
84.978938 60.714817 5.798808 4.955447 -107004.058228
91.634754 54.615781 1.478594 4.218297 -107148.425034
86.079819 55.398195 4.337364 4.989913 -106789.799063
86.621717 55.196965 5.328525 4.079012 -106831.247420
78.912435 57.353130 3.697414 3.597561 -107033.242877
85.017460 54.729340 1.585498 1.945623 -107168.199005
89.375314 48.352941 4.963012 5.015667 -107139.607145
93.856121 49.538425 2.044741 7.187774 -107136.693525
78.758502 60.213197 1.892405 5.104205 -107085.270442
82.331003 45.263488 3.414823 4.849204 -107142.414618
89.530917 58.894572 3.528089 7.550779 -106984.624287
78.224161 59.793188 5.742964 6.160245 -107092.505561
85.435993 48.279378 3.843562 2.391794 -107174.924978
88.823919 45.172346 2.307189 5.937404 -107140.157752
78.938292 54.601384 4.781482 1.538993 -107175.204439
79.057169 54.499768 6.643234 7.002642 -107025.064603
84.736911 51.862750 4.525850 5.775878 -106778.591863
85.222157 60.844707 4.283631 5.888250 -106959.324420
83.056566 59.151516 3.903047 7.003730 -106841.352879
84.498601 55.853732 8.397642 5.774185 -106862.191166
85.294894 63.771659 1.439372 7.081339 -107091.800556
81.733553 50.805259 2.501444 5.256275 -106951.796428
81.964246 54.058448 2.728943 3.401532 -107000.735297
81.863531 53.462556 6.653190 1.535912 -107122.172042
80.537049 61.204595 5.533253 3.000328 -107158.533999
78.806738 48.303733 4.756329 7.468281 -107088.686079
83.963184 47.350364 5.948504 4.452486 -107125.598624
84.433501 55.579505 2.053772 3.142113 -107061.859974
83.446596 64.525461 3.610416 6.614641 -107116.988296
90.039993 52.200675 2.263383 4.345300 -107084.096607
76.136258 53.797317 1.838871 3.595449 -107147.254290
77.724055 58.166291 6.375157 4.838508 -107068.547407
72.825565 59.252634 3.326896 5.960113 -107182.284884
82.541610 56.293622 3.061623 3.735423 -106949.123983
74.415024 53.201290 2.835999 3.619058 -107166.643317
77.650415 52.479611 4.247045 4.946398 -106976.209748
86.620723 51.709293 6.222287 5.057433 -106856.161836
88.678960 52.055390 1.146707 5.512284 -107092.534414
87.414642 48.354366 3.435490 2.642618 -107168.992731
81.849050 54.866981 5.458824 4.695364 -106741.170736
83.049048 44.734342 4.069960 6.202844 -107139.702113
82.591994 44.244368 1.750041 5.152233 -107157.512007
81.915873 58.564594 2.576503 4.511412 -106984.413321
79.329538 48.459663 3.523963 7.528627 -106976.837149
80.289108 60.726619 4.684110 2.382308 -107175.662768
79.805301 51.951045 4.535550 6.904116 -106852.254029
83.447922 48.987164 5.899766 3.554296 -107059.493874
81.844013 44.718370 3.613315 5.144303 -107156.011823
82.955909 57.915047 4.889023 4.332289 -106844.588173
91.702370 58.284436 2.830371 5.403811 -107094.519459
83.593175 50.616155 4.316115 7.022185 -106821.943167
80.781743 60.883689 2.665418 6.783621 -106963.638057
84.494340 58.780146 5.975959 8.597533 -107164.685493
91.134589 61.048906 1.836889 4.404259 -107174.686321
86.685556 53.099312 5.355678 3.761004 -106876.356636
84.236063 47.566661 2.508296 4.119098 -107111.320418
91.702599 49.696890 3.139737 5.753059 -107110.183817
84.700364 52.980884 6.282223 3.545484 -106821.182297
76.215778 58.657154 3.911531 3.334877 -107163.748955
80.730446 52.178875 5.402500 2.613909 -107035.559122
81.872629 63.213659 3.149240 3.332347 -107178.151381
78.230502 56.291630 5.979156 3.377955 -107025.767772
73.002626 60.134002 2.742448 5.571038 -107177.459231
80.974255 46.901819 3.516225 7.906953 -107006.447290
80.654916 69.216710 2.050499 7.540612 -107181.044263
80.760579 53.607945 5.645584 4.783911 -106785.382494
80.087280 57.761186 5.243679 6.616596 -106871.457522
85.379215 52.539745 6.177725 3.611476 -106846.664470
85.819892 49.126946 4.199474 2.290836 -107159.198477
91.339070 55.931215 1.572297 7.849867 -107039.687064
82.437776 52.377133 3.524519 7.003932 -106779.651759
92.250248 54.798927 2.640266 3.949357 -107139.645398
78.063135 56.626898 1.352758 2.835283 -107173.296158
81.463324 59.926016 9.589024 2.622930 -107152.279185
87.983471 48.792937 4.741716 6.260939 -107026.685233
80.820014 46.751435 1.906058 7.317153 -107030.875358
83.457833 50.135612 4.147642 3.442342 -107017.665585
86.733920 59.906015 4.482638 4.762786 -106981.636074
78.153237 59.110397 3.748606 2.501376 -107166.969112
89.242972 52.222641 3.908397 7.481195 -106932.107772
80.524041 52.486182 3.593204 4.206351 -106929.663325
84.826869 44.566389 3.431635 6.507904 -107113.637491
83.639572 46.564791 3.156504 3.251824 -107179.006111
82.286318 60.299507 3.357369 5.476085 -106948.637300
90.494610 50.202485 3.179792 4.305002 -107111.441859
82.365032 55.489248 4.864449 8.726077 -106891.171614
84.706251 55.060468 4.613248 6.224313 -106717.989303
77.976341 60.192256 2.395319 5.536584 -107058.013918
89.979534 56.894215 3.528812 5.593416 -106981.020654
77.095452 52.632756 6.487101 3.121629 -107113.013639
78.783487 62.361480 3.405983 5.465567 -107101.023895
76.196116 52.595688 2.836974 7.727610 -106973.029589
78.015111 56.411733 2.764139 6.172997 -106938.712594
86.906415 47.503274 2.542384 3.764240 -107144.881243
78.483912 58.707768 6.561746 6.852599 -107155.939028
86.270915 45.780454 2.665766 4.233042 -107162.591351
91.081442 55.263510 2.478288 5.279335 -107051.123006
80.714786 59.589722 2.185903 3.950861 -107084.032738
86.345716 45.484430 1.837522 6.577549 -107089.457253
90.098855 56.879758 4.542881 6.949029 -106999.822209
91.725232 49.314567 1.546044 4.919426 -107159.611322
84.141649 58.245626 5.239849 3.352704 -106938.754964
84.443649 57.847625 5.316655 4.567074 -106815.847299
85.655351 59.250025 2.859541 5.283020 -106948.538340
84.336111 56.675827 1.354746 3.675654 -107095.198309
87.284153 56.431728 4.110730 7.746760 -106849.438504
80.211620 48.018949 3.265584 6.015445 -107003.237718
83.996538 58.273313 6.755893 3.946611 -106863.103427
89.077518 59.475397 5.909945 4.154340 -107109.554525
82.750118 45.423481 2.889544 5.804224 -107089.148910
81.171152 47.294875 5.375529 5.639240 -107092.153524
83.159547 50.729266 4.039385 2.434443 -107090.960628
91.668598 61.325984 1.395379 6.115648 -107149.274507
83.744534 55.166436 8.571956 4.648207 -106726.222729
85.337794 43.863011 2.385216 5.687626 -107146.009599
85.585702 60.318781 5.295718 2.056454 -107158.622311
86.191720 50.801261 4.375663 4.228326 -106936.804370
88.029138 51.246417 7.150839 3.344039 -107033.428237
83.170221 57.813696 4.904501 6.022142 -106776.586458
91.064519 47.165244 1.978318 5.295511 -107158.658398
84.943835 50.356690 5.561495 4.089758 -106927.957020
83.856194 58.982540 2.711085 2.835536 -107097.208939
86.508433 59.100612 7.027908 2.999121 -107062.963236
88.695448 58.788106 4.552692 4.507784 -107018.141617
87.179220 48.538029 3.385045 5.947355 -106991.302582
82.605645 54.826644 1.256957 1.972031 -107181.742226
76.567313 52.954709 5.795890 4.923175 -107064.449287
88.225608 50.780825 5.448076 5.368153 -106966.049300
85.201699 47.444912 3.208590 4.022381 -107111.388052
79.841292 54.163259 2.369207 4.218717 -107002.643819
79.708132 59.683516 1.139189 4.370915 -107140.917726
90.173944 58.700934 3.858239 9.478674 -107100.589221
80.815803 54.174052 5.013529 2.499052 -107025.502693
88.476693 48.944105 4.347665 4.548110 -107075.232515
87.560875 48.088924 2.241796 6.206596 -107034.043822
82.116585 48.085750 1.582153 6.380845 -107043.013112
80.605518 45.572649 4.768708 7.097105 -107182.333854
81.128483 49.294416 4.426459 2.465219 -107151.831776
91.610183 51.586851 3.897773 6.790992 -107068.387997
87.315648 60.643670 4.958912 6.007339 -107024.933219
77.709500 60.835136 2.607882 8.692840 -106988.628044
84.336360 63.629158 2.238135 4.662314 -107139.763987
90.303031 54.313036 5.126574 3.884330 -107048.175618
80.750368 56.064785 7.207841 5.753728 -106844.989075
85.761402 51.360395 4.226697 5.245892 -106844.882448
87.723664 45.483546 2.179493 5.343446 -107141.033533
88.616011 53.269429 6.238639 6.940483 -107029.816379
93.453361 57.087772 2.944628 5.705116 -107136.316525
74.112542 63.702493 1.030530 9.248288 -107128.673689
