169.581618 167.606424 4.485875 5.634259 -108976.376083
170.054098 171.804983 5.583146 6.061878 -109107.198854
167.533693 168.542056 6.884000 6.935736 -109174.351312
171.862859 168.556811 8.644009 3.938622 -109123.922426
169.073825 169.596110 7.873609 3.493702 -109023.498247
167.368220 171.126747 3.794502 4.903437 -109082.066652
167.779073 172.608996 2.087020 7.023857 -109176.066607
167.767187 166.275857 2.877981 4.368739 -109140.328342
171.928629 165.751595 3.025808 8.883395 -109179.099899
171.869428 164.954528 3.522829 4.448287 -109188.030628
165.428509 168.234580 3.370608 3.343926 -109215.032465
164.587975 168.001714 3.105215 8.420216 -109124.105363
169.759243 171.050542 5.269085 6.430568 -109066.786255
168.345524 165.375685 5.617167 4.251885 -109028.136644
167.252226 165.791879 2.484276 5.668283 -109128.112566
172.243790 169.261196 3.555781 4.579378 -109151.845486
173.092983 167.164760 4.775823 5.180372 -109135.465153
168.771693 167.381395 4.356335 4.344941 -109022.107447
171.132656 163.604565 2.427246 6.020635 -109203.221874
173.259900 168.628535 7.080791 5.365687 -109230.396785
171.658007 172.243450 6.821207 4.734366 -109225.373412
168.602860 166.773476 3.638478 8.179662 -109079.715252
165.959610 163.720336 6.868704 3.805269 -109202.871763
169.753632 165.327951 6.872602 4.823194 -109035.573878
168.273040 165.033043 3.976813 7.540585 -109091.497727
170.341345 171.408365 4.806509 3.845878 -109150.667943
164.518705 167.951416 6.474770 5.909716 -109120.277219
173.569139 167.255248 4.124343 7.301636 -109189.682802
166.741745 169.155950 2.789500 5.026319 -109110.681779
171.242460 170.865140 4.289936 4.361511 -109134.260654
167.987776 169.171580 7.109994 2.514058 -109158.341989
166.790644 164.305905 3.679634 4.032221 -109177.117620
172.952010 171.504940 5.884709 5.094395 -109225.753096
164.133911 165.406847 4.485463 4.254387 -109186.501127
168.116646 172.280431 5.532989 4.681277 -109102.078460
168.709693 168.475156 3.168290 6.579419 -109028.762483
166.114333 170.843470 2.706287 7.438357 -109104.211286
165.992383 168.974546 3.903307 4.755133 -109057.861377
168.184608 168.729128 3.823894 3.941665 -109088.817280
170.145956 168.845322 8.013014 5.169494 -109033.447227
166.769865 163.783983 4.547354 7.290461 -109169.036959
172.700237 168.649082 3.946236 4.044494 -109184.331037
173.152550 167.969086 5.928665 4.081772 -109174.082512
166.189516 170.586225 4.319158 6.805902 -109052.308022
167.080187 166.051270 2.400591 5.018620 -109157.054043
167.530627 165.606486 3.673343 6.671991 -109044.634747
169.694071 163.245525 2.123417 6.911961 -109198.664825
170.541470 168.536305 1.954931 5.949514 -109169.547222
171.389147 169.393466 3.990226 4.335586 -109115.432634
165.147181 170.220540 6.530610 3.787456 -109112.787886
173.157358 167.102872 4.298139 4.740790 -109159.929120
167.483028 163.844860 3.726822 5.574161 -109114.463468
169.228327 170.825151 3.984496 4.882692 -109065.374612
166.129558 170.690218 4.802013 5.920071 -109035.602520
170.616635 167.303888 5.043248 6.432558 -109027.475290
