65.393082 57.450137 6.332148 1.711597 -107540.119254
68.603580 55.705563 4.598119 2.130786 -107534.170570
67.947138 55.372691 6.032292 1.474500 -107511.323546
67.881635 57.998059 4.797631 1.526864 -107543.933610
65.593984 56.557054 2.746128 2.725900 -107525.907249
65.811983 55.895803 3.171767 2.204333 -107515.908854
65.411229 56.211423 3.716574 2.428440 -107523.263728
66.166702 56.349418 2.984151 2.985569 -107525.108715
67.528006 56.800877 4.581819 1.460595 -107517.431980
66.895588 54.915818 2.554014 2.793462 -107523.816083
67.754209 54.809546 3.075433 1.468215 -107524.840563
