72.023358 65.265396 7.578142 5.860681 -107878.644260
58.584315 71.089426 6.839839 2.969835 -107842.527988
70.554599 72.209415 9.908489 5.939479 -106387.663643
45.952945 63.674215 2.652568 5.977468 -107677.997742
69.552032 64.984323 7.286497 8.854880 -107728.194239
66.734569 77.599103 4.991605 3.459372 -107214.159756
67.376157 75.831391 7.539818 5.496902 -106169.915467
63.633641 71.570047 7.511104 3.538230 -107508.256617
47.840161 58.714377 6.157169 3.908229 -107779.001135
69.541454 70.872901 3.635489 3.948585 -107437.617726
55.945104 77.421886 4.286276 5.985321 -107583.953066
69.492237 71.247681 2.263064 9.538295 -106853.417251
57.790549 74.756504 5.490703 4.545069 -107647.908192
53.063349 71.056378 5.880747 1.863360 -107896.963105
58.826730 63.952838 6.014328 3.322929 -107877.134907
50.455876 73.321510 5.021770 7.460543 -107722.951121
60.499506 76.680052 2.260390 8.091261 -107139.333139
71.323585 67.186123 2.153862 9.379650 -107208.075821
57.672775 79.457660 4.051255 8.485994 -107089.666155
63.169791 81.447006 5.161394 4.950495 -107106.439475
56.800621 59.167663 4.120778 5.355713 -107787.477594
60.590875 80.515723 4.501098 5.590030 -107271.866901
64.991181 74.637689 8.208906 6.646086 -106244.263243
65.731832 73.862408 3.192906 7.207042 -106785.663460
51.692129 68.408599 4.974115 4.027204 -107719.184091
52.803531 69.968291 8.271350 5.315928 -107898.762846
61.180328 71.005008 6.758365 1.045218 -107888.186255
43.692079 63.208726 3.303014 3.258992 -107825.908593
57.743708 89.844306 2.094614 7.945820 -107710.992338
62.189653 73.205335 4.150378 2.950264 -107694.882614
50.762307 61.442488 4.471120 7.052446 -107587.968958
57.560468 61.781317 7.272599 3.079492 -107875.940084
70.735426 70.624426 5.984029 5.478209 -106913.964948
45.970373 61.299644 4.520864 5.713885 -107703.454942
49.475210 61.362547 4.859971 2.155427 -107786.512469
58.539587 74.528654 5.592276 2.907132 -107817.095991
72.098627 70.737932 2.500465 4.193071 -107546.170190
58.584047 72.935612 3.831620 9.867820 -106776.964623
60.538368 73.274181 1.022467 5.308300 -107731.017524
66.302783 76.935678 2.474078 1.179392 -107863.311761
55.437346 57.551181 1.051272 2.471500 -107885.727931
56.352313 82.041583 4.307318 4.681144 -107799.582907
47.853481 70.891863 3.480567 3.589998 -107826.146280
62.099188 81.269724 10.899424 6.490648 -107106.478833
47.348628 70.121475 2.142422 4.410791 -107800.601495
51.298111 61.050248 5.638346 6.143612 -107632.113907
61.393390 72.710714 3.001745 8.400722 -106931.971948
50.950433 64.025112 3.787329 4.582280 -107608.392725
58.333370 82.305778 5.876738 5.855614 -107561.973916
55.775626 79.230532 3.241223 4.404002 -107786.157796
69.337138 67.478529 6.018690 8.841383 -106943.538192
47.983126 64.076267 5.197328 5.181805 -107612.782528
65.570721 73.373085 8.572915 9.212484 -106208.717663
72.212914 64.016503 2.840395 3.160173 -107873.244538
59.911149 66.534476 2.610958 2.366277 -107882.069935
59.182083 78.408302 8.511674 1.251027 -107863.069034
56.177388 85.601164 5.039956 8.692073 -107684.541473
58.517451 67.122303 7.319617 5.773831 -107730.069753
57.688790 84.247888 4.543246 3.672043 -107863.754451
52.940446 66.893522 3.638226 2.543848 -107814.543816
59.131205 79.138412 3.043089 5.939656 -107433.749709
58.868274 79.740449 7.956865 3.405229 -107750.377646
62.096722 81.866725 4.030576 3.767778 -107551.953702
64.988722 71.310282 8.967442 1.767293 -107749.013631
65.192424 72.848940 2.163245 5.204542 -107430.327499
71.864578 69.162412 1.886799 4.580591 -107643.893609
64.800422 76.167933 5.217933 3.969471 -107173.474277
66.995282 77.846784 8.847657 7.019120 -105612.642368
60.683573 77.738795 4.063618 4.887767 -107386.286204
67.731949 75.093493 9.187012 6.320444 -105864.906309
51.457065 67.735274 5.993909 5.301456 -107639.067125
69.390652 69.452637 2.383011 9.429987 -106950.594414
58.014538 74.444169 7.936652 5.511211 -107590.806791
62.562891 74.871630 10.686689 2.741091 -107611.344180
53.146162 53.731315 2.380060 7.453278 -107828.524196
52.576545 53.445673 2.423875 8.990349 -107829.500746
64.347160 68.667466 8.321370 3.346020 -107777.741644
49.340485 66.685715 5.994646 1.760841 -107851.369519
55.771915 68.613257 7.867731 6.534661 -107738.038011
63.939602 66.778522 6.883070 8.195191 -107323.815305
70.456197 64.362185 2.195028 3.750151 -107852.119721
68.446269 67.459671 6.431729 6.871357 -107222.024031
50.967716 66.275919 7.016645 2.087305 -107816.475981
57.125590 69.393779 3.263185 3.539358 -107794.692086
71.183058 67.697274 1.710450 4.406457 -107730.082552
64.682901 62.624998 4.329109 6.881113 -107768.386489
64.451425 69.312761 4.012604 3.342182 -107708.360056
60.781630 76.356611 5.734436 3.489603 -107576.274399
69.086547 73.308428 3.635972 4.079249 -107265.633482
63.406039 77.980468 4.154032 3.032897 -107563.907280
38.361274 65.840629 1.217614 6.327490 -107871.974333
58.458851 81.899380 4.802469 8.261927 -107128.208196
62.847035 78.052522 8.151437 5.621461 -106699.160904
58.741189 87.000334 3.292949 4.668157 -107810.376799
76.419776 64.823442 3.107425 6.777596 -107683.138140
64.564581 73.383218 5.980210 2.753125 -107557.792477
64.824064 70.801674 3.229980 4.509474 -107495.718919
61.429034 85.824182 5.181749 2.787126 -107831.528277
51.528260 61.192281 5.534235 7.311440 -107689.394847
63.123587 81.630539 3.128907 5.045277 -107331.676126
43.472888 65.941984 6.589336 3.283206 -107896.539796
65.459130 74.104056 2.793570 3.853184 -107496.104436
50.014822 60.234059 11.500451 1.795437 -107840.187039
44.555679 71.933656 3.943381 6.260041 -107866.778303
53.515336 67.791954 7.262277 6.291118 -107704.163110
61.720223 77.434116 5.613106 9.731817 -106252.351325
63.884110 57.218870 2.154022 9.360418 -107769.660215
55.715376 80.737849 4.968620 1.173761 -107901.141585
58.659128 75.021408 7.797808 3.760576 -107749.687782
65.942090 65.952331 2.441280 4.352072 -107787.104435
45.795095 64.868214 3.497681 7.845383 -107654.971196
63.135318 81.638556 5.525400 8.860387 -106306.771070
56.915408 84.002522 3.285744 4.399799 -107823.091845
60.998185 70.900726 4.081034 2.811033 -107788.102408
58.771863 64.686657 4.195644 7.084562 -107525.887038
62.604540 69.715257 4.939663 4.982187 -107476.542381
60.778602 59.933701 2.687283 7.563911 -107735.812175
63.925693 68.736002 3.688680 4.933975 -107552.878849
57.541331 67.170435 7.052400 3.731980 -107829.529127
75.210447 64.711808 4.010064 4.964164 -107801.567081
70.362962 73.333404 4.188688 4.756981 -107000.868154
62.247557 73.083422 4.404139 5.619239 -107181.153804
68.859330 71.143592 6.684970 7.567807 -106373.681163
64.502831 67.865966 3.097753 4.628630 -107662.252661
59.384944 62.947396 4.001547 4.791460 -107799.936813
54.845431 65.053013 2.971072 2.886160 -107798.275398
46.261930 61.188824 4.137236 6.750154 -107690.870897
66.383048 70.708453 7.666995 3.720175 -107362.189984
69.880217 74.211513 7.003653 3.379416 -107048.905275
65.814255 78.507289 5.768285 7.020936 -106072.527834
66.768077 71.473782 5.884848 5.519601 -106885.647735
62.482539 74.401225 4.129514 7.456039 -106738.423597
72.360488 70.006775 2.607487 4.738522 -107499.968091
57.938188 78.851463 3.732311 4.971362 -107608.277955
60.373993 65.158904 6.105055 4.446113 -107869.132071
75.272720 64.512913 4.390125 6.803396 -107707.323556
67.244031 76.290595 1.993403 3.878193 -107524.946822
41.895921 60.660041 4.187816 4.696953 -107889.393894
57.540588 68.998030 6.717720 2.126554 -107866.531180
65.056979 72.427500 1.924293 3.684090 -107673.488791
56.997228 79.514545 4.564597 5.855410 -107562.604974
60.362954 79.469657 2.553931 5.701637 -107447.556153
39.313111 67.106445 1.798935 7.407350 -107848.593789
70.105254 71.923478 4.209536 2.404758 -107637.396012
56.100171 62.170092 3.596597 4.042857 -107736.156816
67.301502 63.080347 2.478602 5.381658 -107821.746846
69.333139 71.047726 1.318514 4.539202 -107659.716611
61.199872 82.026434 3.617367 5.780277 -107306.632108
53.666319 67.089383 5.401478 6.915663 -107511.236492
54.058602 70.569321 5.121577 5.137937 -107677.730071
69.113824 69.217778 6.691274 4.642825 -107291.828219
55.338614 79.302310 5.937957 9.267832 -107439.008435
58.169409 84.107917 5.733848 8.235822 -107407.697035
73.050343 63.018963 2.128300 3.015452 -107887.142812
60.170905 70.174548 3.104211 5.745353 -107501.543295
66.286197 79.120990 2.949692 2.591758 -107648.821145
59.168714 87.147092 4.364740 7.123801 -107573.932898
60.854280 74.400385 4.398148 3.215028 -107685.017674
59.218030 86.508815 4.065172 5.407916 -107713.129148
51.977578 75.768131 1.610535 5.225425 -107812.781553
59.736171 62.780896 3.376131 8.760837 -107469.596284
63.929891 69.616308 9.025821 7.665686 -107180.957586
63.034588 64.143687 6.677589 7.226175 -107830.094476
63.484448 79.389371 3.151971 4.603904 -107341.313576
71.901812 69.125226 6.457591 5.750560 -107115.569822
63.460777 58.960323 3.819946 7.925896 -107893.684395
63.219954 76.828685 3.975338 2.560520 -107678.653320
62.329594 77.426446 6.395837 7.056070 -106511.867817
57.652717 82.923594 5.049462 5.954003 -107624.600145
49.071352 67.407035 5.405819 6.103238 -107634.421085
55.698789 67.739021 7.226600 6.404731 -107670.193168
42.686721 69.706712 2.637435 8.840391 -107783.817349
65.031821 80.111473 1.180878 3.134461 -107766.858472
60.806612 76.367065 6.550992 7.035601 -106781.719935
50.788647 69.594717 8.249263 3.949630 -107887.644759
44.867878 56.648810 2.351072 4.769851 -107841.406726
66.716622 67.546528 7.476836 6.943099 -107314.077053
58.626191 68.425126 9.084133 6.719410 -107851.449796
66.424753 75.478737 8.117793 2.219116 -107509.815368
51.180845 55.608824 3.940511 6.622225 -107817.914129
67.519270 73.850130 2.760050 6.361072 -106982.369816
69.151576 72.499840 6.301061 1.484791 -107743.531127
68.802736 65.593807 6.131279 7.009398 -107526.293386
74.634232 67.422075 7.499395 5.429580 -107632.698869
61.996032 82.128144 4.315970 5.933576 -107131.762805
59.807420 85.913218 7.162526 5.517540 -107772.365170
63.211929 79.685749 5.573265 9.635272 -106102.500305
61.833942 82.231454 2.545354 6.643292 -107276.858479
57.658346 71.530272 4.702739 7.910497 -107130.183658
56.003113 62.694890 1.648964 6.585423 -107690.753308
66.639518 67.183739 9.026748 5.182762 -107767.840380
64.754622 69.973149 2.649361 5.685704 -107430.414263
46.846109 61.151507 2.404246 8.810257 -107647.126556
69.964723 73.962400 3.206080 6.155098 -106847.211272
72.900928 63.731848 1.832896 7.941717 -107633.716960
60.750580 84.929586 7.034373 2.725430 -107860.503014
60.884919 72.513215 6.381992 3.303083 -107686.455183
60.146505 80.893700 5.298861 4.634398 -107475.390912
62.632231 74.216192 2.226518 3.208378 -107727.937265
50.774002 61.119626 2.438700 8.071002 -107588.982712
58.069384 74.707775 2.731375 7.285697 -107315.811417
64.649534 74.021687 8.482562 6.918870 -106324.921814
50.045449 68.457384 7.436119 6.211260 -107837.386567
62.214519 69.091782 4.010460 1.571504 -107881.005919
59.660997 58.840226 3.651224 8.123360 -107787.793937
71.388384 70.517809 8.014601 4.330693 -107132.198181
47.842780 57.618636 5.829230 4.750181 -107824.035736
62.256939 81.375016 4.264196 2.249889 -107753.642294
54.817294 70.990199 2.508267 4.938985 -107719.385884
67.062840 68.024201 4.892857 6.791082 -107153.197352
71.443704 66.240907 8.418552 6.912577 -107760.967403
52.390317 58.817539 3.698044 1.628580 -107857.443807
55.001308 66.598723 6.802955 8.502360 -107660.102800
58.252597 85.109211 4.120361 3.356276 -107873.167148
65.708663 77.152361 5.469537 3.367462 -107260.777005
51.268911 70.654226 1.443651 1.510665 -107899.716793
62.414147 74.973062 7.820521 2.812844 -107594.604886
45.245784 71.257653 3.621907 4.510200 -107840.071767
58.773108 77.917125 1.052225 3.146973 -107851.201360
70.713045 65.831386 6.646766 4.769724 -107760.376715
71.732739 67.218055 7.076956 2.641063 -107816.715187
46.680966 72.529788 4.110021 2.870300 -107879.180609
51.211123 67.609457 6.825648 3.294822 -107769.391049
61.056238 77.602409 10.179547 4.973003 -107286.380848
57.971074 70.796069 7.441028 5.677078 -107612.793061
56.024316 71.406922 6.813013 9.028763 -107366.206054
55.958255 81.701395 4.075027 2.820110 -107888.245492
61.825524 79.870042 4.198706 6.445932 -106967.353260
62.149194 83.113488 7.941404 3.892231 -107490.064685
61.242309 75.769668 6.959923 6.040195 -106939.725698
73.748803 63.304602 2.491113 3.101270 -107882.853207
57.494720 77.117328 6.992420 4.590064 -107709.738396
70.161646 66.263666 2.313943 6.654888 -107532.482026
70.788130 64.381042 3.546383 8.917310 -107358.123218
51.430804 81.405358 3.293888 7.356251 -107814.522222
71.412409 64.972985 2.975782 4.099736 -107805.056641
74.056623 63.789577 4.416039 7.294044 -107705.775195
50.074697 67.358012 5.274415 6.499725 -107592.812080
48.004927 61.049952 5.810224 7.223845 -107803.447482
45.677653 60.342457 4.296263 3.458478 -107790.210962
59.397231 80.706400 2.228884 7.592867 -107329.958925
54.030874 73.984499 5.059360 7.344628 -107503.753737
56.494467 87.488197 5.233573 7.850626 -107890.504064
54.558381 83.885149 3.279690 5.991300 -107813.545162
56.063696 63.920906 4.021632 8.534380 -107434.271123
57.202710 77.269389 5.590159 4.988488 -107635.989653
66.773666 72.403274 9.306663 5.827433 -106541.855116
61.492470 72.576233 5.325908 4.156362 -107514.177818
55.206584 69.205108 5.426852 5.316455 -107632.769111
61.579707 73.982453 1.259069 8.168642 -107414.030187
56.340753 61.063888 2.487228 6.596609 -107670.537378
64.485408 72.593035 7.540877 8.066911 -106355.866657
64.441360 77.843298 4.840836 4.597905 -107031.478207
62.628097 71.758463 2.398105 2.257343 -107827.936386
61.297569 78.583698 3.588619 1.007171 -107878.544631
60.629016 82.225507 7.696576 2.280312 -107797.371652
73.470420 67.389009 3.222245 3.484962 -107757.137539
55.589920 81.985016 3.201499 6.672775 -107644.531488
67.101019 69.446270 7.032298 2.567379 -107673.798704
69.524320 62.130788 4.086080 6.130213 -107873.554673
56.522434 84.867723 4.191275 6.258590 -107745.879162
67.834945 74.350623 9.068077 4.250560 -106611.395357
59.146592 78.055819 3.129361 5.189007 -107524.381725
52.499205 53.747802 3.157967 6.088033 -107860.586949
73.513506 68.845561 7.792883 1.954307 -107820.599454
65.791825 76.366595 4.242857 7.943910 -106253.506456
49.641425 63.639242 5.649201 3.399635 -107656.649591
50.835548 74.747082 7.983089 1.666073 -107899.171786
69.046411 69.980853 1.547611 5.507907 -107568.016393
72.070328 69.437346 8.722953 2.969063 -107602.809761
58.506786 83.653464 3.725802 6.261874 -107529.640637
72.299941 70.358695 5.089902 6.493415 -106856.401517
50.546449 60.608387 5.912246 4.622109 -107625.585621
70.937404 63.969289 3.378918 5.917672 -107726.382566
60.935345 85.944719 8.740955 7.443253 -107707.760192
62.379207 70.445392 6.517527 3.899017 -107610.517312
60.162088 77.575095 6.569429 3.823811 -107543.572522
67.703735 70.471508 5.748115 1.094795 -107833.321420
67.855130 71.386605 7.966122 8.872908 -106307.983720
54.315718 71.937080 4.878736 2.888758 -107870.229880
47.322067 69.026067 3.591689 4.246390 -107766.855509
62.366277 80.564285 1.091016 7.037958 -107533.856864
63.401221 70.750682 6.745235 5.874560 -107119.273240
64.553306 74.113101 2.823367 9.430702 -106608.285540
67.442695 64.363638 1.916357 3.569520 -107874.792127
63.809261 80.632806 2.854133 2.828713 -107680.982060
62.726543 82.114474 11.128089 5.133250 -107186.233970
62.269845 77.189030 3.187364 5.043194 -107329.472404
62.473045 74.968296 7.631918 4.124016 -107269.178278
62.076924 74.556445 1.823547 3.716191 -107718.011092
60.358738 64.093581 5.058333 6.877047 -107645.860550
50.151985 71.099308 4.285282 3.494060 -107819.766852
58.801228 66.232289 4.581666 5.134139 -107681.189936
58.324497 55.493419 2.457849 7.101654 -107856.861115
41.619781 65.461678 2.733594 4.848375 -107833.397403
49.375760 64.899978 2.472757 9.474112 -107512.109493
63.005384 64.877242 3.969684 5.248758 -107760.409947
49.259719 59.884911 1.255922 5.172861 -107777.232173
59.607466 67.741255 4.363744 3.457655 -107809.698583
72.604992 69.401616 5.405485 4.736592 -107322.054406
66.125179 74.804957 6.600266 6.867280 -106127.006735
60.951394 77.927937 4.934404 3.586337 -107554.902752
49.716304 64.873889 3.210605 1.340916 -107869.635057
62.742585 73.714690 6.138326 3.515575 -107483.572226
62.540060 84.043304 6.034083 7.488880 -106810.061812
53.942250 72.442875 4.724691 9.896142 -107216.807676
69.625947 74.155193 3.251464 5.131839 -107040.717650
63.645176 74.712947 2.775763 5.237012 -107316.677347
47.261848 74.974946 3.706722 2.967521 -107887.712125
69.572355 73.299574 3.455714 8.896665 -106386.853252
62.205730 77.362412 9.464384 3.193692 -107455.632906
51.302771 61.179875 6.073655 5.844971 -107639.499820
69.354666 73.018618 2.472541 5.116949 -107279.406137
70.673058 66.058343 4.719052 2.376007 -107866.477206
67.240461 71.238105 6.645372 2.114038 -107644.153628
51.723019 65.598114 3.433977 2.224398 -107817.228055
66.873915 78.008516 5.779329 1.650009 -107708.839300
70.320506 59.045136 1.343703 8.761050 -107782.456585
66.396708 77.578341 6.017963 6.044414 -106219.863768
74.007146 67.658405 3.299903 6.290141 -107429.342795
55.595212 74.389089 3.595252 4.164326 -107777.413991
61.330747 85.060487 5.366982 2.618424 -107828.097035
50.229908 58.779757 1.258561 2.657523 -107858.689140
44.551669 74.572714 3.336645 8.606395 -107879.521663
63.434805 77.148908 4.087704 3.740359 -107419.210814
63.932845 78.218384 9.227463 6.175979 -106333.171295
57.581394 81.868527 7.002718 4.383983 -107840.599324
57.806523 76.566184 3.140911 3.757979 -107757.227762
58.612742 74.874244 5.414062 2.781297 -107820.922431
62.919910 72.214686 1.888157 3.450354 -107748.018067
67.892787 67.720961 3.385006 6.873063 -107269.253080
72.542192 69.889850 3.419108 3.463264 -107620.696116
68.735267 66.270227 5.172618 1.385981 -107898.493911
68.559966 71.787832 2.600369 6.817610 -107058.906918
56.877765 65.721460 6.230240 3.116641 -107813.776181
43.921671 72.689730 3.685640 3.759029 -107898.472609
59.814235 83.776014 2.713746 6.360168 -107485.855320
61.015582 63.452686 4.899572 9.243878 -107462.518289
55.074524 88.428407 1.487495 8.676655 -107737.937019
53.672079 78.572586 2.441934 5.622777 -107767.968651
60.690967 77.108674 6.006027 6.156456 -106995.358444
48.686511 76.938523 1.310101 4.802558 -107869.790008
55.541026 75.737219 5.337387 7.174185 -107443.380404
64.160022 79.898628 5.618161 7.227366 -106300.545647
67.364587 65.267348 3.931109 4.282952 -107804.329600
53.353802 59.681751 7.101128 4.892702 -107763.868909
70.284750 65.537571 6.966528 5.842385 -107742.191521
47.086391 61.594365 3.389528 3.715970 -107733.112479
64.484901 69.638858 3.032164 5.195385 -107487.151222
66.878383 75.307946 6.980898 3.660057 -106997.222981
65.079603 76.532236 3.858406 6.414439 -106703.264191
51.470275 77.784664 1.769233 5.423787 -107827.633179
65.804980 76.850336 5.895817 1.915676 -107674.818680
63.669718 63.014762 5.463798 6.573510 -107861.473576
45.776022 71.232879 2.505190 7.533906 -107725.112886
62.486126 82.306220 5.393463 2.662122 -107680.029060
59.171354 82.643198 7.366985 3.734574 -107790.354481
70.670856 70.868383 3.854251 7.684123 -106711.139215
47.132598 62.540150 1.614674 4.906778 -107755.696331
42.447400 71.292675 2.963439 5.071427 -107872.885113
57.367070 86.467854 2.002609 3.652706 -107878.858647
67.264301 76.910477 8.154990 1.899604 -107571.425601
66.716801 75.338308 5.101091 5.189783 -106700.378110
73.749976 65.044497 2.668666 7.917197 -107502.418497
51.100285 60.114086 3.089257 4.877370 -107661.472460
61.773641 77.213045 8.274069 5.612030 -106919.197384
45.935650 71.570484 4.970291 5.475372 -107876.237825
59.107793 59.918790 2.806721 6.676598 -107757.065312
76.303877 64.187800 2.693260 6.024434 -107767.913157
64.673036 71.749904 5.909741 4.765345 -107180.281095
63.008667 69.773372 4.486127 7.063824 -107065.352712
60.770204 83.941913 2.677917 8.238434 -107180.223340
55.599371 70.689127 5.963461 5.653649 -107621.714436
61.001091 75.910683 5.248584 2.265417 -107766.170705
62.428811 74.578925 9.306154 3.635805 -107416.347434
59.883670 82.505759 3.497416 4.516384 -107627.052197
59.323901 67.703798 6.886110 8.953767 -107346.084280
59.755966 83.399676 6.818535 3.149705 -107813.707336
56.531034 69.144157 5.452442 5.315834 -107621.243202
65.661972 74.931976 5.283281 4.741967 -106912.811876
69.146569 65.128633 4.313893 5.227324 -107713.787324
62.256342 76.897721 5.874337 6.916334 -106593.138199
67.847281 76.724973 4.118270 7.019212 -106316.022692
69.254105 67.593164 5.932878 4.121923 -107603.186567
51.455356 63.616520 3.372458 7.659546 -107507.626131
59.524760 62.217674 3.684199 4.188804 -107842.833032
49.033902 62.660621 7.902445 5.232140 -107725.252480
54.200319 78.412095 6.756174 7.128222 -107871.601503
63.375344 81.375691 3.373403 6.586366 -106970.334504
62.316159 77.978685 3.546228 4.708575 -107341.964659
70.060436 66.276211 8.065065 5.140454 -107771.038501
70.167102 71.526463 3.046661 8.301651 -106734.515706
47.268385 74.272881 2.957372 5.181434 -107839.799670
76.874273 63.114125 1.830295 6.182214 -107813.399149
40.991213 66.835016 3.181312 6.058474 -107855.470217
57.194159 69.943907 4.366112 2.878751 -107831.618659
65.006761 78.312200 4.013180 7.790582 -106372.528834
55.626022 87.733914 1.523260 4.794960 -107875.810698
57.405992 62.178148 4.747081 5.733166 -107718.897755
74.826399 60.315384 3.280674 8.286936 -107859.019431
62.405602 66.380985 6.293451 3.704050 -107897.904661
63.503462 82.259109 6.465030 2.811124 -107565.911650
67.343765 75.579115 3.330699 7.815034 -106479.773815
67.772198 72.720000 3.108250 2.048922 -107741.976844
54.169899 81.717871 2.181489 4.850371 -107840.900539
62.658839 72.334117 3.844918 2.523046 -107758.052317
51.162837 76.496496 3.280895 3.633411 -107873.181070
63.372875 79.742986 3.124250 7.363243 -106838.575002
69.380290 67.728912 3.451326 6.845535 -107258.052015
65.363067 75.717115 7.384493 2.776953 -107395.104484
62.865185 65.671679 4.572998 3.602483 -107880.387728
69.088249 70.337142 2.912900 9.613049 -106707.820062
49.179420 55.359573 1.936881 6.113228 -107793.807759
50.832184 66.097183 2.721188 5.500227 -107624.323548
50.551238 63.261610 8.844295 5.730431 -107859.206953
49.358302 58.172566 3.569155 8.910281 -107735.323112
69.696805 73.653841 5.547376 7.401389 -106100.118997
58.820210 73.537386 4.759393 8.607420 -106854.602996
72.022720 63.992817 5.691331 5.374316 -107877.024960
59.331668 82.537793 3.913564 6.695785 -107329.932960
69.676598 66.932911 4.906133 3.850838 -107700.331738
62.340408 77.469533 5.088810 8.536432 -106343.732723
50.806604 71.641366 6.105983 3.632402 -107859.592043
63.244164 77.175974 6.892165 5.952351 -106594.566832
63.992870 69.108118 6.646782 3.745400 -107662.688778
54.104614 57.786750 3.470545 2.873532 -107824.596450
54.244928 76.895729 2.742833 4.238395 -107819.136018
63.598159 73.029136 5.957282 4.548771 -107211.356779
57.249609 76.641955 3.916400 5.255417 -107588.774248
63.017517 75.945034 2.842970 6.982477 -107002.740526
52.322874 75.162730 1.088742 6.076201 -107795.677766
51.950192 64.464214 9.096471 5.259793 -107804.770261
59.412194 70.290708 6.619017 9.732807 -106980.806785
52.283989 57.777488 5.160346 4.537621 -107750.414043
76.314920 63.211197 1.656947 3.630725 -107882.454019
65.240113 79.712002 5.962795 8.788431 -105868.443884
49.866569 56.151740 5.253302 2.900588 -107865.061080
60.607043 83.928431 8.811485 7.428964 -107467.692790
42.375274 64.262550 5.128602 4.491376 -107873.447672
50.763265 54.363937 1.585244 6.899708 -107806.747942
53.840369 62.038390 7.129363 6.795197 -107839.278991
60.667521 73.650464 6.905922 2.166354 -107816.719343
58.291527 67.182419 6.457753 7.118769 -107511.514156
58.711181 59.017851 3.966323 4.771778 -107872.599351
47.504367 66.940150 4.866449 5.145568 -107671.351035
65.045286 79.850274 5.528407 1.585260 -107745.566672
61.757963 63.002757 6.096904 6.803461 -107890.311693
51.605230 54.835544 2.696495 1.443690 -107901.013589
56.835466 60.930483 6.143980 5.608147 -107836.158085
47.882688 67.503643 3.174624 4.459329 -107720.794816
71.969636 66.750396 8.145713 3.389347 -107824.683459
54.857917 69.719492 7.177549 7.640979 -107626.972512
49.297918 65.548688 5.995759 6.922481 -107663.324699
70.277477 71.637008 7.535233 5.245642 -106700.410184
57.361857 68.477344 5.943879 2.300719 -107855.725751
53.683855 66.418073 3.674719 6.187082 -107534.053779
52.901140 69.760893 1.387947 6.153252 -107718.707495
59.328283 80.476067 6.746666 7.670822 -107066.088383
44.607441 64.478970 2.844240 4.753218 -107752.048025
50.287414 83.213794 2.422451 7.021937 -107871.371132
57.808793 79.567510 4.745034 2.066655 -107851.506542
61.665550 77.454596 5.845412 2.020545 -107749.401826
61.419071 69.833787 3.194488 3.798080 -107729.652030
70.061624 66.366403 2.456384 1.811682 -107884.665818
65.502136 70.513202 6.514255 7.970960 -106579.168355
69.224217 65.617402 3.183519 5.270009 -107674.898966
60.049152 70.603484 6.433021 5.293386 -107498.459692
64.286137 67.274727 3.751993 6.703216 -107368.722213
59.288233 74.636244 7.156934 7.243017 -107053.870454
53.862215 66.656607 4.530974 6.098211 -107531.326159
47.172746 75.244861 1.902729 6.122504 -107825.271056
64.793485 80.254340 5.915411 8.943311 -105942.468805
57.833042 80.535517 6.855281 5.175016 -107679.143845
71.316488 68.178143 5.720209 1.577509 -107856.395255
53.720735 71.350576 4.723149 6.620160 -107537.405836
66.303379 73.434233 6.454073 8.200369 -106048.332185
66.137292 70.746988 3.063408 7.399042 -106986.609835
47.440805 67.528139 3.409869 1.613443 -107876.785486
57.998832 62.620987 6.250514 6.307519 -107825.736081
65.037048 76.544478 3.562697 3.492441 -107450.690743
67.536344 73.335716 3.094449 6.117875 -106969.882622
52.390055 65.437343 4.170062 7.101510 -107485.971989
69.553935 65.428546 2.175162 4.304878 -107794.560009
73.216232 64.651060 1.416034 3.567561 -107863.033694
61.933890 82.641887 4.213400 1.694046 -107845.767462
50.453092 73.089922 5.133454 4.129065 -107851.208329
55.755417 81.360460 5.735418 9.214770 -107476.321574
46.519148 66.017327 1.397939 7.086081 -107719.754380
52.717878 71.346821 6.058172 6.130312 -107699.253373
65.208508 67.014983 8.049025 4.481534 -107825.300331
66.130337 73.589559 11.815324 4.508690 -106774.080883
68.119356 75.962041 6.712165 4.524135 -106564.573531
52.918116 74.382372 6.217582 4.364947 -107896.220416
68.982352 72.375025 3.265783 1.751122 -107776.747941
53.575549 66.948226 7.854976 5.275297 -107741.632244
54.525028 70.629967 2.164796 6.486330 -107604.469174
48.993501 69.572227 6.445963 6.517367 -107818.721350
71.999625 66.994121 5.606791 2.349143 -107840.184448
53.206185 74.327597 5.330310 3.934317 -107864.603094
58.199297 78.804113 3.282541 2.702946 -107815.748356
71.858117 70.518305 3.414482 5.938078 -107145.083913
51.546763 61.351765 9.274816 1.793147 -107797.460912
70.545044 71.119505 6.618948 7.078925 -106455.225741
42.759688 73.624125 2.440373 4.164727 -107894.593798
52.130685 65.395538 5.014320 3.576922 -107675.544629
43.465509 74.871548 1.340580 4.042259 -107891.103617
53.593379 67.284130 7.829744 5.914004 -107759.563080
73.712549 65.003896 5.891502 7.053567 -107698.272559
62.856114 72.934813 6.761671 5.408314 -107048.406014
64.027965 75.753238 8.478353 5.513626 -106574.027122
52.785658 76.801735 5.279534 4.608420 -107895.291262
64.178756 74.238772 4.913279 1.615680 -107799.989237
55.797893 80.313928 5.689208 3.944569 -107878.144568
66.473597 68.216744 6.841267 7.633071 -107026.698475
64.467723 68.387668 1.931487 5.618961 -107614.634410
42.747302 61.413027 2.600992 5.400713 -107802.251303
61.255934 84.325497 4.150509 2.908812 -107785.214058
43.485476 58.309094 2.422827 6.961620 -107799.831823
65.563420 64.722818 5.739971 4.940705 -107879.283137
71.098920 68.023355 4.940243 6.340064 -107209.930001
44.200856 67.910550 3.816662 6.089382 -107769.343594
67.632374 75.769314 1.411101 5.050531 -107492.953058
55.878291 77.152529 5.175298 4.196382 -107797.480122
60.765537 83.247235 5.405054 3.435348 -107698.202556
69.030949 73.402035 6.445727 5.430884 -106485.589592
67.135755 74.390847 5.479526 3.459216 -107224.449919
55.218425 89.090625 2.426008 5.167917 -107897.114739
46.966544 55.193030 1.165506 4.412752 -107864.759674
64.303085 67.433056 5.834174 3.757084 -107781.599490
67.086179 73.315808 2.488705 1.053374 -107865.867689
61.600228 63.562671 4.010247 4.896673 -107836.664753
71.063029 63.571422 1.336493 5.956361 -107795.225186
43.550801 59.616326 3.566859 4.245322 -107838.513003
56.399632 56.882891 2.106414 3.423426 -107865.692055
60.803349 82.760010 4.450955 6.254648 -107227.199681
63.644809 71.540632 7.174008 4.905992 -107219.727737
68.518951 67.895598 5.298745 8.520281 -106864.356182
55.404879 79.144016 5.208355 5.001166 -107794.431873
67.590582 67.105678 6.348726 4.655218 -107629.524720
62.883175 81.077653 2.206463 4.470666 -107553.724325
50.771461 60.970754 5.733508 3.110972 -107683.071212
55.134572 78.716924 6.378105 5.679534 -107831.871798
63.269943 75.673584 2.585705 2.654442 -107741.626924
66.728676 68.757334 6.113808 3.795089 -107577.121636
57.350606 74.127501 4.232967 7.652721 -107169.742630
74.017780 67.549478 6.617476 4.173349 -107669.136707
59.129134 61.312208 2.145963 5.009677 -107809.270736
62.370646 79.948692 2.383393 6.598886 -107222.824376
46.575907 65.357339 6.143566 4.027110 -107733.133543
42.901057 67.104578 3.613371 4.010526 -107840.607806
60.112180 82.742478 6.334865 3.550935 -107709.851471
62.775381 82.194068 7.219609 3.600416 -107423.817215
56.006156 78.817629 3.557805 6.571495 -107536.419087
57.781293 77.579230 5.106010 7.644355 -107132.566415
46.712341 61.541918 3.964660 1.020200 -107886.495963
57.217764 66.500387 3.529438 4.942681 -107676.287892
71.573264 70.646544 4.798276 7.010218 -106726.254032
73.522305 67.057909 7.205078 3.604817 -107774.120742
69.668346 73.063319 3.457028 1.555453 -107794.422064
53.044071 62.824634 2.070798 7.873100 -107575.596413
67.352877 64.804488 4.342222 3.099253 -107900.709615
62.043780 68.930816 3.368071 7.685542 -107162.594394
61.203259 72.674133 4.986021 3.275707 -107680.575816
66.775923 76.767985 3.786163 6.075932 -106669.996869
61.194790 75.850153 3.960106 2.730561 -107728.838659
68.611896 75.376035 6.925021 1.838682 -107607.460571
74.658861 66.712116 4.646955 6.910830 -107433.321401
64.046746 57.388829 1.300676 6.224236 -107890.955738
61.520274 66.819036 3.183614 3.548810 -107830.096417
67.429220 71.230571 5.983676 1.593940 -107749.472099
56.655994 67.377515 7.616482 5.468977 -107759.481564
47.933748 65.721573 2.674580 1.152101 -107892.044807
65.575119 64.464266 6.018345 6.980062 -107714.397374
58.433874 68.367931 3.634145 4.369808 -107721.856961
54.595619 75.345766 4.021203 4.233877 -107802.304608
69.545598 67.985116 6.385323 6.847306 -107114.747827
67.559720 66.568736 4.450188 4.812616 -107647.010558
67.650775 75.164968 6.242815 4.700710 -106639.635981
59.527300 79.363910 6.737798 1.514374 -107841.294854
63.292375 67.459480 1.183324 6.430301 -107687.495404
55.066363 77.504100 6.468062 6.305604 -107751.234416
74.063121 67.000476 4.606868 4.903263 -107617.590662
59.140297 68.219574 5.030903 5.265198 -107610.700909
58.669879 59.141888 1.790341 4.380080 -107853.247401
67.872106 69.016180 7.212348 5.699567 -107156.006662
61.223723 73.848673 5.973742 7.057022 -106816.643544
68.840326 75.298381 11.540165 5.158742 -105983.052067
62.815868 83.356839 4.339143 7.185946 -106869.626535
61.726862 82.836116 2.442372 7.982238 -107142.580595
65.036578 73.896076 3.319490 3.898659 -107447.393128
51.576958 67.795333 6.615550 9.419550 -107871.299077
55.981943 56.141916 2.223148 3.472264 -107869.652411
59.339498 71.301271 3.749941 3.902897 -107719.170396
55.060449 67.906770 4.992643 6.776356 -107474.237823
42.770907 64.564535 6.295532 1.933802 -107898.373346
64.767236 67.500972 2.829811 6.200824 -107489.206875
68.121821 74.948639 4.099134 5.757134 -106687.170095
60.988311 67.056567 7.005850 6.263618 -107628.356548
65.207850 70.584651 6.730678 5.080517 -107173.330209
49.874566 58.278890 4.399344 2.661956 -107802.392505
46.584241 53.964071 1.806867 7.218438 -107828.395017
69.069288 70.840859 5.464940 3.491087 -107394.981127
55.723912 84.783221 5.235306 6.054522 -107895.515595
60.107911 79.678873 6.038043 4.228179 -107502.169767
48.127719 72.345954 1.640000 3.601939 -107856.079515
65.633989 77.066727 3.127642 6.857081 -106752.010454
66.081286 70.792854 1.818644 5.659987 -107498.638757
42.922538 60.580935 2.903785 4.671140 -107824.734932
62.703445 77.974606 4.143181 6.771748 -106778.036691
50.245721 57.554638 4.543468 2.250782 -107839.013509
66.188936 69.641808 2.330837 5.311095 -107510.699732
52.689394 63.356540 2.149677 9.557548 -107489.752842
57.646227 86.282232 6.681111 8.024562 -107895.550507
65.202520 79.025859 4.722726 2.760240 -107515.346905
59.271687 88.560298 4.797205 5.586765 -107832.419696
61.286285 82.148234 2.339756 5.913406 -107447.131412
70.991096 69.302955 6.976102 3.262278 -107543.690867
61.837077 67.656448 6.588781 4.392304 -107769.256414
56.651216 67.578797 3.800149 7.833086 -107331.845552
51.777233 68.298805 7.686937 4.527057 -107776.074223
47.171860 62.717315 2.548350 3.252963 -107779.330288
44.069097 53.214761 1.325405 3.766981 -107897.588896
65.607943 72.239720 5.530666 5.538501 -106895.708585
62.320014 68.953649 8.760580 3.285515 -107856.953240
62.942496 74.152357 4.120222 9.561737 -106361.543501
57.275546 79.776414 7.636675 1.873346 -107890.327724
47.318679 51.098971 1.528407 6.312027 -107882.246791
48.788981 72.481048 5.879677 3.969566 -107886.342308
63.000128 69.526456 9.482699 8.196985 -107396.165771
52.757159 77.041962 5.517161 6.884471 -107800.191147
45.198701 69.314264 2.286226 7.008297 -107724.962369
49.287788 75.845494 4.700396 1.611467 -107893.497476
68.418986 62.899785 2.079289 5.245384 -107834.359106
59.046962 73.463380 7.415452 4.979155 -107547.306759
54.730642 85.051748 1.919587 4.200719 -107882.597162
66.789763 65.466657 2.107434 4.616425 -107789.855179
65.588722 75.351620 8.792204 9.378542 -106015.103071
60.123729 82.673434 9.963896 4.818441 -107748.533565
49.390629 60.471907 7.701568 3.764997 -107698.077080
67.786175 75.580155 4.366919 3.225919 -107345.138709
66.794005 73.965605 8.343894 2.915990 -107269.619610
69.727885 73.361060 5.066921 5.693560 -106603.449200
64.658352 70.286775 5.686860 1.068662 -107868.062034
67.753604 71.599522 4.665006 5.084543 -107053.501728
67.950896 70.818501 7.902716 8.961321 -106423.309820
55.261280 75.388817 1.502478 4.978518 -107786.337671
56.887299 74.584856 7.632809 7.061076 -107504.790477
62.627653 74.208019 2.747400 7.656730 -106984.107885
43.711579 59.618468 2.742400 3.269802 -107858.643232
55.879129 72.134743 6.241768 3.502627 -107858.082261
51.440933 68.666371 2.476429 3.353493 -107806.805488
46.608959 66.711763 8.210287 2.833731 -107862.355109
61.016134 81.176052 9.434587 7.210939 -107127.956636
62.301660 68.507615 3.037557 5.388855 -107573.931673
46.205624 60.833365 2.615284 6.632257 -107684.646501
64.314724 76.067316 5.982851 7.020893 -106289.089930
56.907982 56.852901 3.227497 7.072958 -107815.595070
61.955097 70.598080 6.129017 8.516989 -106753.142162
63.449616 77.410528 2.681319 3.331540 -107622.774932
69.453763 68.016135 2.935534 3.592810 -107710.518778
73.037735 64.820946 3.490232 3.840323 -107826.871361
48.299169 72.289353 5.292659 4.993718 -107854.520653
61.635139 77.445710 2.077347 4.473371 -107599.625754
72.465633 68.930287 2.152536 7.993994 -107248.277637
64.124345 79.699711 3.872603 4.811182 -107148.169735
71.348060 71.398635 10.052281 7.263819 -106559.754411
60.567032 85.784681 3.719497 4.087042 -107744.448693
47.595997 59.975903 3.819575 5.860465 -107667.225644
56.263250 58.530659 2.173640 4.374597 -107811.722396
69.135304 70.693601 4.769632 3.774869 -107391.057589
69.451547 70.831602 5.814320 5.377824 -106920.159973
71.443228 64.675965 1.891641 7.425009 -107606.131630
60.963817 76.622308 4.164706 4.576295 -107420.180016
56.672751 89.893432 2.113325 6.914774 -107812.069776
59.320053 74.414373 4.174495 7.111626 -107093.674282
67.957787 69.581258 3.662538 1.966146 -107792.099404
60.432227 75.644002 2.532797 5.056516 -107532.711357
71.405926 63.224441 4.288777 5.365831 -107850.605065
60.866767 63.649125 6.284762 6.844149 -107829.114313
64.555735 71.260981 3.284407 1.801328 -107822.689763
52.968777 76.605155 4.355951 5.192617 -107811.343686
42.094145 72.884178 2.270708 5.101144 -107883.909441
44.865625 69.417353 2.475838 8.006015 -107708.593325
57.295130 82.995634 5.011956 4.322150 -107817.963599
63.956896 77.488171 7.252826 5.509152 -106571.839199
57.548912 79.188618 6.125296 1.380055 -107884.014445
53.672579 58.548055 9.326373 3.518176 -107896.596505
61.475681 84.511400 2.759925 8.539237 -107102.960062
44.738102 73.180686 1.410789 6.705758 -107821.442881
58.935149 56.998932 1.968349 3.454946 -107895.079573
59.093698 60.754398 3.354409 4.846721 -107825.178192
68.270208 75.943771 2.010933 5.321445 -107273.175908
50.065046 57.950072 1.818729 1.744597 -107879.018469
63.637054 74.690883 7.052646 3.267392 -107409.357956
62.840321 69.081090 8.016212 2.951667 -107827.468110
50.591780 74.642140 5.003089 5.443542 -107855.494977
42.146290 59.937468 2.720003 6.352831 -107824.583404
59.664620 69.657760 6.144679 6.053374 -107430.866257
58.254901 78.761932 4.740091 1.898656 -107847.805522
42.508688 70.054976 3.215354 6.431143 -107846.205954
63.298837 81.610564 6.519901 2.496339 -107623.083317
58.748947 80.725273 6.266422 4.616519 -107621.365378
60.053259 75.077051 4.879738 5.018575 -107391.335726
59.785887 76.066312 1.174106 4.668034 -107752.142981
50.391262 62.680401 2.646076 5.051344 -107643.716726
68.546388 67.254885 3.540725 9.789836 -106880.781006
48.754688 70.461886 2.747971 4.600342 -107767.701436
53.449714 77.907723 2.542674 1.950114 -107898.177417
60.924490 73.286483 3.746284 8.851786 -106729.485807
66.952526 69.079660 11.003439 4.715246 -107567.927843
63.926327 69.305375 2.265742 7.733776 -107261.828537
50.555651 69.723905 3.002937 4.315096 -107751.280143
53.933919 60.529600 6.448374 3.558402 -107707.958899
61.637566 73.202517 6.755841 7.989349 -106632.908542
62.298156 74.376767 1.755613 3.566406 -107734.771954
53.146767 81.788428 2.968151 6.870206 -107758.043145
61.848681 68.256863 5.891997 4.809494 -107644.386627
57.326499 59.711045 3.109420 4.605452 -107796.446799
69.244529 65.923923 5.416352 5.582168 -107611.900676
72.519948 70.448548 8.577824 5.213664 -106992.691427
56.492480 67.804354 3.431546 5.277756 -107632.910006
52.352538 50.089069 1.672587 6.662271 -107894.417583
50.451494 77.138628 3.982224 2.289911 -107897.020859
41.178351 63.096773 3.583460 3.708457 -107874.005884
58.205438 59.651687 1.303801 2.161583 -107891.533200
54.424317 85.252897 3.022004 6.909175 -107787.164984
61.779646 83.343657 10.922088 4.969639 -107568.489162
61.169570 69.429064 2.218706 1.849914 -107878.719079
59.386610 68.350739 3.287513 7.353006 -107332.259361
63.867479 80.876153 2.156820 3.322786 -107671.598751
66.541673 67.511986 3.753702 3.573529 -107744.536779
60.792366 84.119134 7.706575 2.519873 -107851.765157
62.303703 68.404787 6.298555 8.087196 -107078.656013
53.343079 80.868889 4.623599 9.580419 -107573.424678
65.114269 74.943960 3.897713 6.332017 -106772.185819
68.934823 68.002190 2.778792 2.779331 -107793.165952
58.526233 63.947626 6.057344 8.536565 -107646.286657
53.706529 64.645759 5.458072 2.078194 -107807.684652
45.438841 59.418548 1.428821 1.236767 -107901.260016
50.499731 63.879078 5.056765 4.081048 -107608.490234
68.601629 69.914027 3.009087 6.687965 -107136.524797
55.173065 71.999101 1.934412 6.716339 -107599.252930
49.422406 72.208640 5.101162 8.627325 -107733.082723
44.049202 66.278657 2.964850 7.126193 -107719.289208
54.115392 64.688336 5.050000 9.296749 -107495.349716
54.813937 66.060922 3.879024 1.347445 -107877.201213
70.823987 72.907168 5.747960 7.817576 -106113.096233
63.578752 79.793013 4.059343 6.477163 -106786.431184
56.640467 65.595633 2.787481 5.895143 -107620.079980
63.060767 66.283516 2.947851 4.857393 -107734.609392
70.495090 71.843650 6.615924 4.265318 -107004.990577
61.277852 83.000348 4.314985 8.020563 -106886.362329
50.204663 75.831309 2.429508 4.337478 -107850.236023
53.479927 72.805521 4.895585 7.662207 -107475.099914
66.258350 66.833471 6.213178 4.799521 -107676.293948
59.863731 74.122019 3.942736 6.461585 -107200.312252
69.893842 70.632026 6.202239 9.643102 -106295.860927
45.441436 63.803390 1.281394 5.276455 -107788.690352
63.265925 82.707781 4.935213 5.911871 -106962.577941
50.587572 73.373879 5.652086 1.637722 -107885.141296
57.552112 64.854699 1.920864 2.003190 -107881.068141
46.941000 65.240180 3.040953 4.772071 -107692.008618
67.369696 66.071845 3.572393 1.707436 -107895.442394
64.418353 76.706507 11.662766 5.000058 -106608.716833
65.536598 66.919891 1.490570 6.036468 -107675.922104
60.906976 81.719044 6.881728 4.095865 -107506.758923
66.680543 64.803230 2.329919 2.426265 -107898.695141
52.924540 75.459218 6.156331 7.415383 -107764.926544
70.826500 66.187871 2.953336 4.269938 -107736.461482
63.030864 68.667016 3.583041 5.059588 -107566.717177
60.802622 77.085833 2.323607 4.538410 -107598.637959
69.664007 70.293314 3.700841 4.235047 -107420.440584
62.209817 75.522187 10.822495 2.124461 -107735.344908
65.913358 74.074152 7.636009 4.779359 -106719.575380
55.719184 56.155298 1.292529 6.883619 -107809.530763
43.403968 62.273278 3.853087 6.084369 -107781.954879
63.796096 74.267449 9.923630 4.086779 -107136.006677
56.157188 68.924050 5.554476 9.381863 -107225.250296
59.111177 76.493592 3.575734 6.949906 -107185.834675
69.415041 71.607351 7.381350 5.801124 -106582.597803
62.304092 73.894820 9.375025 5.325539 -107097.003444
42.365203 66.171307 5.557086 3.557835 -107899.399957
53.310074 67.942361 2.271134 2.420023 -107854.961181
63.735249 72.084663 3.312451 8.522359 -106745.964063
55.036743 83.069506 2.974513 8.691329 -107505.660900
49.267414 63.042415 7.431789 6.727094 -107863.380721
72.372949 70.486009 3.648027 7.650153 -106839.522412
40.319360 65.712098 1.817264 6.146469 -107839.268528
67.865647 68.208812 3.816618 2.303157 -107807.058272
67.167120 77.171132 3.846612 2.769922 -107520.494837
70.256078 67.522241 7.019604 4.774963 -107530.084715
54.890792 66.933376 8.220497 2.890470 -107834.845396
58.809589 66.163257 6.609895 4.025154 -107841.837242
60.357630 77.617660 6.473993 5.761515 -107125.612753
58.531110 77.771317 8.963179 4.178735 -107749.383678
59.885241 85.044828 4.552605 2.247085 -107882.879413
45.449997 70.194658 1.100601 2.822959 -107885.814693
69.881771 69.915652 8.456914 3.189526 -107461.800368
66.562356 75.189391 3.724022 4.370662 -107172.706744
48.561373 56.806794 1.609297 1.718857 -107891.082042
59.300894 83.110598 3.597152 4.221607 -107709.172962
63.745263 62.801518 2.388544 4.744200 -107864.276975
56.378018 74.369549 8.204222 8.288573 -107620.795468
65.186861 76.285428 5.927374 6.426293 -106316.627762
53.272219 68.936602 6.836493 6.965117 -107669.064146
62.338859 83.241748 1.867010 2.067660 -107856.226927
71.805219 69.027511 4.410055 3.741096 -107566.278991
49.677256 77.376346 2.829760 5.125316 -107864.546597
57.671136 54.168834 1.442858 7.371847 -107849.471093
62.592578 67.344675 5.169873 4.216986 -107754.749483
48.280827 69.878764 5.581692 7.272654 -107783.135264
56.880375 63.640295 6.652240 3.341102 -107807.457760
54.528462 70.466857 5.664059 2.463411 -107875.415621
66.767631 72.678801 7.493401 4.438466 -106914.239341
51.243644 71.520295 5.102275 2.870976 -107859.235928
67.642365 66.268462 4.267761 3.285386 -107820.055440
62.202738 68.466172 2.691893 1.447600 -107894.890502
69.848803 66.287472 5.336127 2.770292 -107840.484392
59.461459 69.466761 1.530776 6.753145 -107596.161861
62.474639 66.532491 5.013106 7.221147 -107371.233219
54.138108 69.778107 7.066702 5.256886 -107749.800118
65.387372 64.106100 1.448710 8.148642 -107612.645028
58.460803 81.477056 7.516686 7.347103 -107445.183007
55.965652 79.541245 3.826692 8.612991 -107270.952160
71.210747 66.864374 6.781279 7.011315 -107368.898906
53.652691 75.786040 4.873647 3.655966 -107874.260623
55.908074 61.218023 4.467364 5.282344 -107693.856560
57.971701 54.902948 1.506652 4.438581 -107889.182937
58.906498 75.211795 3.702835 1.506170 -107887.179060
47.439612 54.700499 3.001009 6.278298 -107834.706265
48.647251 72.147416 4.648180 5.046897 -107808.193135
64.355718 63.274190 6.187033 8.009727 -107809.735072
50.795452 65.056308 5.955674 7.303675 -107633.529516
57.997848 60.820854 3.629495 1.778274 -107879.565490
60.866444 63.563496 5.117871 4.423893 -107893.220158
64.368264 62.051911 4.009768 7.837686 -107687.649614
67.554418 65.887389 6.069332 5.215317 -107711.355197
62.476049 82.746767 11.729161 1.558676 -107877.188684
63.251356 75.964088 8.408596 3.893020 -107179.041321
56.803534 64.217286 5.915224 5.961405 -107677.439207
64.628887 67.815886 4.163596 5.360396 -107518.259001
50.831308 71.493386 2.123750 4.752553 -107777.998260
72.275881 68.168357 4.147490 3.937282 -107618.116729
48.900192 64.652465 6.122674 1.250279 -107860.443353
65.657004 63.215267 2.187674 5.050416 -107840.283892
60.562040 80.152971 4.581539 3.495065 -107622.931305
54.312319 60.627395 4.543208 7.123880 -107647.993314
64.246253 75.531835 3.319058 4.262272 -107367.394313
56.333925 71.157974 7.219815 3.025365 -107895.085991
63.838269 79.010746 6.211896 5.849364 -106584.177967
60.904336 70.290566 5.449843 6.695717 -107180.431452
58.963905 68.614531 7.996849 4.878709 -107797.285669
58.680694 81.937409 5.599049 8.026243 -107156.974813
49.565524 62.846394 3.146842 5.607493 -107597.909273
56.655773 60.196989 4.538544 5.685050 -107753.103888
53.537218 62.419550 4.328979 4.734146 -107613.541912
63.660956 81.376846 8.447243 6.312147 -106522.677104
51.738949 72.798184 3.457641 2.829919 -107859.798139
57.203877 79.582216 2.599039 3.569561 -107807.052733
48.377967 62.163566 6.917871 5.438743 -107696.864906
56.069654 66.179614 3.613820 2.472901 -107833.697321
59.064085 70.087509 1.968446 5.439733 -107662.707290
73.130586 67.843672 2.883095 3.643133 -107731.350618
61.032494 69.281915 10.125220 7.334333 -107807.256851
71.120033 69.716015 6.341639 7.393667 -106706.645959
68.886919 75.209091 2.986508 6.342624 -106816.041849
56.402674 83.994661 1.287004 2.833458 -107894.152162
51.912509 76.511817 4.700233 3.345909 -107898.918482
69.552217 73.484768 3.810596 9.893779 -106167.174319
59.223506 64.790400 5.877719 3.574711 -107871.774846
64.726419 74.418555 3.704361 4.169997 -107344.303045
42.046084 59.794933 1.025093 4.483874 -107871.665924
51.239740 78.187553 3.177016 7.775756 -107691.107257
64.437848 64.646656 7.685222 8.872747 -107889.415866
48.144926 65.868270 4.923660 6.423853 -107611.712216
54.738466 88.664146 1.975315 6.326990 -107857.164688
56.868669 68.866719 7.381923 1.440110 -107878.604016
69.526317 62.920355 3.082742 3.942353 -107895.809034
46.105159 79.107964 1.991072 9.361389 -107797.175487
59.497605 79.209558 5.886353 5.209477 -107389.124226
50.955423 75.144734 1.883503 6.446945 -107746.192721
50.884547 61.275615 2.159757 9.318733 -107571.971254
43.113703 62.782243 2.816939 5.412413 -107779.244623
64.375425 61.086877 1.645826 4.834045 -107889.257552
64.556236 72.281076 1.009220 5.065017 -107697.194546
51.838851 71.403560 4.850508 6.404937 -107635.090871
44.702571 73.880969 3.650280 3.229331 -107900.770920
64.723230 71.785375 4.616238 5.860874 -107019.111545
72.325032 70.331765 6.263710 5.060347 -107077.316160
51.417985 62.344002 3.319161 2.978140 -107738.584799
68.214958 70.798653 5.312456 1.995389 -107703.656527
45.710361 57.225176 4.998983 1.366853 -107893.492933
65.187639 74.290008 1.763445 2.707881 -107763.264195
62.085780 70.065951 4.883613 6.913785 -107096.128024
64.381498 62.822556 2.131250 5.682293 -107808.876640
55.336675 59.071033 7.969543 3.381648 -107865.868508
55.032903 71.518975 4.685387 3.890605 -107793.424533
63.025307 75.702666 6.485057 4.013488 -107243.943436
42.173821 67.959408 3.400184 3.868511 -107865.584881
37.210231 67.972357 1.008429 6.848071 -107883.640905
73.714082 66.855593 5.213130 4.491104 -107668.740613
66.778407 72.733587 2.536485 1.190877 -107858.268607
53.103133 52.251119 1.751288 5.682506 -107870.650751
61.255588 71.556298 4.050675 3.595491 -107684.594493
45.981570 61.198754 1.934589 2.538140 -107851.652588
44.677437 60.794647 3.200405 2.631838 -107848.549565
69.907609 69.504555 8.295857 7.647827 -106811.413832
42.153330 62.323506 5.579563 3.063009 -107898.073313
43.316117 63.586655 5.430749 1.377106 -107888.252567
67.093758 69.782940 5.592104 4.194719 -107394.908528
44.161866 58.368143 1.851985 3.061669 -107875.754054
68.020400 74.772702 3.403269 5.339187 -106959.566853
70.131481 72.652184 9.133937 6.060628 -106249.477420
58.554243 68.030784 2.656991 7.903554 -107352.127200
67.162157 77.246665 7.365262 5.816174 -106020.193670
53.974023 61.546355 7.612606 1.596977 -107832.712819
45.403936 65.996059 6.347096 5.768988 -107836.508823
67.842401 73.642626 4.455779 5.453495 -106798.486242
55.745663 67.043158 3.570678 2.542979 -107831.194259
52.314643 67.878273 2.401158 5.498375 -107659.352038
66.470595 67.374755 8.027017 4.656517 -107703.533410
56.177269 80.193049 6.018213 6.089859 -107705.343280
60.251580 83.523302 4.606566 2.868488 -107799.492566
61.139578 69.174014 6.065037 9.696849 -106859.423981
60.864510 78.158836 4.841783 2.771301 -107687.121785
46.889508 72.694408 1.403799 6.481193 -107793.672838
63.108863 82.629887 8.168299 4.086745 -107282.426294
55.110340 84.438020 3.698440 5.108977 -107868.267516
61.017845 81.216903 3.714468 6.314045 -107185.769912
50.420691 53.568732 1.881634 9.210490 -107797.084113
45.502895 65.238257 1.749754 3.179165 -107837.261306
70.061269 72.873223 5.647952 5.994108 -106490.338591
61.099668 80.399522 6.957109 6.360249 -106950.251224
59.515623 72.344508 2.932733 5.643441 -107497.642940
59.263658 68.532773 2.351368 7.476407 -107415.265434
60.646414 86.146415 7.578951 5.684356 -107707.708054
53.385295 74.548132 5.397664 8.718313 -107473.297370
57.009172 89.711446 3.450688 6.235143 -107878.603132
71.789978 65.186536 3.920835 6.215040 -107601.526215
57.198874 67.036415 4.376048 6.333402 -107510.206643
65.269829 76.080856 4.411533 7.883666 -106276.674852
53.941712 74.280631 3.476501 7.257795 -107495.072236
65.878023 71.980497 10.622195 6.906132 -106715.837331
62.913103 80.064139 9.233091 5.755378 -106721.339486
