163.498540 145.612583 1.543980 4.609060 -106364.398721
165.651914 145.888737 8.242776 2.454362 -106326.811414
166.986270 146.043943 3.636275 4.413175 -106358.004918
164.348650 148.243617 2.694936 2.823642 -106354.525904
162.868896 144.146485 4.214320 4.360361 -106351.653593
163.858513 144.425230 6.453999 3.148113 -106333.093038
164.498583 145.845148 2.423860 5.361771 -106346.157397
163.692233 147.885428 2.505269 2.228887 -106376.573072
163.557236 143.450543 1.891238 3.600906 -106373.685463
162.847492 148.425296 3.196397 2.806404 -106365.065443
164.900452 145.997022 3.114928 2.503342 -106344.669469
