198.581774 90.038734 7.339927 7.747076 -111091.575015
198.283093 96.165506 2.517544 4.737548 -111071.974871
193.482990 94.388405 2.859322 4.429034 -111091.210001
193.862019 93.470946 2.488579 5.374153 -111068.787529
197.593699 94.980583 4.193412 2.939135 -111025.428744
198.473057 93.228245 3.755375 5.803940 -110908.968205
195.230154 95.800147 1.841481 6.634456 -111104.912629
196.591771 91.474197 6.171960 4.245421 -110841.354131
194.373580 92.500380 2.328815 6.698185 -111057.225884
195.834017 89.028335 5.017995 6.347238 -111027.053736
196.082260 91.444776 3.632448 5.243892 -110952.424807
196.413319 94.206224 5.507609 7.587867 -111004.511030
196.513557 89.222625 5.164360 6.865655 -111017.586458
196.667362 89.277444 2.434864 8.086190 -111062.043817
192.841659 94.455364 5.665907 3.814332 -111086.671732
197.320533 95.345519 2.119044 4.587493 -111091.092145
194.387391 89.258939 3.626264 5.790893 -111057.059908
196.360401 96.824405 4.574885 5.382545 -110970.576966
197.087341 98.796572 3.551277 7.343871 -111075.221651
199.748194 97.018428 5.353495 6.582660 -110919.137487
197.552943 96.527581 3.939565 5.919027 -110958.046712
198.145344 92.472913 4.484291 3.360171 -110966.903999
193.706782 95.604865 2.698488 6.172833 -111076.408362
197.839013 94.642902 6.016664 5.845080 -110826.256076
194.693172 95.327606 2.729877 6.202103 -111042.873717
192.412277 92.852639 3.306939 6.979716 -111082.388477
197.708319 90.285935 2.208364 6.894442 -111058.658334
196.726762 91.588676 4.890719 8.588275 -111049.628948
197.709898 95.751765 4.631012 3.811006 -110950.592161
199.590146 92.345616 2.106594 8.045287 -111052.000574
193.787212 93.142126 4.331299 7.483054 -111062.841076
198.613453 92.969086 8.598756 5.845829 -110799.407806
196.539253 91.952541 2.108506 5.660193 -111060.335666
197.301116 95.410314 4.920202 4.832621 -110880.667324
198.316692 97.926143 4.458343 6.430947 -110992.961613
194.451294 94.946785 5.747289 4.974519 -110959.546544
195.287211 88.233950 4.021676 4.472515 -111097.416749
194.594298 96.158586 3.491257 7.217868 -111049.095253
197.268817 91.831827 2.282726 8.749308 -111042.401913
197.513146 95.438995 2.949451 5.574162 -110994.910776
198.632817 91.062502 2.072103 5.854337 -111078.858020
