27.303811 134.503599 2.767080 5.722888 -106840.649687
29.575577 132.375629 2.534217 6.411651 -106838.001295
29.531303 130.426488 2.546184 4.965620 -106815.737787
28.087751 129.002784 4.272933 3.124731 -106814.296689
30.765691 129.998079 2.109000 4.622515 -106834.928964
28.460998 130.524738 3.484562 4.113021 -106791.757973
29.228417 130.882540 1.840401 5.786574 -106829.544938
28.198407 131.764327 1.848482 4.134779 -106825.929078
26.392583 133.442946 3.987030 3.907411 -106821.389992
25.830763 131.423778 4.724814 3.770763 -106818.822644
28.510746 133.068966 3.765684 3.248085 -106799.000098
29.594054 128.756103 3.401831 4.412711 -106824.796114
30.692404 130.959420 3.720472 2.797169 -106826.164999
29.441314 132.323884 4.792951 2.722874 -106794.507948
26.748508 131.003303 3.743488 2.836678 -106802.475662
28.320800 131.085539 2.896268 3.670956 -106797.232057
25.540234 130.639535 2.830405 5.409300 -106836.916268
28.059538 132.843190 3.042801 5.854774 -106832.480091
25.805017 130.351362 1.863378 5.841771 -106838.879053
26.671139 129.378140 1.846875 5.258435 -106837.995891
28.871313 132.478317 2.688352 4.429073 -106807.501076
25.895380 131.525082 7.969242 2.171382 -106825.218962
25.570101 131.834046 2.631848 4.709277 -106826.784406
25.539760 130.028463 2.547556 4.662801 -106834.813224
28.911269 132.975873 2.822470 2.715942 -106828.941072
29.699351 130.254286 7.102092 2.534355 -106807.922500
28.165664 133.384163 3.590097 2.215247 -106836.133887
29.566368 130.749744 3.922815 3.938107 -106793.929687
25.515116 132.493164 2.748505 5.160717 -106831.757292
28.130025 129.120929 4.803893 3.715846 -106812.535631
29.348963 132.091408 5.315677 2.105718 -106807.066065
28.085323 132.773829 2.492226 5.047323 -106814.835449
27.279760 131.600947 1.871170 5.209335 -106825.374596
26.825054 129.662725 3.923126 2.084188 -106841.016138
28.088453 130.145445 5.046514 4.035144 -106803.879065
28.361898 129.380871 4.501117 2.264043 -106828.064089
27.330906 129.938638 2.938053 5.149182 -106819.448904
