167.777189 159.791794 4.600029 4.372347 -120502.724820
188.977269 161.534042 3.716240 9.572594 -120455.679272
182.218168 155.094827 3.607469 6.944732 -120263.987371
174.503340 157.413061 3.596907 7.279740 -120122.511700
175.712037 167.155815 6.811756 6.780203 -120543.322613
186.307574 152.381131 2.637488 5.601256 -120539.015559
178.426580 168.820851 4.003126 3.658397 -120545.943711
180.332913 163.042038 3.561707 2.567922 -120497.570318
172.630730 154.738453 2.100034 2.991049 -120551.451389
172.484502 162.654152 10.858654 2.579272 -120483.701714
169.063154 156.271797 1.133914 4.973538 -120546.529672
181.716120 162.803093 6.027106 2.264659 -120515.744284
185.412738 163.870425 1.835132 4.903698 -120482.777324
168.832240 158.435848 2.858679 4.805605 -120453.105756
183.234497 164.539961 3.688391 3.220554 -120500.451886
171.218210 165.878382 2.434000 4.983696 -120464.917985
179.389332 154.590498 1.685586 8.621558 -120298.392404
186.935657 161.852380 5.603381 5.497165 -120467.457147
186.976204 157.613234 4.880836 3.509714 -120555.586354
173.126718 163.827228 3.197941 4.803720 -120331.598108
168.172462 156.154332 4.482030 7.054221 -120485.050039
170.024799 163.049849 3.447094 5.911098 -120352.498039
174.122252 158.754281 1.360744 3.910042 -120489.798417
176.138051 163.121559 7.648701 6.428207 -120214.091238
182.185660 158.137467 4.532847 4.215678 -120320.613091
185.214763 160.934224 6.056634 6.248396 -120368.713627
173.726626 161.000594 6.842726 3.984210 -120190.961179
177.751325 157.993316 1.551027 4.192842 -120452.876587
174.069896 160.985118 2.064327 9.431190 -120200.850016
166.781620 156.388800 3.457391 6.887924 -120498.475409
187.632106 156.374645 2.926513 9.517457 -120367.983158
189.839283 155.262201 1.827694 6.218399 -120545.679122
182.298948 156.307278 4.028367 4.803104 -120339.640879
174.149897 159.992002 11.402749 2.069216 -120411.154411
169.017563 161.516589 6.535299 4.595908 -120483.058937
174.493361 167.606276 3.800523 8.557310 -120369.893296
181.550623 162.802540 3.367711 8.109214 -120133.417737
172.952378 158.512894 6.425386 3.883338 -120252.481650
180.965202 168.268868 4.563145 8.586511 -120455.483768
188.537745 160.999211 4.590114 6.271220 -120498.087015
183.334840 156.238450 1.837201 6.148549 -120400.011697
180.380068 155.279855 1.931889 9.481156 -120238.020399
168.892248 149.016442 2.936767 8.573095 -120406.264183
174.737346 162.154923 7.212089 7.256153 -120281.295616
175.249960 152.645453 4.522482 4.172863 -120486.664763
168.079743 158.048078 5.342128 5.595197 -120505.963045
185.670028 161.384725 2.401597 3.698111 -120507.420407
184.816907 153.287404 2.632244 4.811565 -120521.933729
172.052654 167.559759 3.718714 7.287374 -120427.606522
182.095180 164.700364 1.023962 7.062353 -120449.887638
184.810367 160.268567 3.509513 5.105664 -120350.164040
170.307782 157.549355 3.972939 6.219717 -120314.504642
173.448094 159.438667 10.267027 5.820533 -120519.006088
185.929380 163.074249 5.112095 4.742734 -120428.549749
169.369149 151.970897 4.166158 6.789012 -120540.386502
174.484127 158.590133 3.915434 4.058447 -120271.990812
179.775923 164.863349 4.188633 3.366100 -120433.674436
175.565752 154.831244 2.600940 6.356289 -120292.036313
176.078450 164.570695 9.718882 2.993628 -120426.764955
183.050850 162.980607 6.040374 8.843692 -120482.571299
176.918992 163.130287 2.920251 4.711569 -120290.007352
177.270210 156.696357 6.190212 5.828380 -120122.113528
186.504203 163.410745 4.953582 3.341263 -120516.292795
178.381518 162.485043 3.833217 5.258989 -120159.838859
186.730088 155.321807 4.986542 6.198284 -120530.807329
184.016811 161.211817 5.790006 6.670016 -120269.617992
177.298017 153.453152 3.496044 5.666978 -120337.483224
181.908345 163.102255 1.379385 6.299977 -120403.775656
179.468836 159.591547 6.163581 8.675206 -120264.735958
184.213492 164.694041 4.669453 6.077746 -120333.609875
184.847724 163.513380 5.682341 5.181123 -120382.530564
183.289190 162.898478 4.031803 6.614581 -120210.719183
175.461884 166.974336 5.904652 3.456343 -120486.756729
176.372609 154.043924 2.390590 3.410128 -120518.484478
185.831418 161.727905 2.282519 3.006622 -120549.681548
185.229131 164.903999 6.357475 3.570835 -120527.085361
177.716639 166.544608 7.414053 6.359750 -120484.811527
176.081589 154.472635 5.461108 2.527020 -120527.437071
184.341523 159.494184 5.680648 6.828688 -120292.602724
177.268289 167.769005 1.297256 6.180863 -120475.825724
190.916673 161.867329 3.513412 7.821942 -120532.037038
172.463599 158.328710 3.380261 6.893471 -120189.992515
169.035190 161.120105 5.160710 6.679422 -120413.292333
164.753867 163.109913 2.548570 8.858384 -120533.449695
177.281796 158.884524 4.951929 3.647445 -120245.989973
188.545582 157.094100 4.345643 6.455229 -120526.764029
169.432868 168.031067 3.498271 6.339298 -120549.424845
183.809371 162.322731 1.328036 7.835103 -120379.537123
173.466557 156.251158 3.286720 3.107837 -120463.092571
170.146665 156.571129 4.665486 3.583066 -120475.524786
171.261210 152.857642 2.335786 6.337213 -120444.021858
173.170655 161.475190 5.150931 4.775225 -120185.055239
176.809557 165.042712 2.213560 4.463054 -120416.739041
187.126323 152.482731 3.667325 6.904758 -120551.916117
183.184549 156.527765 4.652549 8.061053 -120259.392279
185.098183 159.452592 5.976818 2.224458 -120549.874219
171.928998 154.853355 6.970464 4.728728 -120481.751366
182.663161 161.914855 4.573559 2.195472 -120535.319856
184.664291 162.967465 7.237739 6.258894 -120485.831158
170.922060 155.944473 3.943546 6.303902 -120328.941066
176.298812 164.904330 3.067750 3.672788 -120423.529345
169.253417 161.841748 4.752111 3.806427 -120469.719194
184.316204 165.297727 7.534891 4.487516 -120544.027496
173.533739 161.051278 10.880092 4.136244 -120313.769339
175.789159 164.621269 1.193894 6.143779 -120435.631420
176.731667 165.856918 5.619313 8.880292 -120454.031828
174.024179 164.596008 7.081852 7.456969 -120495.536805
174.754955 147.562725 3.666737 8.775010 -120440.007021
173.238768 146.239921 3.011889 9.468877 -120348.009508
180.546563 152.935273 5.374396 7.664042 -120425.297373
170.963190 152.234729 3.093913 7.463449 -120396.580258
181.716406 165.488851 6.360512 2.799216 -120531.260702
170.253811 155.824753 4.704238 3.383363 -120504.719480
169.665196 156.452758 5.162975 6.251601 -120426.363177
168.798208 157.876385 3.695774 8.925377 -120353.036889
172.849596 149.496669 3.494443 5.960373 -120548.316498
169.888677 164.784046 3.921006 7.263384 -120395.504101
182.464722 166.205895 2.930855 6.366280 -120336.939679
171.647094 154.694314 4.744311 4.267180 -120451.406788
176.903965 158.411377 11.139714 4.862728 -120312.771077
171.087211 153.717951 5.853132 5.357957 -120536.321942
170.537438 160.491416 3.256928 5.037850 -120346.773985
174.648009 152.166460 3.668211 4.733499 -120478.599114
180.921110 167.112237 3.678226 5.196090 -120396.545612
177.304475 164.907108 6.170089 7.197691 -120249.287216
172.012498 166.600894 3.696075 4.118747 -120488.139241
180.332351 158.692154 10.310941 3.622372 -120324.765636
179.071771 159.796726 4.485820 9.180353 -120097.177314
186.357192 160.763124 1.125320 6.839873 -120473.569803
168.059784 158.321311 3.847244 4.662925 -120481.012686
177.275174 163.524943 1.401338 9.336445 -120299.725950
170.414589 162.961860 2.062525 5.880209 -120404.104882
175.972974 159.797182 6.288818 7.283655 -120088.613279
169.735783 154.973943 2.450947 6.768480 -120406.074598
171.314038 151.861872 4.524773 9.636384 -120423.277095
170.577347 158.516191 5.092491 7.019901 -120303.660524
185.708557 153.978529 4.196038 5.086248 -120525.224882
176.594058 160.129381 3.519046 8.846232 -120055.932572
179.364021 169.167323 3.165204 6.714541 -120413.272292
170.137895 154.407148 3.380760 6.289059 -120416.020539
179.610143 157.782993 4.911001 3.506465 -120324.647280
166.350025 162.793462 2.135806 6.443412 -120504.939355
177.039859 161.718612 6.327363 3.200563 -120268.538357
176.333945 165.314415 3.391697 9.866098 -120226.709366
174.750450 167.465752 5.095086 4.082391 -120476.177848
176.158882 157.687823 7.664541 5.928538 -120147.721619
178.774178 157.970172 6.439593 2.047823 -120475.913573
186.182456 158.721665 3.345812 6.675684 -120340.809697
189.104699 160.547727 2.293229 5.945425 -120489.995759
164.896593 160.872068 1.066313 8.091288 -120530.463322
180.495364 161.045666 1.377528 3.693225 -120506.457518
180.870023 158.453712 2.139179 5.245537 -120343.594542
180.262304 167.928520 4.643571 6.533729 -120386.969443
188.089188 156.409762 2.634586 6.928259 -120450.116172
177.721158 158.923998 5.091122 5.341524 -120059.198581
174.151054 152.926291 2.000929 6.698376 -120395.646743
175.945405 167.751587 6.540207 4.539293 -120505.038506
175.977817 169.476061 2.354766 6.796638 -120444.920318
175.289582 166.690156 3.210800 9.584715 -120291.575242
180.055809 154.798275 4.868417 7.837696 -120236.401814
175.433169 161.514525 5.687499 6.434045 -120039.306975
167.257816 159.606553 1.335470 8.533569 -120448.098397
174.460908 165.846107 2.015702 5.087622 -120428.543062
178.651456 164.604907 7.591697 2.630038 -120454.212693
171.710024 155.712851 5.494512 1.931394 -120551.839589
175.294221 157.118483 4.268863 1.654809 -120556.689985
178.999968 158.107663 8.510166 3.038052 -120317.546399
187.149527 164.404805 2.591647 4.463427 -120508.511780
177.418727 151.720686 4.854269 4.331834 -120521.061996
171.797092 146.464155 3.704820 9.451650 -120382.368610
171.830759 164.745048 4.654969 2.236531 -120553.876671
182.255452 167.054060 4.592441 9.768975 -120495.315113
171.935984 155.085023 3.713674 5.552796 -120356.228879
168.620875 152.918026 3.543536 7.731024 -120456.033629
183.133603 164.603201 5.160998 3.148526 -120493.275881
180.674317 157.207565 6.755921 4.130250 -120279.865311
175.777126 160.763755 6.281334 1.866175 -120474.570378
174.384632 156.166539 5.851493 9.654315 -120483.648496
169.901424 163.798746 2.730290 5.461944 -120415.815807
172.101321 157.466215 2.930155 5.244494 -120324.794126
185.606068 159.868370 3.482522 8.796164 -120262.103673
183.204196 163.075875 5.724211 2.169632 -120554.000112
181.874148 163.793041 6.002961 7.395254 -120272.693306
180.017696 158.498471 6.632880 1.782894 -120514.261336
176.365229 151.407735 2.930094 9.995070 -120231.224617
176.335100 165.185915 5.512406 6.751089 -120208.870433
184.813727 152.531737 4.156780 5.165238 -120545.897498
170.749873 157.231077 3.184543 4.415422 -120412.615405
177.371389 165.643093 6.267868 4.414525 -120324.215173
172.656890 157.276426 9.193935 3.650731 -120371.621219
168.825743 159.265744 1.966376 6.678368 -120411.112990
173.996383 151.095044 2.705621 9.236349 -120276.809623
173.513305 162.148771 6.364029 1.463274 -120552.857463
181.462031 150.769208 4.221854 9.164279 -120467.483348
175.900585 167.291114 5.680401 4.267372 -120450.106888
173.120246 153.447802 2.056264 4.952992 -120479.349999
173.662289 159.657877 3.098399 5.135629 -120244.173714
167.733334 161.804871 3.846467 6.371689 -120444.231952
180.850913 163.292454 6.593262 3.846668 -120310.803919
175.625935 153.616301 3.405711 4.243681 -120441.374621
179.111453 154.448484 1.963994 5.828422 -120387.668687
166.281537 161.897106 4.266414 5.865711 -120558.536883
183.517854 163.282477 4.115038 8.004281 -120215.435436
172.559836 150.109489 1.382377 5.861768 -120545.159016
180.847309 163.336227 5.015827 5.350912 -120180.606771
174.577735 163.496310 3.588632 7.522828 -120141.555156
177.497010 157.594618 9.960709 2.390229 -120414.627822
174.753236 162.092772 5.138349 7.509193 -120099.665869
179.096277 168.089240 6.047253 7.004782 -120523.342263
179.948035 152.650636 2.861223 6.391154 -120368.155454
168.713212 159.669717 2.334917 3.264160 -120546.154743
176.911796 152.297410 2.795329 3.536824 -120544.768156
176.372053 151.922260 4.653999 3.853586 -120538.131917
174.623596 156.391746 3.499499 3.048438 -120447.436595
171.442926 157.357546 2.374351 2.480799 -120546.365690
171.002849 155.977636 7.657796 3.586964 -120500.420772
168.812874 166.261139 3.947610 7.208092 -120521.222390
180.654533 151.610323 1.374062 5.403110 -120527.079588
178.747051 159.196284 3.806451 8.944526 -120055.810960
177.102545 165.926056 2.691197 6.312814 -120291.611099
172.100371 164.252236 2.248050 9.602784 -120282.750133
182.108525 154.240354 6.299657 4.042979 -120497.000660
183.941598 158.939942 4.075108 4.923162 -120323.427511
177.727839 154.233579 4.109230 5.512795 -120291.636645
174.108329 165.807293 6.243596 5.980915 -120354.508649
180.658727 160.121799 6.269209 9.387232 -120463.700170
183.638248 166.423397 6.581359 3.848711 -120548.182715
170.670726 151.935321 4.225338 9.786546 -120388.760491
183.450230 164.606145 3.694611 7.335985 -120252.091993
174.297641 154.734230 3.422903 3.673783 -120451.489312
172.795251 161.109724 10.407724 3.231724 -120352.058426
166.916452 151.584365 3.606086 9.198770 -120456.090168
190.374663 155.657612 3.405324 9.610131 -120525.969278
168.589317 155.289820 3.607373 4.169726 -120541.772420
180.275081 161.137266 3.320983 4.764992 -120252.117543
173.174203 165.957213 4.389103 9.056162 -120396.097336
170.128808 162.352065 2.816038 7.058066 -120316.538064
177.170305 156.972343 2.050586 3.573296 -120462.736114
189.350884 156.856799 3.070185 5.761014 -120531.718482
181.765748 154.151007 4.110353 4.704535 -120417.540927
166.340988 163.770310 2.017596 7.866428 -120485.913634
174.904999 159.840257 8.835255 6.762032 -120393.039184
177.935640 157.808433 3.323924 5.814898 -120161.046042
165.905811 152.964084 1.697659 8.287922 -120476.256987
170.532904 156.526480 4.121400 8.474945 -120302.759845
173.464941 163.809196 3.725760 5.555241 -120243.301847
180.936025 148.330651 2.083791 8.828094 -120432.766050
171.601315 148.126267 2.822985 9.633982 -120305.761593
176.980906 152.129889 3.733116 4.025278 -120510.234228
176.853753 158.593781 6.782599 5.265097 -120048.639797
176.358967 161.367110 9.298617 2.762343 -120299.058924
177.681661 157.799515 5.873029 3.895184 -120213.120436
183.003487 154.750414 3.300880 5.405051 -120390.968303
176.481069 154.403143 3.500518 8.808685 -120170.360695
184.177134 153.082260 3.583391 5.242856 -120490.713640
166.724019 149.424393 2.817462 6.958162 -120554.029040
169.598868 164.387331 2.944228 8.457746 -120366.380879
168.778476 149.048178 1.221475 6.722753 -120550.210695
170.694511 155.833092 7.316434 3.425164 -120518.738291
168.532130 165.646025 4.076862 5.421191 -120526.143134
179.576905 153.017876 3.431200 7.740768 -120274.143727
187.750890 156.826359 2.498158 5.137231 -120509.600895
183.565097 160.995475 2.188007 5.246805 -120381.299747
175.720735 161.008189 4.928503 5.126001 -120081.222300
171.638513 156.118924 4.454534 5.124944 -120338.675709
174.770858 163.628836 5.436809 2.421901 -120459.218427
171.569883 148.556473 2.301751 7.440157 -120465.380750
174.767597 158.725341 7.894692 5.604667 -120139.234293
177.212200 169.345157 2.446470 7.948913 -120393.756679
176.665493 149.676053 4.132024 9.305074 -120409.533356
179.577037 159.840267 3.056480 4.984585 -120239.242515
185.098017 161.602306 4.573175 4.522613 -120382.955129
178.697079 159.246244 5.281670 5.614182 -120041.900609
178.279485 162.305288 9.154325 2.021048 -120455.110057
172.704863 162.756949 4.393129 4.712446 -120265.228858
184.760615 162.295475 2.991865 5.262108 -120366.548181
167.186484 158.596042 5.203409 5.777118 -120555.730800
180.437347 153.014246 2.468504 9.032671 -120263.585050
169.882266 157.558440 4.294268 2.936769 -120507.854594
173.810615 166.869399 3.684170 8.757282 -120342.250641
176.994560 154.507554 7.645488 3.676800 -120442.734881
170.886192 158.282813 2.352347 3.336141 -120498.882938
175.634407 151.363436 4.178915 7.357574 -120387.708254
175.396715 159.255490 4.514930 8.429494 -120074.333451
178.155251 165.692874 5.342409 3.698924 -120395.353564
177.166437 153.223364 3.895121 3.124927 -120532.140666
177.960931 161.938088 1.749573 3.437977 -120480.328460
181.165551 165.886036 6.128752 6.203111 -120343.909574
180.973705 155.630781 2.792879 7.045299 -120241.047934
180.515812 151.933098 3.532578 7.450463 -120356.642272
173.227371 157.649979 5.193798 4.098094 -120269.669995
183.650549 154.673619 3.457292 7.626468 -120307.841682
171.263312 150.687210 1.064953 9.141385 -120435.074181
174.574090 161.694636 11.423858 5.263426 -120490.884145
172.752403 154.930366 3.194823 4.203074 -120436.423913
169.941507 155.325380 4.931005 3.134441 -120544.556010
174.745659 163.612444 4.644500 5.310924 -120178.229858
168.518962 164.608112 3.483926 4.286613 -120526.543801
178.033164 163.515115 4.088515 7.870126 -120086.191243
183.036988 151.055786 2.091797 6.956605 -120465.291136
172.071108 163.913053 7.391401 6.811371 -120530.017860
182.373914 160.049882 10.121412 4.052527 -120409.723965
177.080499 162.705559 5.912205 9.165118 -120354.511262
