11.654981 127.406492 6.733275 8.510053 -113162.689044
117.463264 122.115387 11.864783 8.714119 -109172.769079
85.335344 81.873171 8.364431 6.458490 -113920.576144
65.126883 169.752287 9.439668 8.621328 -112319.902798
53.139485 171.518551 9.439668 8.621328 -112319.902798
99.589114 48.148664 8.336782 5.620879 -113609.834710
31.976575 95.593331 6.654798 5.192612 -114596.260955
151.400505 67.510863 6.227225 9.590755 -113532.320897
73.212832 46.693907 5.598735 4.951436 -114801.745615
198.253712 128.598232 8.501231 3.821657 -114644.546903
193.843683 125.319558 7.420760 4.344568 -114639.589674
