95.335023 74.300646 2.834644 5.430099 -107287.250570
89.706264 75.248533 3.307526 6.363424 -107246.490711
92.888188 72.177223 4.468183 6.753798 -107326.287479
91.708756 68.522539 4.568514 6.231197 -107366.069123
89.069074 72.910606 3.798072 8.745142 -107354.325617
95.867492 66.165201 1.513483 4.454867 -107363.564964
92.571050 72.957658 2.450140 2.565674 -107375.103296
91.461600 76.053856 4.042336 7.360477 -107277.258716
92.615066 73.663399 4.062934 6.471793 -107276.046760
90.888146 69.402417 1.870362 8.565282 -107246.900686
95.302419 75.391595 5.077977 3.908140 -107328.784880
87.074647 71.695402 2.135507 6.110001 -107321.291153
92.814090 74.071788 2.782422 5.852657 -107254.275280
97.057470 71.931700 2.932067 4.300688 -107355.007723
91.756387 72.294391 1.882051 3.754319 -107354.183964
94.079509 72.550110 2.450887 7.469491 -107246.169090
91.529073 72.598428 2.948458 7.465207 -107241.895412
87.486559 69.189587 2.635146 5.594836 -107355.435251
91.572264 75.566109 7.819337 3.157229 -107372.551007
87.492724 73.338869 4.575037 5.138350 -107369.095100
89.641966 70.670492 4.112873 5.315205 -107350.249507
92.840211 75.458124 6.560190 4.888065 -107368.214315
92.387618 75.303649 5.547809 4.168630 -107302.382235
83.509984 70.773438 1.617757 7.137904 -107362.652447
93.362486 73.075483 3.771797 7.393785 -107282.909949
96.585237 75.970361 3.221908 5.430393 -107307.808152
96.464123 71.944688 1.587880 6.202432 -107317.568012
91.473042 74.260960 1.595163 3.582191 -107354.858233
95.915622 69.347083 1.795591 8.263107 -107265.932066
90.489373 67.777656 2.793245 7.172814 -107281.738032
97.098680 75.016873 2.588085 4.778425 -107329.829541
86.061023 71.368431 1.005369 5.494835 -107373.414166
100.294327 66.811753 2.205244 6.884920 -107355.785561
97.559483 73.656254 1.439495 5.362914 -107348.476605
89.910606 70.739658 1.562691 6.286282 -107307.170219
94.132673 70.479594 1.658238 9.067654 -107244.896510
92.233688 75.533527 4.437559 7.707775 -107337.575263
93.858281 75.445600 1.622117 6.384379 -107279.469183
95.818249 71.663803 1.950746 7.268710 -107276.853944
91.712703 75.586886 3.754965 4.992755 -107253.567996
88.956588 69.214337 2.402121 4.448168 -107367.185818
83.977612 73.432329 2.004953 5.223183 -107370.061975
99.127013 77.232045 2.999797 6.060275 -107374.464450
96.008140 77.683214 1.967845 3.384304 -107358.875586
94.917198 74.687154 5.134979 3.316276 -107338.322798
92.394443 69.871293 2.756366 4.881222 -107320.567842
88.572844 74.722249 4.147559 4.749561 -107306.886030
95.170860 75.621168 1.964162 3.889509 -107336.985756
89.963777 73.893168 4.969483 5.823581 -107331.879830
91.116284 68.105392 3.152899 5.276829 -107326.594055
86.004892 69.126663 2.766835 6.895409 -107361.209262
89.589217 75.358357 3.308375 3.803692 -107309.083650
89.020761 71.401192 1.029898 6.851068 -107325.925351
91.392974 72.450285 1.150517 3.862561 -107372.521211
94.460275 71.031703 2.272026 3.146998 -107375.260831
97.614360 72.660691 3.595027 3.866281 -107372.646214
96.678892 70.142485 1.784534 6.340601 -107314.216909
98.630772 76.217559 3.249009 4.391165 -107372.421872
94.737399 69.657464 3.840418 3.666400 -107373.336827
92.203995 67.506188 4.169976 4.284867 -107367.367143
92.233170 68.786903 2.907865 6.869100 -107270.638480
93.183280 74.960616 3.354940 3.248234 -107324.931485
88.420960 69.846318 3.908950 5.506674 -107374.203287
92.493823 67.695184 2.080894 4.613466 -107342.796083
94.332536 72.111613 3.316899 5.409947 -107293.300859
93.381020 68.063384 1.291074 4.024525 -107375.844109
93.859148 69.173713 2.716163 6.181410 -107284.401800
98.112210 71.783539 2.636072 6.253664 -107336.861036
92.373646 73.840142 3.555609 4.368548 -107292.027659
88.132224 71.703304 3.403552 5.925235 -107324.536296
95.977533 74.726273 3.771220 6.373746 -107311.091349
99.280462 68.396287 1.661399 5.759999 -107362.668548
88.857798 65.770984 2.497802 5.625437 -107344.028604
92.488667 67.714476 2.476957 9.418911 -107249.341411
98.655977 72.873175 2.288908 5.021193 -107362.100254
92.628018 65.839603 2.191806 3.937557 -107357.072486
90.916236 68.286763 3.927084 4.441914 -107368.385480
92.604655 73.151434 5.328299 2.579290 -107367.722404
91.395982 73.727990 3.083404 6.661974 -107242.072061
93.858694 71.956861 2.465915 3.881924 -107341.350139
89.325559 69.905850 3.713191 4.848476 -107362.762323
98.745842 73.279459 2.530028 7.594075 -107333.248370
90.904832 68.095050 1.976142 8.314268 -107253.531180
93.247593 74.904531 1.181427 7.977161 -107280.439964
92.978753 67.458750 3.473659 7.199001 -107291.713930
88.815869 72.233887 2.278482 3.880956 -107361.150921
95.002170 68.054722 3.989495 4.808888 -107355.651720
91.757769 71.644179 2.810297 7.489661 -107244.326724
93.916169 75.609895 3.202111 2.982474 -107337.662829
87.737525 70.242525 3.286488 5.145862 -107367.215163
91.340085 75.741885 2.454457 5.001689 -107269.927235
92.454761 67.323472 4.021063 4.039460 -107367.907230
88.542171 72.160823 3.218288 6.352212 -107297.266239
91.991254 74.031139 2.910698 3.176491 -107340.570693
90.758602 68.964344 3.208980 7.132067 -107285.625444
92.695117 71.485830 2.742020 4.329096 -107325.799266
89.163807 69.618215 3.766925 5.524251 -107354.719606
89.687678 74.975662 4.630255 5.590217 -107293.930001
100.941341 69.835371 1.819074 8.351529 -107345.374337
94.514365 74.321671 1.139396 3.572403 -107373.041046
94.510890 68.864612 3.257176 3.664271 -107370.548389
92.781039 76.030750 3.597150 5.145556 -107249.395443
97.618274 78.271487 3.226125 3.781985 -107362.783720
96.766349 71.885399 3.708338 4.019796 -107364.263844
90.828204 72.009480 1.393814 5.376577 -107328.025648
97.117345 74.325011 3.271415 6.964486 -107323.454916
95.533772 76.930825 3.129669 4.934306 -107289.593387
95.613678 76.723280 5.168780 2.942227 -107352.387939
96.216723 75.586210 2.792734 3.098144 -107354.536895
87.096814 71.059351 1.448234 5.784809 -107346.469000
95.720465 76.533634 5.996516 3.979066 -107362.341426
93.552996 71.365526 2.932998 9.029527 -107261.200845
98.953463 78.585747 2.832338 4.899384 -107374.994031
96.614674 75.875123 4.547583 3.352068 -107353.128900
90.151317 73.518245 3.773915 5.359061 -107284.198512
89.883077 69.869410 1.301344 5.404209 -107346.284801
96.640785 73.938966 4.176983 4.230041 -107348.171203
92.922685 74.971318 4.026028 6.626331 -107267.117001
91.848378 72.164060 4.379789 5.722235 -107308.379774
90.703578 66.876085 2.445068 4.744939 -107344.936086
97.075195 74.218542 3.011862 3.154307 -107363.768369
91.720514 76.452137 5.134764 2.940659 -107319.281231
92.249862 75.894293 3.743096 5.863618 -107240.551473
91.480111 71.469380 5.162941 5.207387 -107366.194641
97.119629 67.254674 2.177194 5.727205 -107329.409931
94.072599 66.746982 3.337284 6.755041 -107290.458417
95.961618 76.115359 3.554188 3.353995 -107337.984543
93.336911 72.477818 3.214369 4.900380 -107295.040354
87.998029 68.072863 2.532168 6.379643 -107331.649646
98.801873 74.658764 2.492558 4.619299 -107366.953440
95.693628 73.101974 3.895727 3.865112 -107340.435124
96.011596 75.802840 5.289309 4.014145 -107348.648622
92.164999 67.226496 1.967963 7.412549 -107265.959896
95.088836 74.066083 5.583888 3.214347 -107355.741749
91.063534 75.096382 5.232755 3.941930 -107304.746349
93.760538 70.100214 2.087018 6.380503 -107281.429945
96.863683 73.025019 3.732742 3.582961 -107362.313820
91.954356 67.728249 2.431266 5.802033 -107301.489272
90.371227 71.989227 4.585523 3.826717 -107363.023067
87.274378 71.864369 3.529508 4.861185 -107365.754300
93.132572 74.601948 5.086529 5.767701 -107317.223633
86.093691 74.387238 2.636557 3.413928 -107372.542424
94.635875 66.142851 4.523538 4.877099 -107364.233886
92.713216 67.746392 2.144354 3.913094 -107363.257489
96.312145 66.280618 3.929204 4.437372 -107373.478724
92.548350 71.911186 3.485966 3.928221 -107332.753754
96.315573 75.188659 3.443019 6.257983 -107304.185910
92.273082 67.086760 2.503698 8.939487 -107251.234331
86.906832 66.251214 2.729074 6.759143 -107363.457514
93.681101 68.146241 4.271124 6.052082 -107340.710584
98.073515 69.527628 3.221107 6.185952 -107358.537311
91.436616 73.450476 3.971515 4.068541 -107311.137701
96.002437 76.880590 1.368427 7.254313 -107298.575338
85.404683 67.237688 1.583004 9.443326 -107316.945101
97.468663 73.885616 3.298195 6.202197 -107335.340585
93.327566 70.222484 3.336540 4.193895 -107341.707547
95.515090 72.670279 2.213523 3.585280 -107356.475970
87.241432 73.331292 3.912939 4.319660 -107361.329743
90.680816 75.635899 4.619444 5.242555 -107269.912899
93.858794 73.507704 4.135433 3.046212 -107344.532241
91.807797 69.918288 4.872661 5.893824 -107372.815611
94.911986 77.309019 2.515627 5.094073 -107282.735092
93.386886 73.120236 4.681344 4.727727 -107313.784603
93.817134 70.574247 1.670762 3.593562 -107372.517788
84.319233 68.172949 1.342261 8.052374 -107349.771690
88.250621 74.656543 3.588836 4.033265 -107324.966111
94.409307 72.830580 4.399553 5.723916 -107316.588186
97.098313 76.596713 4.624244 4.357099 -107360.782559
92.963388 75.313114 4.161047 3.885606 -107291.242300
87.436211 74.271725 3.625556 6.347476 -107307.637354
96.320160 74.694797 1.145744 4.974416 -107353.293305
99.417784 71.265902 1.699131 6.432989 -107352.299882
95.404780 65.966442 1.291243 9.830899 -107266.745784
87.331978 72.371819 3.956313 5.302985 -107362.112724
94.512961 67.723761 2.254400 4.305443 -107352.114163
93.368355 75.742267 5.400901 3.417054 -107313.811212
95.780987 73.718607 5.250372 2.716026 -107370.181759
91.067372 75.649708 2.945649 4.605397 -107272.210050
92.538127 73.564619 2.380753 9.210567 -107229.497304
92.606298 76.114982 5.402650 3.512242 -107302.882607
91.565039 74.360316 5.659309 2.680680 -107353.817150
95.977522 72.687190 1.721567 5.033001 -107333.196621
94.010665 76.366318 2.979041 5.625758 -107253.377566
97.101509 71.783609 3.049729 5.563506 -107333.850531
92.177804 76.653982 1.703909 5.749097 -107278.167340
91.966450 74.557866 5.521475 3.622713 -107322.445548
93.111955 73.753898 4.383996 5.317801 -107288.163534
95.502186 73.750701 2.460269 6.836962 -107269.234265
94.898731 75.798035 3.645595 6.894628 -107281.103247
91.117507 69.610128 2.329490 4.679725 -107337.981714
99.424736 67.508255 2.223871 5.739195 -107364.532142
97.513250 68.616526 3.303667 5.487785 -107359.261168
