166.918415 195.815423 1.556869 4.156866 -105443.381639
172.510759 189.012822 2.500052 4.642031 -105253.532237
177.968677 182.516281 4.770156 2.903220 -105440.009272
170.286031 192.746737 3.193295 6.447706 -105100.083455
175.214574 193.661449 5.541879 2.211449 -105444.426107
178.786738 189.529466 4.334522 5.419484 -105238.197843
178.540584 199.338486 4.159281 6.593385 -105340.997011
176.145862 194.168073 7.370250 6.055389 -105310.251089
169.032120 189.368553 5.634265 1.921578 -105444.984882
164.377990 189.936603 5.863167 7.053086 -105273.297783
175.479882 185.788707 2.618285 3.558135 -105374.387979
169.754070 187.039605 3.798360 4.113994 -105231.333741
183.417637 193.392721 3.989253 7.074255 -105402.567343
180.217440 195.448485 3.834453 4.670585 -105417.736061
171.736840 196.581396 4.668071 2.698496 -105435.434498
173.736903 183.324830 6.333499 5.167630 -105192.621579
164.965114 194.351867 3.252725 5.797139 -105284.057389
175.892395 181.208500 6.370314 2.261653 -105431.226436
180.234031 193.881328 3.243521 8.965579 -105189.340809
178.074651 186.937133 5.093035 5.739869 -105197.616357
158.112778 189.253070 3.144318 8.072605 -105441.204028
163.047535 190.806621 5.496299 5.773693 -105334.286165
168.438273 191.949636 6.839268 3.969882 -105241.461351
168.915215 193.011698 4.532444 6.145575 -105085.995474
172.219576 186.045995 7.657376 4.595141 -105133.929130
164.445118 179.979638 3.830674 7.568239 -105422.530070
178.691857 197.359591 4.852782 4.227531 -105448.268706
163.092707 195.725569 4.658319 7.570317 -105318.874421
173.862327 189.372882 3.597496 6.723731 -105014.800118
169.531696 188.807033 3.192042 2.361784 -105435.736050
164.234913 187.252678 3.900053 5.918933 -105236.586557
159.955367 186.801016 2.632358 4.849620 -105449.011772
159.900688 190.935651 1.322570 8.153379 -105385.662244
172.359268 199.011274 4.578736 4.635103 -105371.337095
178.525347 180.234409 2.833669 5.545604 -105396.560318
171.475681 181.389623 4.015544 7.356851 -105182.757655
176.714970 182.986042 5.177389 6.125358 -105244.181445
164.606222 184.402104 2.733200 6.435740 -105278.810736
167.826910 193.633478 7.224975 4.695467 -105274.862150
171.493862 189.781609 1.720378 4.651139 -105328.453659
170.334270 189.421531 5.615538 2.550158 -105365.599417
164.230717 182.713251 4.793591 5.175348 -105418.369370
169.317325 186.055177 3.649995 3.952343 -105270.900627
163.862658 193.279194 4.818305 4.142365 -105392.027171
167.432001 181.862429 6.096691 5.273239 -105380.905343
166.232973 188.741387 1.119754 7.422321 -105320.922998
172.826188 195.237013 5.850933 3.894311 -105312.852794
175.709438 181.511203 2.440387 8.841647 -105200.226015
177.192667 176.914235 3.025131 9.771875 -105422.675399
162.701972 189.231580 3.264457 3.179088 -105437.465334
178.160544 190.946678 3.812988 6.393655 -105166.772763
167.467749 189.044561 4.872369 6.524380 -105045.219602
166.069438 187.699382 7.261727 5.832404 -105260.832765
172.271164 187.844981 2.614049 4.667995 -105240.923133
168.502384 187.759261 5.672873 2.097846 -105428.060971
166.478164 183.684752 3.739222 4.923669 -105300.808230
173.536190 183.832326 5.629300 2.655649 -105368.178761
177.878965 196.717076 4.333389 5.890843 -105312.579492
171.156400 189.983176 4.524106 5.888130 -105008.476398
178.194906 187.067880 5.234386 6.871171 -105174.385192
169.661104 198.902290 5.757861 4.608077 -105368.456816
165.913553 185.465405 5.725778 3.914373 -105330.973735
176.437827 184.200339 1.779802 3.395472 -105440.580237
168.211844 176.843413 2.820627 6.717654 -105434.151877
172.279399 178.796536 3.465524 7.564266 -105307.957400
180.032728 192.812909 4.660624 7.291962 -105256.255619
178.608020 194.146710 6.179033 6.802773 -105324.589579
177.743779 191.322014 6.641361 3.644441 -105366.106919
178.143307 194.004295 1.771913 6.400298 -105325.768256
172.660917 188.471923 6.005493 7.481492 -104995.553505
164.617456 184.152646 2.323264 4.442087 -105404.231704
167.682586 192.820357 4.073046 7.581938 -105051.489316
168.249230 195.981063 6.875030 6.023419 -105273.329654
166.970168 190.001713 3.583186 8.456731 -105030.878632
167.211249 183.084579 7.819562 4.647261 -105432.945961
176.136015 188.316582 4.464192 2.422327 -105432.032343
169.498421 183.938094 2.401595 3.395661 -105400.340403
170.978488 181.480529 4.294648 6.190557 -105212.161948
163.729724 196.814882 4.464604 4.368738 -105450.942298
178.530433 195.681245 3.797370 6.283849 -105282.120443
170.922786 192.553738 6.273204 5.096895 -105112.344551
161.114946 193.311850 4.474981 4.896411 -105446.441116
181.152233 194.760127 4.868453 7.023480 -105363.970574
177.689382 191.202183 4.622758 6.624835 -105135.133340
169.571245 187.075662 3.217523 8.806584 -104992.743467
161.920496 189.798244 2.019917 6.745308 -105331.726695
172.239172 185.353572 4.698661 3.066954 -105323.250687
178.187405 190.061363 5.227735 4.622121 -105278.622620
169.685667 198.443366 4.234679 4.439016 -105372.530554
168.406027 180.932704 5.326439 5.444171 -105354.697349
179.187961 198.055368 1.177270 6.300405 -105443.112751
163.560495 197.656489 3.157907 7.277315 -105316.576521
181.364242 194.539030 2.595906 6.562046 -105345.341378
170.605573 180.535028 5.441173 7.388249 -105352.185257
173.208790 184.454168 5.757418 5.231630 -105118.941846
164.329725 195.387395 6.440572 6.793996 -105401.021733
166.708269 182.927192 5.189222 5.643827 -105295.738013
162.031310 185.580698 4.741278 7.253590 -105402.614409
171.629637 185.635745 2.256276 6.035199 -105191.725910
173.363310 188.103105 5.379424 9.429940 -105100.660990
172.228098 194.899981 2.600307 5.473200 -105261.926417
175.057319 181.882365 2.618416 5.804062 -105275.919650
160.355781 191.920044 2.768194 6.681768 -105370.928993
181.591755 190.064102 5.090421 4.474842 -105427.696604
180.077377 196.301701 2.752449 4.890356 -105421.893927
182.970219 186.789774 1.216884 5.890599 -105439.947145
173.532071 192.509005 8.779825 5.844798 -105283.135384
170.489198 184.056378 1.648852 3.288039 -105437.734550
172.566287 195.649218 6.921064 4.161078 -105321.002284
171.588038 192.588114 1.679522 3.688923 -105407.175843
175.452330 192.272423 4.881961 6.730522 -105064.419732
166.117218 184.685203 4.913152 3.575192 -105368.139533
167.953940 187.817635 3.327277 5.571502 -105145.618802
174.520694 176.955215 2.910386 8.854672 -105374.553423
168.175891 182.587908 1.806058 5.727850 -105336.818751
173.114420 181.486992 5.441075 5.283628 -105256.198573
167.189775 196.538169 2.000767 4.870183 -105396.508933
170.396397 193.186573 6.272420 6.429598 -105077.691790
173.304856 193.517581 4.324190 3.913522 -105280.474158
173.516981 197.198111 4.539210 4.725926 -105322.728815
177.433401 188.391313 6.103196 7.052943 -105178.513868
182.173567 185.969561 4.966585 6.552898 -105428.675707
168.479210 194.928200 3.802955 4.862169 -105266.495646
177.344708 189.478369 7.429690 4.344367 -105308.015122
166.717739 187.266185 4.500647 3.021051 -105368.995111
169.331866 190.268695 11.575815 3.719457 -105389.403656
162.973187 193.120097 4.287617 6.490065 -105299.562185
173.691110 194.129974 4.194068 5.731601 -105150.486401
165.790069 191.722270 3.125873 5.855736 -105212.436331
161.570513 195.572685 2.569571 5.381526 -105427.364434
170.193351 197.093881 8.489524 4.224851 -105419.094624
165.166608 199.449337 3.805808 6.830116 -105325.847058
170.498558 198.377454 6.765057 5.428487 -105317.797784
174.048937 189.099790 1.629509 5.412321 -105299.589478
168.056726 187.824783 7.661288 3.911009 -105234.304924
169.118537 181.962703 4.778296 4.090052 -105339.817232
177.289524 184.152963 5.555757 3.334184 -105381.952898
168.274095 182.286489 4.433678 4.589881 -105314.922553
175.767147 196.032555 7.996816 7.807588 -105450.371049
169.184477 193.608877 4.702187 8.830288 -105017.167528
169.169730 195.796386 6.485354 4.381475 -105312.857996
165.423048 191.280942 2.861192 4.188447 -105347.132198
179.619366 185.550309 1.444925 5.044465 -105415.154156
173.017600 180.574800 3.790375 3.208731 -105404.474378
178.632159 188.882597 2.736374 3.776207 -105398.378621
176.041688 188.527896 5.840474 4.694099 -105175.135396
165.641815 179.522739 3.991206 7.881076 -105416.270400
165.907155 178.372169 1.955995 8.769521 -105353.577000
166.140068 187.481229 5.127919 4.384421 -105244.941354
166.020222 185.344693 7.091183 6.563719 -105372.841233
172.712823 185.359948 4.868182 6.077714 -105036.176464
180.991449 193.882883 3.534853 5.001731 -105395.681472
177.004868 192.266494 3.181713 4.737247 -105292.253346
176.632256 184.813962 6.289091 3.044540 -105384.238265
165.572200 189.208498 1.815790 6.069681 -105290.910004
166.843605 181.984757 3.398026 4.210555 -105394.682707
182.282787 191.500979 4.853378 4.868749 -105440.598965
177.361839 193.963414 4.923748 7.473705 -105152.703760
167.458023 178.801310 3.412055 5.521790 -105422.613887
166.393577 180.041098 4.192632 8.371941 -105386.660740
165.880229 195.841669 7.315126 7.336290 -105422.131467
177.067769 184.256369 1.848365 5.062399 -105355.560122
173.063011 186.805960 3.746939 3.288407 -105323.415515
171.222374 182.219728 2.606665 3.939711 -105366.215441
174.975687 182.178289 2.241345 4.607008 -105353.464199
170.960660 184.752978 2.738819 4.761623 -105253.526765
180.466080 194.368435 3.639782 5.049194 -105386.369547
164.066031 181.577788 2.873598 5.090515 -105428.235120
163.356648 186.028028 5.213749 6.505602 -105338.332191
168.235587 189.792898 2.512816 6.226058 -105160.710610
169.780360 185.577483 3.224979 6.032500 -105116.748257
174.932566 176.313931 2.686870 6.575688 -105435.531239
170.202780 184.579880 4.353035 6.228506 -105075.911504
174.601231 198.891326 1.908284 7.668427 -105307.200971
174.906849 196.175328 7.906295 3.978292 -105433.306841
173.731198 194.287767 4.420839 3.034979 -105379.017294
166.702941 194.189228 3.989414 3.495986 -105385.313862
175.580652 183.490968 5.354169 6.671037 -105177.989503
173.276323 181.369159 2.429958 5.187459 -105316.850035
163.880714 186.784857 2.750251 4.879334 -105342.861307
166.046548 189.775427 1.505354 6.034090 -105320.226785
165.129754 188.423691 3.827268 4.764017 -105263.694341
168.301616 182.122541 1.655719 5.171544 -105382.387107
162.795528 186.969845 4.433005 6.688426 -105301.151128
179.860834 190.589216 5.045527 6.535887 -105259.288060
172.018101 181.041118 4.537237 5.354057 -105262.154746
172.874185 199.722382 5.269905 6.365016 -105268.494100
161.802735 198.097511 3.007427 8.768952 -105317.695537
174.247963 183.511468 6.069727 1.827413 -105447.967337
181.877523 192.074592 4.607603 5.922085 -105382.035443
168.254768 188.246154 3.113449 2.462495 -105434.687864
173.927606 180.322426 1.914613 4.702115 -105395.015953
169.426704 182.980796 3.087032 3.475599 -105382.766751
161.637888 184.859678 4.420351 7.775918 -105420.817482
170.882052 179.722955 4.056367 6.515158 -105298.455635
172.380209 180.592199 5.450958 3.682512 -105368.864241
169.184623 189.593687 8.180142 3.238488 -105285.437511
162.206868 184.780041 4.936057 6.830590 -105430.989854
174.868813 182.839207 5.454052 4.741642 -105239.934879
176.063796 193.139218 3.993190 4.339001 -105290.955251
176.740747 190.207330 3.922309 7.319213 -105055.407720
175.297391 180.128359 4.014561 3.933091 -105385.292094
163.027244 195.066017 4.550216 4.990080 -105408.868951
166.784194 180.530844 2.753996 4.026072 -105450.684009
161.207043 198.781513 4.958909 7.640945 -105447.262081
175.311919 190.314091 9.786214 4.240397 -105337.600629
171.764562 184.953475 3.170239 2.602384 -105415.114790
176.331916 190.084366 7.053654 6.662031 -105194.701018
174.385831 190.038778 6.951789 5.438058 -105090.144193
167.944042 198.127888 1.702844 4.335747 -105452.092245
164.362911 188.162143 6.065199 5.104121 -105292.830830
180.902083 189.134131 3.759417 8.433205 -105221.291491
178.146913 182.732159 2.967180 6.809059 -105259.799845
165.861275 185.960127 3.510255 5.309459 -105240.821923
176.188392 178.473807 1.250776 7.346550 -105403.268081
169.679881 189.754899 2.007795 5.748291 -105230.077753
167.954726 184.220192 2.828316 3.356033 -105398.687286
174.960459 190.310099 2.650041 5.433422 -105206.618594
176.890487 186.927982 7.734213 4.240838 -105308.540691
170.990294 193.597039 9.368052 4.115977 -105325.407982
166.796196 194.495099 3.168821 6.401941 -105205.365664
172.743275 181.819679 2.950533 4.622578 -105309.142741
176.248920 183.870870 4.419220 3.473724 -105349.568036
171.349706 178.620057 1.412487 6.887222 -105385.043686
171.164703 199.254978 5.182578 4.144345 -105401.738397
170.324226 183.171376 3.249387 7.516200 -105109.926915
166.140215 192.194677 4.362833 2.790809 -105424.160412
178.037625 186.178385 3.957482 2.888443 -105439.008274
175.648047 193.803839 2.450084 3.102348 -105434.351447
178.487673 184.578688 3.452077 3.277519 -105428.990360
172.936778 191.153142 11.711594 2.183316 -105432.865078
175.393584 185.925271 3.441041 5.289447 -105178.136400
163.600119 190.952491 2.889015 5.493836 -105302.644456
166.773260 191.671893 2.472061 7.956415 -105126.220713
178.719002 187.384974 3.455556 4.136078 -105355.069559
181.148568 193.401690 3.993174 7.494299 -105283.735733
173.657143 183.061474 4.458866 2.504989 -105404.489463
172.236429 189.729199 3.058542 5.673803 -105116.902723
173.634974 195.611757 1.450889 4.113840 -105436.737192
182.956939 196.212999 4.511976 7.724544 -105421.956828
175.746079 187.014789 6.263154 5.149812 -105139.756711
174.750796 190.391821 1.522462 6.093049 -105287.832505
174.454019 181.419088 3.232685 6.694433 -105217.666240
165.609614 199.385762 4.627361 6.516173 -105329.496362
164.904846 191.198349 6.808677 7.168998 -105361.647863
176.160342 191.935050 6.739867 3.800517 -105305.114455
157.707223 189.504244 2.485965 8.549109 -105413.563162
171.156977 197.373929 4.957611 4.542612 -105325.012565
168.396479 195.912570 7.500538 5.606934 -105321.972133
178.878130 185.895797 5.135781 3.127204 -105437.897748
174.062464 195.582235 4.446378 8.036030 -105061.552443
175.114253 185.369715 2.654673 6.253933 -105168.824076
171.422838 186.578237 1.762119 2.859442 -105445.916818
178.782036 182.196999 2.604197 4.159403 -105421.936133
173.288001 192.504327 5.855901 6.028003 -105062.743494
177.321770 191.073128 5.869808 7.374023 -105164.557914
167.537350 199.548456 2.089426 6.195400 -105385.270600
172.478057 182.279058 4.743627 4.359608 -105261.055167
167.294854 179.032508 3.554066 5.110169 -105436.233292
165.157230 194.545610 5.242757 3.297585 -105439.176429
165.018844 183.468671 2.403119 5.849882 -105331.785537
168.195496 188.500325 3.405823 5.265264 -105156.610389
170.987716 194.269788 6.053368 5.843338 -105128.243490
173.566157 182.637286 2.556030 5.128199 -105283.057091
170.922246 188.052106 7.507355 3.865011 -105173.247128
160.320403 186.292438 2.072118 5.475883 -105431.517920
172.997677 187.457528 6.460992 8.376561 -105161.042171
169.323332 188.080208 4.278593 3.242674 -105313.542443
178.974569 182.599842 4.094066 3.417502 -105442.055913
167.496319 179.969146 3.381492 5.246581 -105388.890850
167.028176 197.463404 2.801994 4.790440 -105386.436480
172.789767 195.932510 3.239153 4.768449 -105306.018022
172.097912 191.505747 3.721745 5.028832 -105146.806536
172.743734 185.391930 2.073906 2.629958 -105449.158966
164.287106 193.962397 5.213503 5.040832 -105347.618755
166.234162 190.776089 2.609701 8.187283 -105111.943593
172.093448 185.705553 5.773980 6.944225 -105024.426226
173.172571 191.157639 4.969390 4.658307 -105135.062300
173.785797 181.349268 6.814016 4.722267 -105332.658636
168.846333 189.032142 1.881737 4.412723 -105338.350945
166.242915 183.348531 5.801984 6.086761 -105321.265405
180.141228 185.685309 3.737118 3.899922 -105416.769886
177.588542 189.787273 2.600205 3.194825 -105426.151227
170.842605 193.491066 3.440060 2.413697 -105429.476543
184.647159 192.305242 2.313854 5.608634 -105441.892455
174.608091 182.334054 1.409062 7.642609 -105294.709949
165.334960 182.497316 1.198652 5.405790 -105434.646318
178.650877 197.780922 3.264933 5.522599 -105381.388238
168.035688 188.813630 5.743815 5.245452 -105091.870917
161.530571 194.533078 5.125983 8.585878 -105445.156029
165.303501 189.310863 1.864122 4.363223 -105383.047958
167.580908 192.093327 7.393906 4.070838 -105275.932958
174.564799 188.907186 4.712108 5.872778 -105035.614937
175.168492 190.152980 5.512853 2.401811 -105402.674338
169.317450 184.687089 6.875654 7.404549 -105269.317910
173.616729 198.909651 4.105367 5.886408 -105295.268676
171.573349 190.677209 5.577283 7.245831 -104964.178806
175.495847 183.801082 6.058199 8.103837 -105310.328888
169.930047 189.028077 5.897087 2.360306 -105388.611659
166.760386 194.603243 2.046701 5.196934 -105348.834594
170.497389 198.830121 4.160960 6.559895 -105237.091816
175.683713 185.208083 5.383998 3.584866 -105301.318504
181.575601 190.948397 5.643326 5.872931 -105418.526062
170.653807 181.926891 3.181894 7.231664 -105168.272061
172.762719 194.923913 7.999248 5.196312 -105289.547250
173.339690 188.919649 1.359157 3.600494 -105428.206593
164.322951 184.507728 3.058173 3.728289 -105422.360812
170.234672 185.306345 5.649506 6.001790 -105057.964583
172.030830 188.023936 7.471354 6.436135 -105069.656829
169.624721 190.917256 4.558491 4.889997 -105122.665925
178.289441 192.075617 6.584830 4.602738 -105348.693496
169.836551 183.779908 4.558909 4.182887 -105256.149430
169.024251 184.771454 7.388511 3.984379 -105263.864980
158.496753 196.928238 2.725888 9.680027 -105388.783978
179.896476 187.523877 4.295311 3.185252 -105446.884546
174.001385 181.227832 4.476435 4.489071 -105301.868911
173.695930 194.677880 5.910829 2.994121 -105379.997074
181.352223 189.909265 3.815005 7.396649 -105261.821815
174.479440 182.175217 4.433403 4.525421 -105271.975844
166.035442 185.852250 6.549204 3.791541 -105335.056871
167.080295 185.543824 5.187276 6.184309 -105142.337274
170.832812 195.428918 3.316141 6.178785 -105181.851207
170.249072 182.303523 4.055529 4.656631 -105270.992964
162.210449 197.709795 3.335017 6.191172 -105403.960203
174.584744 185.747714 5.449143 4.549365 -105164.870168
174.537462 190.813732 4.153215 9.211608 -104973.103449
176.660339 188.177423 4.524137 7.926666 -105046.168894
176.811390 181.729885 4.180670 2.289973 -105451.970498
166.844399 193.384029 4.151471 5.855066 -105178.369947
175.784061 188.044890 5.970843 7.216980 -105082.224233
162.204149 188.876452 5.390496 5.801728 -105377.388414
167.884173 184.235764 7.086706 3.926457 -105322.583179
178.222946 195.737339 2.659090 6.632375 -105284.838938
169.244898 180.066594 3.909743 4.580831 -105381.895510
163.017673 184.869751 2.276896 3.840971 -105450.024494
170.250564 187.101830 6.072360 5.461537 -105034.439086
171.510199 184.944678 6.300696 2.868446 -105327.054921
165.612118 197.897668 2.599456 6.775300 -105317.984319
171.523922 183.185559 8.268596 4.128728 -105297.631960
171.033045 198.528610 4.647177 3.413714 -105431.601807
177.411894 185.662516 8.364190 4.132802 -105394.586106
177.076602 195.473164 6.635470 5.187197 -105366.114290
166.512888 186.990879 4.031632 4.578078 -105242.384549
163.444913 188.225058 3.795745 7.140465 -105218.651431
161.509004 187.576289 5.384356 4.584385 -105440.804296
172.555187 187.056235 3.550763 5.964753 -105060.401285
170.776623 196.116438 4.354747 6.716787 -105131.218930
176.666322 186.347203 3.585162 4.373567 -105279.676827
166.487607 198.221451 6.514203 6.804256 -105330.750240
167.474613 189.810160 4.231250 4.694186 -105187.497881
176.939125 189.253538 3.067724 3.031902 -105415.956221
170.368989 179.361373 3.287236 4.828701 -105379.856423
165.085612 186.253402 6.603115 3.421295 -105383.762194
175.525032 197.225152 1.588564 6.234747 -105372.116607
170.028682 191.191241 5.927589 2.852885 -105330.992295
171.396176 191.000089 3.081370 6.743249 -105052.543893
176.431578 198.312759 6.890207 5.348184 -105405.430456
172.741596 196.856605 5.804109 4.449839 -105326.117710
180.928661 186.691272 3.954732 3.953654 -105426.085140
177.458964 181.548613 4.796662 7.806207 -105345.490034
171.818593 187.357111 2.995965 2.737049 -105403.846000
171.009827 191.469805 6.950628 5.309421 -105078.651923
170.412756 193.841904 4.965195 7.297224 -105028.386343
171.129428 193.181773 4.462332 4.815742 -105172.340736
163.213818 190.418768 1.732140 5.151063 -105387.633686
171.730265 187.928266 5.172568 6.242502 -104967.145612
162.749429 190.850350 2.834773 7.118445 -105257.586156
170.957516 180.665145 3.184403 5.133794 -105313.266325
173.070467 187.954100 1.426824 3.973596 -105401.044735
172.797080 192.541801 3.431810 3.508255 -105327.329048
170.905986 185.902617 4.636878 7.154273 -104989.184455
174.021691 183.429180 2.743949 3.915168 -105341.576220
164.996656 179.648604 2.487731 6.466357 -105401.999887
162.118712 186.550357 2.118549 4.656049 -105419.623689
174.197973 185.498839 3.206515 5.289252 -105176.621068
162.264768 186.436132 1.654464 4.323560 -105448.331435
172.066848 190.109769 1.666665 3.264342 -105424.609377
169.274148 187.145688 5.493746 4.320761 -105158.251695
179.265427 193.985569 3.831961 6.557717 -105253.293157
174.653577 186.113159 5.568050 3.347216 -105294.719801
173.829961 190.866519 4.990364 1.949410 -105441.444698
167.098061 189.127227 2.393886 3.698956 -105372.257560
175.698100 182.859649 5.063770 5.445765 -105226.410375
161.778961 189.138956 4.335070 5.836086 -105350.022348
171.558904 187.007127 6.362261 8.109579 -105116.740089
175.404948 186.788567 1.289433 8.805089 -105235.157608
174.691442 184.572999 4.875618 5.554250 -105124.871985
168.486286 190.611902 1.730930 4.803833 -105334.594727
169.306810 183.450378 3.647593 2.734247 -105417.304917
181.251963 183.143744 4.456926 6.667034 -105421.085526
169.735065 189.514703 4.101331 3.554874 -105278.658607
165.778652 189.858999 3.158082 3.806755 -105349.123573
169.018717 188.438584 8.306828 2.688594 -105353.290488
171.597442 182.468320 3.266260 5.299899 -105233.718490
178.831889 184.787177 3.199117 6.986293 -105215.387926
169.855186 196.040340 2.776678 6.558067 -105214.256914
175.011698 189.917008 4.483160 3.746462 -105270.301908
168.157897 194.861899 6.368873 3.647300 -105351.421025
176.537136 194.620495 6.036816 5.972320 -105248.882316
179.097587 189.093478 6.394753 4.799102 -105337.594185
170.264187 180.619581 5.354369 7.360861 -105339.719005
161.685378 192.966750 3.841184 6.065042 -105361.044263
175.348063 191.388965 6.885936 5.841351 -105145.667596
180.897774 188.538450 3.827160 6.319522 -105277.875238
170.502854 181.723489 4.466070 4.302857 -105307.779067
163.026978 189.537660 2.797740 5.637079 -105310.268024
177.433262 191.921326 2.321615 3.104582 -105442.080378
181.298214 187.707838 3.092374 6.820636 -105278.121299
171.342594 190.217481 6.971666 5.712535 -105031.620311
172.922612 182.889761 4.093495 4.592149 -105237.492334
163.127815 192.141117 4.332098 5.696433 -105308.143746
173.268858 189.353784 1.300651 3.337567 -105445.999870
172.095130 184.632240 2.974770 3.323755 -105360.169947
174.372234 196.178399 5.962896 5.216380 -105274.956161
166.946691 190.643250 3.558155 7.133543 -105071.712070
165.303533 181.615423 3.591381 8.470967 -105290.922582
177.572086 190.564741 5.057160 6.068773 -105154.602513
171.144841 198.704771 5.348889 3.172898 -105447.368864
170.889180 198.427846 6.971491 6.609624 -105264.981579
170.661294 186.926711 8.859631 4.700558 -105169.359936
175.169191 186.177286 5.041868 4.737283 -105161.927425
176.912884 191.521660 5.181449 2.340040 -105438.734083
178.359996 182.056584 4.593481 6.343903 -105332.336648
178.337272 195.787600 1.373119 6.506718 -105384.493086
178.438839 183.084997 2.021327 9.772736 -105217.131396
175.572304 182.625173 4.026558 2.378930 -105432.889595
164.741361 197.036117 4.619295 8.192782 -105240.343398
166.963214 181.354965 4.573104 4.373731 -105405.510138
175.583915 191.150927 7.261223 2.392972 -105405.060878
172.441507 185.113511 1.807720 5.663039 -105273.156993
173.349905 182.343063 4.247923 6.517195 -105156.094671
168.788913 195.063521 6.865867 4.520246 -105296.055468
176.838386 190.011465 5.999087 2.705102 -105404.266429
174.807815 187.805679 4.864783 3.598571 -105272.861939
162.705147 189.994707 4.024307 4.269423 -105372.044069
162.201709 194.785665 4.101906 4.736514 -105433.600446
171.152406 189.991272 4.449635 3.415867 -105276.137190
176.203773 189.372045 3.237771 7.805130 -105041.225212
175.973826 187.837399 6.433909 6.023419 -105112.374328
168.101378 191.545517 1.895644 2.973772 -105446.656149
165.431889 197.327088 4.522117 4.465532 -105411.038363
170.683041 185.165544 1.262380 5.193924 -105365.489870
166.683908 196.490905 4.725555 5.927717 -105266.759276
174.758419 194.391466 4.300461 5.686906 -105179.310111
178.834613 186.651331 2.850728 5.544575 -105277.624366
173.261200 182.347116 9.740447 3.183410 -105404.211770
172.658984 192.016013 7.254662 2.030092 -105407.823365
170.293101 184.498728 5.732681 2.203277 -105415.941774
173.659284 197.639103 1.160748 9.079459 -105319.387803
166.235066 188.440361 2.232118 3.138564 -105427.843408
165.393429 191.814394 2.014313 3.247196 -105448.146272
164.938964 183.012742 4.776096 4.397006 -105409.289749
178.778296 197.115446 4.185910 6.974594 -105281.989701
179.522408 190.030423 3.435219 6.359331 -105222.016038
162.356177 193.487254 4.664572 5.240184 -105394.152150
176.164829 188.703043 2.588563 2.814994 -105437.108919
167.981484 196.122734 1.540711 6.163792 -105357.152484
178.191404 186.085786 2.624306 4.165376 -105373.223798
164.302439 185.470096 6.303455 3.134231 -105436.507527
176.592825 184.817942 6.266758 3.330079 -105357.132538
179.228125 178.374012 1.088586 9.179859 -105401.888420
180.569172 199.737067 3.653075 5.465237 -105443.391004
169.085877 189.166750 5.227254 9.493645 -105094.387992
169.256356 183.525504 1.649936 4.746750 -105373.042786
169.140534 198.863382 4.377003 5.072924 -105345.152760
167.787292 194.017556 7.084429 3.571445 -105355.034242
162.597281 189.232620 3.552605 3.039287 -105442.437121
173.424762 186.237087 2.734533 8.557270 -105030.780477
169.910526 180.660666 4.955762 4.556924 -105351.621077
163.917812 184.828542 6.613251 4.727392 -105446.539118
170.036949 188.627117 6.917441 3.299528 -105253.867309
177.169604 193.441752 5.159490 5.854954 -105214.353971
181.433093 188.886586 4.044502 7.685499 -105272.582226
167.484324 190.475188 3.488720 5.049276 -105193.039436
177.467473 191.327584 5.199186 2.299733 -105449.911889
168.233480 191.626768 5.537043 5.658341 -105092.639313
166.322514 190.489726 5.933574 7.726114 -105175.387634
168.101556 192.401476 4.847015 4.375836 -105224.987546
175.468413 192.479282 8.825025 3.860214 -105353.112921
168.344998 183.136470 3.269396 4.310820 -105327.821445
169.739725 191.316169 2.308123 3.950597 -105341.874060
179.598943 195.683647 3.910397 4.772528 -105401.932247
172.100844 190.592681 4.383750 5.197172 -105081.696503
167.559484 186.352610 4.246407 3.660177 -105304.946409
167.613487 194.791149 2.206115 4.220580 -105387.059790
175.182684 198.563223 5.507367 5.881512 -105305.089399
165.456897 182.442155 1.006338 6.284371 -105422.512502
166.974521 182.872815 3.741402 4.695747 -105328.036220
168.373075 197.379715 2.435791 4.547883 -105397.035386
166.956106 186.557587 9.310645 3.344865 -105383.497415
178.286905 197.314267 5.526485 5.940522 -105361.712484
169.661966 187.477453 4.049992 2.525423 -105399.336480
184.211456 195.330556 2.179586 6.721531 -105422.843595
171.711209 188.063319 3.248942 3.915236 -105268.555241
177.545465 189.273489 3.825557 5.247954 -105211.370813
178.532666 186.703425 1.719359 4.085708 -105424.833334
166.759617 192.709021 6.260382 5.979966 -105192.925403
170.613780 192.657071 7.892604 5.738816 -105171.236880
165.344227 191.915996 7.619117 6.880794 -105435.962457
180.530248 193.725261 4.232409 5.550991 -105356.104990
174.358407 187.022583 5.558757 5.272498 -105073.287709
165.268866 192.495153 2.833148 6.741359 -105204.758405
171.255661 188.181702 3.456519 4.582983 -105183.645702
173.522131 191.423038 5.569436 3.621984 -105246.431718
169.555411 189.094059 9.775891 3.038493 -105329.456849
165.865371 182.016463 2.247623 5.210025 -105385.462712
175.790418 191.295808 4.421051 4.328735 -105241.812630
169.635739 176.519822 2.881311 8.495971 -105398.514244
165.699202 188.387733 5.479622 2.817754 -105391.818601
172.628634 192.811255 7.093677 5.023778 -105153.578527
176.821692 179.437296 4.495791 5.694950 -105407.761422
174.545396 185.565467 3.128552 5.717461 -105153.730802
172.342961 196.924268 5.417133 3.364433 -105402.551238
176.633401 196.384762 5.862169 4.972045 -105355.490056
179.715896 191.853586 2.795238 4.473190 -105381.957468
173.185168 186.070211 3.709016 5.490667 -105106.130416
169.109713 191.472480 11.261174 4.130210 -105416.032663
179.550699 190.516788 4.473929 7.034880 -105201.455150
160.326518 194.759047 3.924580 6.484861 -105432.547050
169.255783 196.362361 4.823972 4.260446 -105325.603713
176.495337 194.211214 5.023889 6.144660 -105190.307185
175.582634 188.786123 3.579409 3.971398 -105286.881119
172.508563 185.358327 6.546602 7.015601 -105105.726329
172.082446 191.079462 10.555340 2.637601 -105369.118488
167.958377 188.055014 4.083931 2.350162 -105425.871139
173.826614 176.047590 2.038637 5.934860 -105448.888890
173.561876 188.759803 3.936843 5.725733 -105056.641725
174.023768 195.906035 6.710353 6.151509 -105233.820815
174.243467 181.140135 1.743158 5.751800 -105348.784951
170.823524 186.620656 4.551977 4.451734 -105154.360054
174.063988 187.269597 6.345467 3.899080 -105199.781556
168.863792 191.431405 7.715460 4.296442 -105205.566737
163.335459 195.668094 1.928111 5.433333 -105411.716065
173.451832 179.725019 4.326357 4.910259 -105344.215017
172.606311 189.509284 7.053803 6.798331 -105050.299164
175.898805 182.675163 4.477653 6.276674 -105203.721716
171.093805 193.479737 4.833219 8.299063 -104990.471598
170.711709 183.307674 2.362322 5.310749 -105272.999237
168.307377 196.138421 6.099008 7.596547 -105183.580963
172.590367 179.887228 6.380331 5.803192 -105423.018970
165.186099 185.586393 5.104407 8.457686 -105277.037179
171.436864 198.500447 8.563402 7.347173 -105392.358482
168.855756 196.948575 4.130468 4.247290 -105354.400883
171.837373 189.187385 3.965264 2.042581 -105446.197288
168.463863 179.589098 5.510426 6.070581 -105448.937781
179.835407 187.057497 1.627918 9.395121 -105237.935417
168.094746 198.436032 5.872466 5.526972 -105324.627313
164.335711 184.750846 4.668616 4.198824 -105381.322567
177.815677 182.120053 2.885474 3.658704 -105420.445129
161.649015 185.991074 4.531871 5.031077 -105423.692639
169.047214 178.309016 3.102447 6.851469 -105363.785061
173.158613 185.226352 5.901910 6.128729 -105056.407909
171.889483 193.924978 5.328062 6.290899 -105074.873101
162.901425 193.250768 4.642830 3.835665 -105435.428935
179.056115 187.701593 4.857078 3.322169 -105417.194194
175.450687 187.089039 5.634699 6.710047 -105052.922760
170.492507 198.203156 4.158381 4.020396 -105391.232408
176.303300 182.400143 7.439102 3.082790 -105400.776778
167.781442 186.999343 8.290366 7.045600 -105426.652984
169.372226 181.916374 3.604851 6.042924 -105225.763765
175.760245 193.307936 5.802527 6.045258 -105161.057976
180.381681 185.502356 2.279895 5.500286 -105359.489887
165.085404 199.838377 1.630453 6.751488 -105416.414603
172.133466 189.596821 9.265141 4.341466 -105185.726889
168.834266 189.254123 4.249983 7.573350 -104974.547521
165.825886 190.955971 3.967425 3.573310 -105352.622915
172.370086 187.195670 4.769640 1.909115 -105448.865394
174.528242 189.266431 4.791276 5.958321 -105028.628740
168.663129 181.798700 3.368499 3.192565 -105429.115775
180.748562 194.638902 1.538124 7.488872 -105352.236823
176.486917 195.692527 4.211936 5.775039 -105255.562041
173.974899 191.980146 4.913088 4.698560 -105163.592108
174.143032 195.183520 3.820861 4.148193 -105326.859097
171.041485 180.625808 5.402838 7.228189 -105327.914845
170.443430 193.134639 4.233157 4.523130 -105208.934765
178.818206 193.908253 4.528951 3.795505 -105407.668022
166.727179 195.063273 5.492090 3.242840 -105412.831946
169.603305 186.475629 7.228148 6.969307 -105166.849343
169.548577 194.708361 7.726092 2.920776 -105388.176270
183.813292 187.728890 2.941347 6.100771 -105397.131646
173.718390 183.197035 4.872580 4.820230 -105200.953695
166.024032 199.157632 5.263650 6.008966 -105349.917086
171.810417 197.203599 4.545176 2.705045 -105449.337469
176.870462 188.599118 4.460108 3.841101 -105305.815409
163.764219 181.495924 2.242855 5.801671 -105411.715207
178.485907 188.113833 6.489166 6.114859 -105270.308106
166.200599 184.890180 3.713838 3.393527 -105388.998457
175.433920 180.520501 5.359427 5.198104 -105350.522472
183.525412 197.686628 1.968319 7.135694 -105423.997603
167.454985 175.371622 2.652447 9.499269 -105445.703396
164.985290 191.547069 6.213854 6.433574 -105263.533841
168.185194 195.137728 4.250178 6.541911 -105148.224930
169.779927 197.375415 1.413780 9.746050 -105256.619908
169.121297 182.605554 6.088251 5.409351 -105262.038429
171.728827 199.821920 4.378116 7.051694 -105227.662348
171.434113 197.094938 2.497539 6.897087 -105238.713508
164.693383 187.961020 4.154547 6.045868 -105199.127259
164.189593 185.106689 4.362452 4.082812 -105381.758755
177.690323 192.830288 3.807991 4.249843 -105335.983599
163.736485 187.797349 2.047860 5.078219 -105362.433371
170.450417 197.631334 4.356507 4.825079 -105319.018011
163.072528 190.222510 5.028871 6.875849 -105291.637143
172.668120 187.633376 6.303269 4.922859 -105060.346068
183.916345 191.943186 1.176599 7.834565 -105405.976932
182.607320 189.926179 4.896490 5.996183 -105414.276576
165.476382 191.518322 1.991792 7.081536 -105238.531045
175.302312 185.290533 3.107767 7.274052 -105088.355656
161.806806 186.902623 4.172516 7.350216 -105339.580092
165.989011 189.760409 6.528319 6.572832 -105207.096594
168.727999 192.892408 5.642846 5.601352 -105119.689810
179.041902 189.042472 4.227820 3.159611 -105425.303039
174.761199 187.443501 7.917701 5.974051 -105170.130291
172.597970 187.606508 2.790487 4.921824 -105205.128242
174.587107 180.257645 5.816400 6.687032 -105402.453108
171.137947 183.695308 6.540880 3.291615 -105305.227083
168.387324 182.983151 5.987896 4.667672 -105292.283084
173.083306 185.641354 7.256334 5.306329 -105110.190099
174.806258 187.920271 2.956667 3.996865 -105302.156935
171.984303 196.927440 7.366698 8.925418 -105314.445340
172.070754 185.878110 6.826178 3.031678 -105294.618401
177.620966 196.045038 5.307841 4.132135 -105412.627020
184.746436 186.611702 1.398681 7.921403 -105405.932265
169.293541 177.381799 3.298000 8.356817 -105388.309918
174.125732 185.241957 5.362750 4.409470 -105178.165033
172.793648 181.399509 5.980631 2.116654 -105448.984403
174.776744 183.132669 3.315234 2.676759 -105418.656641
175.410844 195.711664 4.712361 4.499505 -105323.126831
164.151982 190.818607 4.309642 3.462322 -105389.955757
161.247849 187.715366 4.565371 7.263862 -105393.899378
165.800657 184.492616 5.586222 3.951452 -105361.212907
177.382971 183.304290 5.115141 6.347362 -105253.956294
169.891534 188.742211 2.607426 5.290286 -105193.631936
167.947815 190.728783 2.151535 7.551176 -105144.883621
173.522431 187.106131 6.053250 5.373814 -105045.033257
176.658297 196.488026 1.420467 6.405156 -105377.261732
163.796754 194.358583 2.147496 4.786919 -105406.997294
170.982481 186.255440 4.001274 4.449578 -105182.392577
178.099028 189.522878 6.892951 4.720562 -105307.762366
175.626001 181.387491 2.153408 7.586336 -105253.377420
181.568443 188.777111 4.494684 3.793333 -105446.452694
172.712527 181.232020 5.280372 5.952724 -105251.477166
168.542035 189.191078 4.554495 7.303112 -104986.127056
167.148793 181.485709 1.609371 6.108143 -105370.089669
165.832871 183.984013 2.546950 4.167185 -105392.164885
176.464535 191.516356 4.449847 4.485990 -105248.883081
169.579110 194.464414 5.617922 4.447395 -105243.134304
173.777133 187.094212 4.298674 4.019047 -105222.812532
169.731351 188.845487 2.298759 3.165221 -105399.064028
169.776182 179.844580 2.033239 7.299065 -105303.801301
172.175935 190.344311 5.242579 5.603150 -105016.985990
171.379877 199.693046 4.707960 6.879262 -105230.748437
181.267606 184.695381 1.892975 7.995361 -105310.856623
165.553124 198.066702 3.252600 4.304028 -105434.210298
176.993043 192.202950 5.439875 6.542831 -105148.379931
174.596840 182.122829 5.501095 4.221941 -105289.158715
173.713341 182.876119 3.885020 5.097212 -105214.156260
166.131895 186.287914 2.492399 7.718693 -105156.347876
174.389315 197.880665 2.396033 5.709842 -105347.283360
176.715793 187.872034 6.880747 4.859493 -105217.785193
168.207084 191.836559 7.246691 4.862112 -105188.399708
172.263194 196.846115 2.815693 4.918911 -105335.944621
163.953151 193.716526 4.313312 5.688627 -105302.599083
172.586438 187.797645 1.369800 5.733815 -105310.396530
167.586447 182.327834 6.990373 3.782911 -105430.127234
161.534911 188.110912 3.205093 4.887738 -105388.300395
174.248709 184.086236 5.044495 3.472881 -105297.658125
176.801756 195.083113 5.879443 3.064188 -105441.800215
181.478469 194.877536 2.924960 7.416070 -105307.795814
174.853561 186.851670 2.552167 4.353925 -105298.976695
185.562792 193.658249 2.950784 7.732477 -105425.681432
174.401115 193.151396 5.849061 8.187621 -105082.571878
161.354232 185.153752 1.834511 8.230228 -105332.972405
163.399942 187.467846 2.788646 5.492931 -105314.571788
165.612858 188.388035 2.923912 4.840562 -105281.051151
171.703403 188.978226 1.634339 3.015655 -105441.257778
163.440403 196.365181 3.214581 8.429497 -105247.599373
171.628694 191.223376 4.904093 6.712599 -104972.324146
170.760858 185.584904 2.530777 6.657493 -105129.654189
172.651070 184.737243 1.818393 3.828701 -105387.731386
175.720632 187.027214 4.656827 6.228929 -105062.188834
170.837309 199.412827 2.675112 6.360919 -105323.261602
165.722755 185.834442 7.058954 3.580721 -105370.684113
169.506862 179.268817 3.378533 6.448622 -105328.750425
164.149350 182.643709 1.261219 8.761651 -105338.299790
165.231612 179.827259 4.197447 8.161623 -105439.004939
162.122063 195.211886 2.796857 5.176441 -105416.673768
171.051282 192.492828 3.351021 6.203163 -105095.040041
176.890393 181.216027 5.846158 2.788457 -105429.306065
170.393103 178.787745 3.104923 5.814167 -105360.616621
177.697263 190.236418 3.237973 6.137244 -105179.276436
180.574703 196.665070 4.782352 9.564720 -105299.294805
177.601796 195.704651 1.802298 8.097136 -105266.346004
169.646758 190.145285 4.727647 3.413888 -105279.574037
176.678785 187.569082 3.177566 6.444850 -105127.827280
175.085218 198.464591 5.602461 4.980891 -105364.353999
181.892832 188.482105 2.899188 4.882043 -105394.363874
169.363229 191.774056 6.583814 4.912983 -105128.182987
164.533614 183.888970 2.109846 5.208869 -105380.577840
177.832831 192.685424 5.625436 4.796025 -105299.197431
161.385199 188.122537 5.161910 7.090567 -105437.537535
162.246859 194.890591 1.188026 7.191968 -105405.902412
168.658386 192.511441 4.809474 5.919269 -105088.199066
168.067023 183.624304 2.601420 8.377082 -105139.175515
174.936787 195.188620 2.932618 3.830192 -105385.665929
