90.630693 69.344010 8.952681 5.453310 -98991.862949
91.070136 136.976624 8.952681 5.453310 -98991.862949
113.472099 76.966897 8.952681 5.453310 -98991.862949
99.992957 98.851082 8.952681 5.453310 -98991.862949
101.405687 161.693642 8.952681 5.453310 -98991.862949
116.401700 60.826526 8.952681 5.453310 -98991.862949
45.426608 116.006702 3.164006 8.311635 -99760.850404
68.324374 10.724740 5.254429 3.310881 -99926.643178
140.186847 76.256793 4.706246 1.596900 -100095.574654
138.835457 41.623160 1.418484 6.739817 -100088.973632
44.592287 138.665694 1.610908 3.001180 -100096.651669
186.279588 121.299594 5.791760 1.920549 -100066.582263
