41.667171 78.162076 4.994036 5.268382 -113805.688830
37.564996 80.517596 4.112885 3.241224 -113898.512987
36.210893 79.553188 2.705555 5.967310 -113812.716824
36.491468 85.041016 3.328427 3.758774 -113887.259381
40.009082 90.126460 6.104961 4.633508 -113885.327574
48.010111 76.877892 3.324232 6.937170 -113836.888795
32.947597 80.876022 4.977508 5.939340 -113918.797153
41.466863 76.325453 4.478423 4.473711 -113909.816265
37.175521 86.384974 3.559735 9.685096 -113696.649776
37.028576 80.298787 3.277915 5.723357 -113774.807785
47.247035 86.143580 2.098444 7.486230 -113759.827130
48.601642 85.831318 2.216442 5.873414 -113844.451574
36.892150 82.466295 4.968124 4.855935 -113770.532627
44.986725 93.738640 2.902485 7.867445 -113854.271645
43.965809 82.929571 3.440001 3.656638 -113864.595501
48.920142 87.353193 2.948581 4.450338 -113913.440246
46.832986 91.257241 3.469020 5.770668 -113879.933885
35.866747 88.879362 5.004044 6.423869 -113861.671765
35.471496 80.915380 3.239392 4.259067 -113879.848286
34.152117 87.803359 1.487942 6.498179 -113900.868511
44.115559 77.527228 3.251696 7.611907 -113728.357418
38.664086 79.338009 2.466507 5.079022 -113844.740782
40.149499 75.801650 3.592861 6.801057 -113812.498490
38.591364 83.727907 4.042375 4.588247 -113764.243784
50.091156 79.715575 4.055966 6.835046 -113848.242122
47.554339 79.364665 2.671548 4.762058 -113892.985842
42.159972 81.627255 3.575249 3.521688 -113877.195700
41.983099 81.364300 3.342565 7.410527 -113623.992574
35.788081 84.421997 7.042095 4.417918 -113875.080944
38.556066 88.564703 5.544765 3.496746 -113907.163747
43.490622 87.944545 4.904836 3.996088 -113839.212268
40.834167 88.690649 5.461673 5.083494 -113782.597986
42.053558 74.503190 3.770412 7.125451 -113859.033125
39.086459 83.304347 3.665088 5.299325 -113719.073727
49.414579 88.017468 4.193930 6.884265 -113843.582945
52.389358 80.560977 3.569626 6.064397 -113913.737351
48.620042 82.753054 4.914129 4.676095 -113850.128124
43.779439 86.930393 3.456051 8.838999 -113625.683161
42.675434 83.437597 4.239548 4.914401 -113719.250934
42.498870 85.533989 7.531389 2.938099 -113877.615288
40.329631 90.155625 3.075095 4.566290 -113872.759029
34.853031 86.437358 1.086510 9.133974 -113856.333591
46.451973 83.493821 6.359900 3.473848 -113875.726808
47.412162 77.674561 4.576614 6.249879 -113857.067126
40.032936 77.384011 2.899358 4.595356 -113886.852763
38.887434 91.045490 4.381134 7.045084 -113824.585035
37.258086 83.048700 6.591656 7.065854 -113855.983992
40.160855 83.302700 4.701725 4.902393 -113708.787835
42.772988 73.583749 3.437861 7.032368 -113888.727173
47.447840 86.778179 4.337559 6.141901 -113766.425666
41.826070 88.461110 4.682323 5.288529 -113752.809850
37.919415 78.914834 4.299771 8.370781 -113745.131891
43.308779 84.938284 2.851752 4.671936 -113805.000419
38.695997 80.618740 3.605897 6.940013 -113672.584253
39.598667 83.558753 6.054959 3.495261 -113823.641078
41.084587 77.589799 3.993154 6.527334 -113753.294168
46.009099 85.925910 4.120765 3.955877 -113853.068788
44.817294 84.792386 5.214472 5.268383 -113715.268919
43.470250 75.733030 3.355417 5.751283 -113861.056869
41.209323 81.720578 4.532491 6.392983 -113637.359167
41.265983 77.655662 6.009863 4.388591 -113900.359623
46.988946 78.345207 2.939518 4.519366 -113910.445972
45.249353 87.273151 4.592252 3.153968 -113917.864460
43.914911 73.714626 1.885903 7.054639 -113892.313656
42.158486 85.365499 5.366010 8.023294 -113681.507517
38.136468 77.811214 3.152458 8.914870 -113720.556485
42.254145 92.573230 2.758708 7.862472 -113798.645473
30.741836 80.945473 1.873149 6.770137 -113919.397078
42.450627 81.478299 3.078798 5.052339 -113773.274514
37.922455 90.864726 4.754440 4.487207 -113915.270788
42.578339 89.887523 6.076950 5.143395 -113854.984512
33.008375 84.225877 2.729848 9.342178 -113778.879799
41.244098 87.005609 4.129358 7.032116 -113638.789129
36.204798 86.944569 4.014306 3.917422 -113887.877526
42.243786 88.384177 7.434016 3.257090 -113917.105656
34.049358 76.323602 3.322092 7.161398 -113893.708970
46.875764 80.022606 4.475997 5.372501 -113805.812414
40.982477 84.494718 4.896214 7.141342 -113612.912419
38.487520 84.783879 2.259657 4.226341 -113878.775041
49.481423 85.424293 1.627130 8.854532 -113797.675689
42.499508 87.259749 5.387889 3.547396 -113850.034622
34.076083 80.037100 1.442833 7.046807 -113882.030378
35.270670 84.345162 5.278196 4.515401 -113838.674176
39.524213 92.460066 3.804359 5.777619 -113882.204500
36.206282 84.816150 4.243058 4.257618 -113833.085305
41.197441 78.512824 2.275776 6.461260 -113784.195223
43.980375 87.112476 7.229260 5.574869 -113828.040818
47.503107 80.245175 3.755586 6.489847 -113757.415915
48.488739 87.651673 3.617971 6.607185 -113792.408970
43.357437 87.667829 2.079959 6.182132 -113792.870373
45.829899 83.824120 4.543102 4.888690 -113760.623485
40.384725 84.263221 2.695412 6.378051 -113697.129797
51.909204 82.704847 4.308041 6.696970 -113903.580925
41.734075 82.625370 4.481982 3.027699 -113890.640057
35.582597 91.637656 3.418424 6.964103 -113889.623750
48.002810 81.224084 2.526763 7.537093 -113743.536250
45.885609 80.143052 4.151936 5.211868 -113791.763244
37.496453 82.546941 7.874490 4.742404 -113853.520845
44.367533 78.374630 4.299746 4.151774 -113892.165355
38.407299 79.351841 4.113324 6.338509 -113728.715199
43.828653 77.246056 2.577248 8.808895 -113717.226404
40.447462 81.561157 3.379124 3.253560 -113903.045620
32.146400 78.583248 3.143823 7.403333 -113888.275487
34.624604 84.827577 6.722638 4.481753 -113914.148187
40.358929 79.529923 1.648372 8.095549 -113764.713797
47.592391 82.247945 3.390821 6.231663 -113748.080993
45.428457 77.690826 5.909344 4.934987 -113918.693961
45.879804 85.599363 4.468051 3.779534 -113855.131708
44.907808 85.817934 2.227149 3.958204 -113905.648158
44.044400 87.436056 3.160242 6.974806 -113682.967794
48.563184 76.999856 2.387423 9.173883 -113792.789141
40.007255 89.352705 1.219511 7.298555 -113864.094848
39.669765 90.771795 3.025637 4.162750 -113913.435927
40.092756 79.377115 5.181900 4.508696 -113811.928051
47.748779 85.966425 5.159076 7.329492 -113792.208160
34.790713 77.881854 2.888180 8.519447 -113796.132362
34.462632 82.733201 4.483233 3.653478 -113907.410951
46.906016 80.916429 3.330238 7.452032 -113697.794154
38.949554 85.370187 4.628958 3.612539 -113841.449227
35.070460 83.849632 2.372010 4.586090 -113888.144666
38.009788 89.295146 5.200712 6.985781 -113822.598290
40.995522 86.585772 2.873951 4.277864 -113840.533871
38.300961 80.531840 2.650951 4.570889 -113851.225514
38.698180 83.433837 4.732727 5.439942 -113690.277128
37.176343 79.829720 4.993342 5.235790 -113796.558397
41.447630 90.141976 4.369915 8.053550 -113755.066504
48.001748 76.688562 3.354895 5.657628 -113893.076484
49.403344 85.038674 3.541070 4.596884 -113879.094573
47.489989 80.855562 2.201999 5.491282 -113853.803922
34.260785 77.926646 3.747465 9.099530 -113868.233501
34.350079 82.030975 4.722034 5.403151 -113835.881920
42.090404 86.043936 5.689538 4.142622 -113774.766479
41.899223 83.996392 5.041414 3.481681 -113826.681598
44.032036 84.621157 6.286430 3.588001 -113822.486687
48.007825 82.222782 5.452624 4.337604 -113863.796631
46.230157 81.420816 5.481527 6.472512 -113747.787034
52.936517 82.362709 3.305541 6.293010 -113909.402302
40.699616 85.114907 6.579251 4.544853 -113741.917928
42.089965 77.312113 4.075540 4.354419 -113888.848663
35.355809 85.882277 4.685369 3.981961 -113880.997758
40.691148 82.925319 3.790192 4.390530 -113776.990741
39.154702 79.990026 3.775065 4.321565 -113828.243619
49.452375 78.534903 4.455539 6.866297 -113876.676583
43.671353 72.973163 1.278800 9.360038 -113881.035891
54.193508 83.016480 2.540348 7.806552 -113910.772824
38.165044 86.871219 1.385632 5.909951 -113878.533498
38.988991 79.760629 2.809391 5.855218 -113769.937598
39.259287 80.661319 2.873046 3.591674 -113901.368667
44.419695 93.086809 2.056876 5.925271 -113911.645812
37.787331 78.636327 5.340470 7.040321 -113819.136028
43.586175 80.121314 2.588159 8.760167 -113651.006356
47.470305 86.293390 5.114653 3.953076 -113884.135307
49.405034 82.827499 5.435029 5.072575 -113872.121942
43.269737 80.890190 2.898354 6.072823 -113726.396403
48.786481 79.707514 2.468048 4.977316 -113898.816473
45.469564 90.994523 3.438098 6.238375 -113827.184926
44.437770 79.277902 1.358323 5.342038 -113915.697582
40.849029 78.203974 6.024475 6.035135 -113828.739410
44.001809 75.695040 4.139081 5.385916 -113892.268945
41.959005 74.996960 3.088695 5.292192 -113901.239993
38.776954 85.443199 2.794492 4.563961 -113825.140964
37.397496 80.450617 7.333548 4.642997 -113874.940508
48.291871 81.794585 2.826598 5.723695 -113813.629874
44.733949 77.380858 5.412258 5.599036 -113870.841543
44.375098 86.932012 4.845368 9.550798 -113793.527983
48.937254 84.103952 3.363960 6.654674 -113762.942630
39.082906 87.099070 2.301627 3.846863 -113913.185608
45.794205 86.387724 1.694595 4.519546 -113917.330268
43.674874 85.659740 5.967375 6.072769 -113695.810625
41.652674 88.856269 2.233637 7.522514 -113735.016579
45.545885 83.156610 5.003851 4.594487 -113775.175453
33.719920 76.468927 2.867506 6.955469 -113892.265993
46.389734 84.626739 1.510546 7.017477 -113819.607581
45.064055 84.510052 3.935797 7.222610 -113632.579191
34.969253 83.732281 3.799434 6.555232 -113754.310149
49.479548 76.895386 2.947406 6.581334 -113876.864746
37.614349 86.600573 6.238597 5.033408 -113797.594155
37.688240 88.953468 4.841939 7.366863 -113795.353071
47.900022 76.202626 3.710162 6.263017 -113886.208469
38.595803 91.392365 3.170939 4.646771 -113907.862949
38.457096 81.578988 4.885579 8.655066 -113728.516183
37.838372 90.786346 1.895055 7.538697 -113826.828174
41.873117 83.670938 3.256369 5.597571 -113704.457334
45.506322 89.116048 5.440639 4.307865 -113888.424302
50.590605 80.651103 1.904531 5.889996 -113899.017078
45.863381 85.415241 4.232787 3.843239 -113851.654124
36.699547 85.680709 6.030668 4.678722 -113813.045370
36.422777 79.227252 4.802415 8.487306 -113843.453164
47.150093 88.210259 4.133002 9.768026 -113810.734765
41.026216 81.350565 3.586025 8.003766 -113606.504744
46.368491 87.738441 6.737414 4.634988 -113896.701454
38.084592 87.398831 5.971645 4.706757 -113812.053932
42.538474 76.218762 5.181065 5.389530 -113893.652351
46.505103 89.246065 3.713823 5.478153 -113830.670600
48.439578 82.261037 4.769537 3.794721 -113898.993174
46.585865 86.802120 6.170417 6.672580 -113841.200648
42.789426 83.579806 2.088395 6.325672 -113755.435240
46.339677 85.409040 4.035034 5.763383 -113730.837045
43.511286 84.375846 4.843179 2.630037 -113909.025245
39.410423 87.784626 3.425477 5.694839 -113744.355061
45.073106 80.720985 6.272473 4.885064 -113813.573205
31.670943 85.328490 1.977940 6.395266 -113902.635451
30.957747 82.699405 2.652399 8.594107 -113856.602792
40.345822 89.787668 2.027852 8.451695 -113744.753322
38.340151 83.261623 4.239148 4.673752 -113756.451578
50.506389 76.619035 2.927478 6.657701 -113902.810691
35.515445 87.205383 3.842775 7.787572 -113758.812962
42.386608 79.378472 5.970115 6.863250 -113778.834026
37.441750 77.381643 1.365959 7.416627 -113867.131229
42.895155 77.419043 2.654474 6.494859 -113786.773390
44.402237 85.991528 3.519653 4.809721 -113780.167494
40.359921 93.691259 2.644452 5.784040 -113911.221539
38.005045 79.852009 5.945521 6.464438 -113801.639256
40.391782 84.650989 3.559620 4.928606 -113741.476639
41.923099 82.220778 8.305361 5.756162 -113867.474066
43.081562 76.502674 3.743553 4.682329 -113895.563541
36.159983 83.538912 5.831644 2.980413 -113908.598990
45.761672 90.219919 3.155091 5.214492 -113863.666932
50.320509 83.550331 3.757195 4.995106 -113873.279889
46.202103 86.295597 4.526412 5.031358 -113780.062469
42.061097 76.123264 4.896337 5.129837 -113894.434953
43.976551 86.011092 4.827870 6.033732 -113672.448723
44.696508 85.237604 4.976080 3.904656 -113815.359481
43.328274 81.360004 2.955177 5.888136 -113728.364359
45.379661 80.383919 4.074839 5.420907 -113763.789025
36.485119 88.613100 2.596743 5.089073 -113870.697876
38.675892 85.184235 4.296407 5.556886 -113695.492530
38.592708 80.642072 1.441497 7.026919 -113826.842950
41.619046 86.395379 5.177501 4.592505 -113745.188621
35.883408 82.767257 3.099219 4.732912 -113834.545755
51.255284 87.181996 2.166114 7.401616 -113855.800982
32.342556 79.768901 3.529222 7.995419 -113871.012292
33.499176 80.974045 3.136053 6.711027 -113820.668756
39.710099 83.185760 3.738137 4.927071 -113737.938479
48.252736 85.546862 6.070745 4.420793 -113886.977525
45.674825 79.158030 5.347738 8.817592 -113894.877685
45.199288 90.361086 3.565344 6.516308 -113790.697447
39.358015 86.350190 3.292590 7.953641 -113632.598230
47.090118 88.856581 3.284628 9.106572 -113731.115708
42.129801 83.750744 4.782021 3.644668 -113816.067452
44.330339 76.632198 3.576542 4.868339 -113890.540219
40.541359 91.075041 2.977536 4.103621 -113919.096461
33.134211 77.441047 1.537083 9.449441 -113854.673099
43.930325 82.483473 3.906759 4.302298 -113799.041692
39.483302 79.624783 4.768158 4.114149 -113835.258149
43.045998 92.441298 2.920604 8.703620 -113777.826705
41.533444 84.481996 5.748829 7.244446 -113666.496772
34.661525 76.932598 3.819437 6.124930 -113898.804844
45.100262 92.004105 3.598072 6.376464 -113852.320928
42.517977 77.725861 3.386974 4.736269 -113860.960080
36.459615 88.666114 3.645239 3.913959 -113917.430052
44.622679 74.130775 1.801585 6.414167 -113913.705289
36.068829 81.429364 3.849951 4.929264 -113808.198816
41.974749 84.693979 5.100539 8.058709 -113647.777700
39.379162 84.810002 1.891694 3.914859 -113916.643625
50.660281 84.851777 5.277476 5.914858 -113912.368037
40.788858 83.426362 3.176433 9.323954 -113590.481159
43.251331 80.525979 5.102820 8.340916 -113717.566287
37.633935 82.420946 7.595904 6.263666 -113907.630518
42.333647 81.999688 4.512839 5.137144 -113707.641487
35.621238 83.098356 4.063232 4.760377 -113812.719855
44.407297 90.653794 5.113928 5.573836 -113859.423888
38.566058 86.108271 5.360370 3.729768 -113837.881862
44.086799 92.183323 2.513635 6.273927 -113858.570385
43.870446 88.241867 4.661560 4.151762 -113840.301337
38.370671 80.517643 6.915643 2.803857 -113913.168138
40.036491 90.742817 2.659248 4.349872 -113910.557103
39.693240 85.771620 5.112422 8.996207 -113756.265341
43.003473 77.061690 4.776292 5.514342 -113840.055064
43.418840 87.636488 5.119108 3.595899 -113862.127648
44.488431 79.966544 3.944317 6.193363 -113713.653253
39.506687 85.908337 4.885081 4.690460 -113743.561180
42.341264 85.066771 1.324384 5.376372 -113887.946486
41.197188 76.979104 2.879895 7.547895 -113743.249858
44.541409 75.596806 2.139912 7.131071 -113837.321827
45.277837 75.831934 4.731775 5.709101 -113909.957645
46.432273 87.671655 3.822462 8.541749 -113704.519010
37.253349 83.620778 6.045247 3.599231 -113844.142857
40.789478 89.158404 3.110755 8.097940 -113683.411209
34.001484 81.947416 5.663881 4.833924 -113896.748426
43.591253 82.851304 1.767818 9.177971 -113693.900069
46.193943 78.502239 2.706867 5.927821 -113820.466201
44.589067 93.204934 3.111829 9.038270 -113819.614884
32.172659 80.058704 1.272425 7.311527 -113917.031788
35.254129 83.200839 1.567642 5.134950 -113909.566242
38.760225 83.988801 4.956704 8.660096 -113709.489028
37.016916 87.155419 2.267114 5.309402 -113846.424559
46.278250 89.094892 1.430315 6.810741 -113868.920628
39.275526 76.433527 5.317164 6.051491 -113885.757836
38.553501 85.308716 4.608000 3.770491 -113830.979104
34.094130 86.035954 4.630002 4.376420 -113893.827508
46.730014 78.976214 3.275426 6.510371 -113770.833494
40.424928 79.762487 5.525733 7.678985 -113756.209851
38.075334 89.927669 4.315758 7.640684 -113789.709299
45.666387 83.072320 4.229491 5.516899 -113721.348816
46.826091 79.194163 2.885961 6.937622 -113758.137394
41.647225 80.516316 1.747886 4.720916 -113893.179550
36.486991 79.164815 4.484007 4.627759 -113854.226635
49.218415 83.358702 4.748607 3.630503 -113918.302185
50.802160 86.640244 4.303680 6.663897 -113880.862063
47.799323 75.931247 3.861444 7.553571 -113873.181497
36.694757 89.107644 3.633975 6.086384 -113805.399502
40.363333 85.005067 2.683356 6.272087 -113706.940803
35.676392 77.107006 4.647201 6.897050 -113894.317466
38.353443 85.798922 5.302374 9.098950 -113836.998963
37.807590 89.956512 2.168042 8.836228 -113754.972211
39.963490 86.880756 3.077774 4.160023 -113847.333797
40.436299 91.275077 3.207909 4.660900 -113889.074550
41.542505 77.867430 2.132202 8.960401 -113715.746460
46.131817 92.170890 3.398653 7.013739 -113850.604275
38.614432 85.646780 3.575768 8.822322 -113631.914279
39.822555 83.199304 4.961437 5.117084 -113693.727752
37.319801 75.472963 2.440860 7.071642 -113848.601573
36.922637 85.742426 5.749549 8.213304 -113878.663493
34.709793 79.876052 3.146925 6.698818 -113799.624202
40.093281 87.806361 2.152489 3.887149 -113919.596742
40.810941 83.104900 3.419049 4.815507 -113756.321457
39.252932 85.325514 4.276972 4.529826 -113762.597820
32.765126 85.874686 2.379518 6.998952 -113845.461920
45.335600 85.636858 5.324053 4.304139 -113799.348397
39.696624 75.876513 2.757137 4.779378 -113913.244589
49.636827 79.762243 2.403329 5.678196 -113878.349571
36.473059 83.162497 6.995390 4.546235 -113839.457927
47.609636 81.562807 6.060621 4.062317 -113890.280697
45.522909 87.119943 2.395891 4.167620 -113900.427017
53.146621 81.315314 2.433385 7.681743 -113882.960089
37.043369 83.546404 3.688383 4.236289 -113825.399624
31.571146 79.139347 3.166726 8.415738 -113889.867950
42.141324 78.002591 5.995270 4.624386 -113877.982359
46.955934 77.772951 3.461002 7.418783 -113774.153783
41.720927 82.409601 4.502142 4.469671 -113753.889626
38.867852 78.907099 1.253677 5.534840 -113918.391180
48.572943 81.799753 4.786809 6.579237 -113789.584521
34.925441 82.157265 5.515784 4.245697 -113871.096145
39.936957 75.156187 1.868146 6.378078 -113886.360576
40.384249 83.643081 4.453768 6.569777 -113616.717635
34.740075 83.830053 4.234713 6.616762 -113768.749886
39.933823 79.853662 3.780662 7.531712 -113655.088498
42.945196 83.769474 4.574122 6.722752 -113612.732237
45.108744 87.391892 5.906012 6.354100 -113774.855360
37.899456 89.166659 5.465658 7.717617 -113879.785671
38.200663 91.814740 3.438854 7.075693 -113831.907391
37.403940 86.569077 5.601328 3.522138 -113884.299324
43.240800 76.084801 4.508784 9.142319 -113881.402823
49.531053 80.217338 4.323129 4.960520 -113886.458616
45.774768 85.769698 5.097633 8.647700 -113766.786583
34.085910 78.641474 3.922047 4.845735 -113915.345137
42.762683 74.061843 1.606688 7.260547 -113889.670494
48.558740 85.166664 4.589571 4.843326 -113841.108295
37.951548 88.194654 3.154470 8.824278 -113688.821535
47.881945 77.518992 3.810581 5.019057 -113904.582206
44.973969 88.924444 3.315520 4.302281 -113878.683515
43.100249 82.060030 5.710541 4.832309 -113733.089883
41.104333 81.739645 4.997708 7.217124 -113634.996135
38.102072 75.792897 3.294590 7.453611 -113812.589807
42.500637 76.123891 3.731700 6.480022 -113810.005263
46.763474 93.138713 3.279124 8.005095 -113870.390994
45.626960 85.316444 3.376537 6.440345 -113693.202356
40.585821 80.104147 3.977672 6.895113 -113659.246504
41.254883 88.952758 2.051599 6.680205 -113787.691835
33.106159 84.252177 3.552017 4.823854 -113887.041094
44.694025 82.966332 3.234965 5.834674 -113715.391626
39.563472 88.187566 3.646283 8.845859 -113670.287516
38.708255 81.514870 7.985587 5.394344 -113868.306189
37.437423 83.046317 2.796141 3.707041 -113891.711153
40.504047 78.144791 6.973741 5.150450 -113904.682877
39.237480 86.841890 4.598086 3.009950 -113912.869562
49.550467 89.000761 3.806293 6.670695 -113861.933780
40.961114 86.581238 2.507190 6.218234 -113736.072913
40.444615 85.471284 5.858276 4.800043 -113720.392468
36.674857 89.736210 5.232349 4.744685 -113907.353618
36.817545 74.149532 2.710511 7.865058 -113869.804441
40.846058 81.294630 5.534511 5.083600 -113719.563730
43.264302 93.701491 2.066528 7.729081 -113853.305913
42.601018 83.764982 5.520609 4.669548 -113719.697755
47.739322 86.088687 2.686849 8.338321 -113706.511945
40.255889 82.186505 1.415866 5.156488 -113890.435022
37.308852 78.660521 3.079825 4.395894 -113883.407451
37.601468 91.985375 3.796542 7.004691 -113864.646341
33.612980 81.407792 4.519172 4.137870 -113917.000185
45.924125 84.522972 5.011029 9.932239 -113870.888339
44.145628 80.641551 1.657402 4.747530 -113905.703967
34.817983 91.268051 3.341794 6.660128 -113903.665508
41.904161 77.574319 2.711333 6.676866 -113768.409571
45.156849 79.068121 4.408208 4.269335 -113874.050047
48.094893 80.704587 3.358027 3.904093 -113916.803290
37.139581 81.880792 2.540913 3.741448 -113905.851907
37.081154 87.645791 3.365876 4.122811 -113881.324337
39.436229 76.250842 3.234854 4.683609 -113902.271384
40.754963 87.684724 5.927380 4.939953 -113765.382940
31.945950 84.535765 2.324353 5.681176 -113904.885905
