7.593768 118.834431 1.791076 6.082454 -103748.555299
6.744304 115.182061 5.221434 5.931760 -103621.074612
3.601425 117.536212 4.472157 5.402830 -103558.244851
1.653559 114.060100 9.984474 4.206133 -103802.065699
4.071400 126.833495 3.593482 8.030457 -103798.834318
1.737710 114.496419 3.978526 5.403052 -103665.906222
7.108119 113.501579 6.467146 4.128722 -103720.234765
3.638831 123.584891 3.054988 4.664703 -103803.511927
0.668506 119.809604 3.905191 6.979460 -103622.670540
9.994318 118.665409 4.903062 5.341463 -103726.026240
1.198701 114.301191 6.077859 4.899859 -103671.758112
7.782674 116.802218 5.088757 4.244677 -103637.889707
1.797341 113.873680 3.514424 4.442333 -103748.316134
8.142858 123.779432 2.510372 6.139853 -103804.896172
10.576963 115.323734 4.011345 6.931506 -103776.048098
3.388935 113.923088 4.560849 5.555851 -103642.244693
9.122371 119.437640 3.633440 6.179505 -103688.299566
7.014465 113.808255 2.776118 3.484901 -103809.527576
0.893596 111.452962 3.214339 7.817499 -103752.738729
0.230886 116.317169 4.863195 3.599202 -103759.772244
9.375067 119.838105 4.514484 5.466978 -103713.149462
3.717733 115.174174 3.529434 3.988411 -103700.317394
3.630928 121.859210 5.218804 5.881472 -103667.472457
6.744421 120.285545 2.548637 5.403104 -103710.835642
4.282186 123.068268 3.754552 4.598947 -103764.665283
0.334370 115.879732 4.601628 5.005754 -103667.396876
9.621033 117.560768 6.648969 4.030491 -103755.207132
6.251775 114.824564 1.882880 8.304105 -103728.077683
4.316323 122.430428 3.809523 5.258250 -103710.986123
10.378352 120.685866 2.188158 6.010025 -103794.842867
2.186554 116.548918 2.965421 3.803190 -103754.145469
8.648577 112.373230 2.894134 6.057416 -103775.879852
2.990171 123.378569 3.646113 7.580996 -103700.716907
5.226893 116.354517 4.221424 5.214675 -103575.955872
1.213900 120.575576 4.419581 6.168579 -103631.795995
8.149876 114.473206 5.927251 2.490869 -103820.648584
5.785732 112.848486 3.983327 4.698550 -103721.905152
0.055948 119.091240 3.494885 4.212955 -103767.570194
10.894718 118.685311 1.792325 7.610769 -103784.411706
6.434098 122.907500 3.906895 5.010930 -103755.686496
5.273673 116.121641 1.890189 3.683875 -103809.724908
8.496166 116.077413 6.664445 2.755831 -103791.118657
5.206400 117.114395 5.963086 6.033644 -103566.931660
6.471278 119.163866 5.007573 4.469702 -103605.724556
2.727702 120.113724 2.151568 6.279802 -103719.708078
0.801757 120.274693 6.560753 3.520907 -103743.282092
9.823457 119.517718 3.071056 4.692835 -103773.169986
3.131358 116.632890 3.379773 5.167539 -103633.449503
9.688185 114.292630 3.314117 4.340110 -103783.922701
10.532492 116.368250 5.485719 4.429040 -103774.078557
1.840500 119.139464 2.394633 4.195949 -103779.283648
4.473655 122.318498 2.969724 6.101890 -103709.922051
0.449376 121.988788 4.273547 8.177863 -103654.083513
3.558956 116.269448 2.306369 5.922355 -103692.113320
7.083015 116.831923 4.582285 2.778937 -103770.279617
8.749780 112.818402 4.298933 4.146176 -103792.932988
5.428335 119.210469 2.672247 6.461383 -103650.331331
3.450744 112.450251 3.839033 5.604912 -103721.432067
8.675238 113.827758 4.537887 5.539620 -103718.469338
1.080460 112.030322 2.319879 5.439430 -103822.181969
9.225098 114.855707 3.673419 5.918523 -103704.201289
6.482530 118.348662 1.364142 7.484722 -103767.086589
6.572270 121.909414 4.493733 4.315838 -103729.282832
5.144319 115.876675 3.832144 5.021092 -103607.428213
10.021074 120.661216 4.366225 6.202363 -103766.690540
4.055471 113.709309 4.582495 6.694798 -103655.913107
4.726188 116.277857 2.543096 5.799809 -103666.832627
9.135409 115.426505 1.936561 4.860000 -103799.319762
4.503329 122.621904 4.973119 4.444949 -103733.147761
3.254333 112.452612 4.181165 4.432699 -103759.564013
7.808788 119.030635 2.841866 6.295604 -103669.128130
8.366956 123.397812 2.128967 6.354458 -103804.305711
9.380630 120.190749 3.711703 4.134669 -103785.602843
2.715960 117.250036 2.130310 5.522084 -103724.136592
9.524529 121.544600 5.267666 5.014021 -103807.458927
4.637100 124.194981 4.735985 5.306496 -103809.220036
6.352068 113.391162 5.389869 2.725558 -103797.651227
5.947862 113.795959 6.341607 5.681301 -103701.856442
7.135176 120.959069 3.320212 4.987700 -103706.589009
7.624391 116.812817 4.940138 5.859192 -103606.973947
8.527340 116.525205 4.770861 4.833935 -103649.120543
1.654565 118.588304 5.036966 2.387931 -103818.799656
2.548631 121.963088 5.072326 5.736976 -103674.276953
0.937862 115.715690 2.452419 5.154180 -103755.441670
3.706995 117.542581 4.797193 2.277433 -103788.836025
1.830335 120.803370 5.721512 6.314981 -103630.415241
2.159598 122.998204 1.823789 6.065129 -103809.265091
1.191060 118.047868 4.295584 5.831733 -103600.890765
10.705090 118.417763 2.343769 6.332849 -103764.780798
11.827804 118.080507 4.478810 5.968679 -103819.010242
9.660930 118.545892 3.751394 4.505377 -103742.872826
9.557285 118.456439 5.793649 5.390467 -103723.366517
8.027434 116.724800 4.840344 4.699342 -103630.106168
2.995780 118.108149 4.198449 7.568407 -103584.555724
5.178746 121.463889 3.316229 4.230783 -103733.448558
6.513130 115.465936 3.067160 5.079379 -103667.184685
3.148120 116.875707 2.464117 4.747415 -103717.644216
7.767937 117.974188 2.123457 4.213766 -103784.361814
4.273033 115.312157 3.370225 4.012118 -103698.795318
8.016523 118.823733 3.101359 3.229266 -103812.375670
3.048465 120.659164 2.510989 6.887750 -103683.298156
8.418328 113.245329 3.346995 4.341503 -103777.104671
1.767855 119.058676 2.659111 3.383660 -103812.809316
6.085859 114.496612 2.021585 3.703354 -103819.125890
3.534466 114.450945 2.644276 4.306499 -103753.460829
5.120464 119.891083 5.194780 3.970506 -103627.337665
3.381517 120.790589 3.812185 5.836120 -103635.315371
7.430074 121.498953 3.142511 5.046061 -103734.430434
6.588573 112.257658 2.532718 6.281008 -103757.631327
6.115744 116.949935 2.009646 6.851568 -103699.355254
0.619917 120.127095 4.567377 6.870798 -103615.110395
2.458427 115.631087 5.045573 5.459822 -103585.164071
11.017636 119.850564 2.541804 5.979574 -103787.826610
8.070051 116.554034 4.231027 7.391928 -103679.530674
6.982685 123.195273 5.361893 4.986166 -103803.220177
5.325447 114.866339 2.474084 8.081635 -103681.890689
2.774382 112.023348 3.775462 4.776526 -103778.053077
5.732572 121.622157 4.452934 3.685442 -103737.007888
5.716187 112.976357 2.385769 3.778158 -103822.778684
10.452870 114.164155 3.368031 7.019034 -103778.261233
2.935298 120.199271 4.021532 6.995725 -103605.517572
5.922519 116.825333 6.722590 5.312128 -103568.178312
3.107013 116.914181 3.045046 3.461252 -103751.856412
5.361975 121.663704 7.409478 3.825925 -103717.536579
3.679201 117.630750 3.440837 6.864645 -103591.390327
2.036200 112.244018 5.602849 4.861495 -103770.785642
7.078843 118.279352 4.500045 4.763707 -103607.089701
1.169238 121.586361 4.304727 5.723335 -103681.717749
2.623645 115.942905 1.918239 5.036255 -103769.098732
4.247255 115.712613 3.167158 5.153465 -103647.696247
9.874219 117.086931 4.655119 4.503795 -103727.436557
2.193605 111.978562 2.987898 5.598185 -103775.613377
5.320813 117.662815 7.890214 4.608941 -103555.475708
8.890509 121.551395 3.986473 4.278016 -103792.850081
5.627402 113.390566 2.911550 5.672606 -103707.423842
8.370595 120.203471 5.542792 3.978917 -103734.261161
3.619043 115.083174 2.869099 4.421536 -103718.307614
6.801297 122.127965 4.514290 4.344065 -103743.420997
0.628552 115.503312 2.628867 5.021966 -103759.575908
6.025157 116.400267 2.301817 9.360261 -103692.717609
3.116755 120.272937 6.826486 2.583417 -103750.033190
7.912839 120.757432 2.987860 4.829588 -103739.552991
4.005270 115.758910 2.388460 3.779610 -103772.610091
7.343193 113.121200 4.574191 5.656560 -103712.335085
6.418291 121.979880 4.433135 7.690186 -103726.192567
