137.444426 42.420533 3.505928 5.140748 -109769.739483
129.889986 39.905915 6.356214 4.491144 -109776.147065
135.758194 43.594375 2.410787 4.207247 -109746.423067
136.213116 42.165194 4.787445 5.695059 -109791.143648
136.983853 41.829460 6.221051 3.914515 -109764.709241
129.782920 41.211607 1.496185 5.725205 -109773.745634
134.784724 41.193865 8.586392 1.980982 -109645.118027
131.838107 40.293241 2.292557 6.702270 -109731.697552
136.289494 42.804732 4.241536 2.547336 -109759.437749
134.626921 38.298958 3.669845 4.904927 -109686.070223
136.592490 42.830305 4.003716 2.528337 -109778.087850
132.031063 41.205048 2.967342 6.453124 -109723.689122
135.300990 41.530436 3.502624 2.103662 -109755.065524
134.153646 38.666263 4.544221 3.770649 -109646.785890
131.555505 39.579570 7.635868 3.559248 -109638.029991
