154.052344 117.984248 10.826273 9.333551 -101914.637632
128.348895 114.930693 10.826273 9.333551 -101914.637632
139.462043 137.411116 10.826273 9.333551 -101914.637632
173.828451 99.419669 10.826273 9.333551 -101914.637632
67.522623 144.855638 5.358507 6.736462 -108931.036144
80.025040 155.174856 5.358507 6.736462 -108931.036144
49.241789 121.523719 3.013226 6.207158 -109301.453342
192.285360 149.157366 2.975994 3.949316 -109304.385505
40.690663 186.532844 1.316655 5.345749 -109400.111682
62.382089 189.081784 8.107444 2.008909 -109260.608376
102.510487 104.825444 1.051658 3.163675 -109403.570815
99.176150 140.984390 2.440293 2.029422 -109404.927436
