192.825116 29.410294 2.082721 8.572119 -106683.529916
196.562900 35.367800 1.361458 5.198515 -106783.040934
197.560822 35.508282 4.783151 3.193162 -106776.292249
190.237597 29.675314 2.611937 7.141670 -106699.625360
194.748374 23.827682 3.723626 8.620464 -106790.716656
195.921503 29.167346 1.535033 8.005480 -106699.086182
195.625822 25.034878 3.977584 6.261260 -106697.452930
197.028414 33.460634 6.046162 5.583973 -106705.842104
190.077418 28.844349 6.062226 5.071363 -106787.700696
196.667697 32.840438 6.209240 6.048228 -106719.148307
196.877108 34.630756 2.747590 3.408336 -106764.885090
195.835624 36.316062 3.498054 5.676408 -106753.111660
195.654079 26.060049 5.420898 2.613554 -106785.059128
194.220135 30.963350 3.696551 4.949213 -106633.510840
199.902524 27.824841 2.751887 5.488097 -106708.995763
191.936335 33.050178 2.762854 5.579937 -106700.363081
197.868468 25.944943 4.222473 3.540174 -106754.911368
197.579396 35.556448 4.073771 3.606955 -106768.541141
192.260895 27.984074 7.042602 3.532126 -106736.151928
190.753272 27.276948 4.913061 6.193080 -106765.247201
190.384965 30.144201 2.416658 3.911462 -106753.104651
194.597839 25.666339 5.674426 4.848644 -106728.066247
195.776896 36.701705 3.584199 4.220655 -106789.805526
195.043940 28.694530 5.859703 2.067577 -106778.041141
198.806543 29.559911 3.595216 6.657171 -106628.842301
194.059052 32.451002 4.313789 2.587931 -106749.245804
194.477447 24.090992 2.718426 9.462503 -106742.828446
189.567044 28.094379 3.351696 3.683326 -106759.921047
196.030999 27.425339 1.772334 7.250046 -106693.270199
198.075117 26.283935 6.808385 5.541583 -106732.859730
194.669740 30.489832 5.792144 6.571858 -106722.189834
197.572198 26.328857 4.326074 8.880664 -106734.086393
189.914473 27.314482 5.282332 3.964565 -106760.262365
195.505776 26.990905 5.080613 5.794073 -106664.665657
192.775496 25.571588 3.701112 6.061633 -106699.442887
189.561604 29.557711 3.526333 3.458506 -106765.978693
196.340957 22.400482 1.176889 7.700477 -106778.058940
194.659290 35.247275 3.909446 2.598026 -106785.719202
194.139228 34.405232 7.001836 4.026827 -106777.334090
193.707031 30.240320 2.611323 7.067559 -106650.360618
196.306610 35.445581 5.505780 4.092536 -106764.138228
195.544666 25.262185 6.040158 5.149719 -106758.992317
187.694054 29.368364 3.645267 5.190392 -106778.167942
190.235069 24.803133 3.259514 5.862294 -106751.991075
192.698399 22.963386 3.318198 6.081558 -106770.555136
189.597326 25.234109 4.144596 5.960214 -106791.634737
191.656987 27.313929 2.316044 5.589802 -106699.277821
190.044464 31.304775 4.198010 2.952390 -106784.017303
192.861398 33.761392 3.523283 5.886266 -106697.815517
194.764376 33.274118 4.427332 6.213759 -106681.584433
191.511215 30.130673 1.507694 6.459990 -106722.858208
189.630611 26.997182 4.633689 5.040787 -106754.800104
197.396476 32.706553 3.824419 5.953221 -106646.744246
195.560318 27.140004 4.330918 5.236509 -106647.530273
193.701117 30.113331 3.620798 6.809287 -106640.987501
193.527479 26.429092 4.498765 2.528992 -106787.575026
196.645948 31.695179 4.805993 2.775391 -106712.096722
198.530821 27.105377 4.698662 4.005879 -106712.580343
197.178332 32.110668 2.860438 2.215112 -106788.657015
195.507546 34.742672 2.375362 6.762221 -106706.392484
191.826450 33.681178 3.612033 5.494691 -106714.352268
196.270451 24.827522 2.840324 3.768737 -106769.989734
198.743857 27.522979 6.733921 6.102736 -106693.957166
195.949814 34.572481 2.606881 5.299559 -106715.430753
194.641118 34.146611 4.859032 5.998062 -106725.552588
197.197878 29.881358 3.399816 2.261296 -106776.301297
195.386320 33.909753 4.763448 3.350934 -106712.681364
190.877947 27.325043 2.359765 4.483630 -106735.165021
198.394127 28.962825 6.332487 4.790286 -106645.456816
190.111548 33.493970 3.271746 3.643875 -106782.165212
192.100993 33.464752 2.549235 5.592028 -106709.954643
191.291157 31.735860 3.395937 6.740662 -106695.842921
198.619491 32.856470 3.296239 4.795405 -106695.579160
191.110185 23.688824 2.537910 4.412246 -106783.187530
196.559438 24.842831 2.468748 5.525637 -106723.576105
195.421415 34.439431 5.067206 4.409870 -106712.260085
195.491394 33.288443 5.908726 6.317626 -106759.142872
197.393540 30.712462 3.163977 5.864428 -106639.020453
191.667556 27.851274 5.268414 5.240128 -106703.143580
195.193799 34.242290 2.384811 3.350469 -106765.265707
199.032557 35.995196 3.750695 4.328336 -106774.312823
198.557366 35.233899 3.545762 3.055375 -106789.279336
190.896452 33.574276 2.025650 3.803261 -106784.899898
193.120067 31.639519 5.355330 5.548044 -106682.205098
195.598352 32.567708 2.203012 8.855211 -106681.232383
196.397398 30.627354 5.768373 5.176146 -106624.882865
197.337685 29.198332 8.056120 2.298997 -106746.030314
199.533148 25.070810 2.948105 6.197426 -106714.421986
192.381993 33.379030 3.439504 3.112221 -106759.138221
