11.001827 162.245333 2.593218 7.698031 -117209.835712
10.546689 178.582431 5.367293 5.314128 -116817.677503
8.778969 159.987548 4.186028 7.548191 -117312.003242
12.686792 167.181909 4.449091 3.565938 -117413.224889
2.348746 162.081895 2.068351 3.374953 -117423.944774
14.320058 171.148585 3.765770 4.825237 -117316.736106
13.412916 175.266695 6.642625 4.195560 -117324.523193
11.538285 168.655403 3.157160 6.625577 -117121.394350
6.513873 171.818264 1.403436 6.421768 -117121.099954
9.384432 168.577654 4.758281 3.149569 -117320.684591
4.541702 160.853631 2.148360 4.821119 -117396.299231
12.136115 159.714362 2.141229 7.195326 -117282.199416
9.891778 166.178415 4.778093 6.603810 -117202.687543
10.863873 169.579291 3.375200 3.627683 -117312.876270
3.195338 167.168492 1.918450 4.546943 -117293.252993
11.514595 157.537476 1.352134 7.796398 -117277.846714
16.022496 176.040637 3.365769 4.124686 -117388.851796
8.650927 160.658449 1.889719 5.980355 -117352.589931
5.051525 177.155327 3.523659 5.012836 -116727.250914
3.291024 182.821410 4.378241 4.107313 -116863.210422
7.296109 176.828625 5.605228 7.422202 -116309.243147
19.635559 186.027360 1.120014 7.714614 -117379.417124
5.495454 182.017241 8.819905 5.207511 -116374.319743
10.902784 171.277487 9.385639 2.991292 -117402.788435
11.034602 181.542228 2.971771 2.500494 -117338.098675
8.492970 194.412225 2.645340 9.138492 -117266.566979
22.001334 170.250888 1.369009 6.656515 -117390.286946
3.449862 179.079983 3.198050 2.910866 -117105.912861
15.885939 173.643178 4.335323 4.683722 -117384.286957
24.370885 169.377231 1.983659 6.609730 -117401.264012
16.393980 181.989714 3.361879 4.897271 -117379.328737
18.276363 175.719210 3.962095 6.203166 -117411.868163
16.457260 160.428370 3.881276 5.740344 -117415.265454
1.465432 189.352428 6.041759 3.537313 -117267.986184
14.005610 177.811886 1.563061 6.087913 -117239.351350
10.255416 185.480742 3.945075 9.079607 -116851.344026
7.410887 169.072579 2.050593 7.228649 -117044.468571
5.870338 171.782029 8.249395 4.846046 -116736.058555
10.571783 174.538366 5.033568 2.421296 -117340.205037
13.099331 183.817128 1.393035 5.170857 -117316.303827
3.328198 178.610945 2.981829 4.742028 -116857.309494
7.656443 167.671703 5.909098 5.070962 -117172.633693
0.858589 176.390576 3.765039 5.095040 -116803.358361
1.914088 183.468983 2.687215 6.149224 -116889.354548
10.611373 189.820839 5.289312 7.957107 -117347.084660
12.457071 175.203727 3.710115 5.923672 -117023.047396
6.663096 172.437613 7.600359 6.006277 -116594.141498
0.701518 170.505092 9.533286 5.065981 -116874.667856
9.081678 163.603087 4.950282 7.766393 -117249.732881
8.751454 163.249372 4.563300 4.936248 -117414.937456
1.509664 174.854126 7.086773 2.705850 -117019.416653
3.067310 182.353926 5.033541 3.402131 -116921.077686
13.622183 175.968814 3.946144 7.609869 -116938.152319
4.354104 184.856450 9.286166 4.132297 -116796.648175
5.012709 163.254144 3.306496 6.850713 -117217.390972
2.454141 189.678784 5.335177 6.216562 -117076.303030
13.973471 177.369193 3.333581 7.980363 -116946.603422
6.774627 167.009491 5.580301 8.914429 -116912.052455
0.670537 164.512861 2.074451 5.191062 -117337.053655
15.578879 182.074436 4.819239 6.228530 -117312.517348
17.313040 175.940649 1.891254 5.869212 -117341.424305
14.172551 161.975240 4.875363 7.960678 -117364.921445
6.478666 177.050551 6.480580 5.976411 -116291.263783
9.734426 169.353416 8.681374 3.212597 -117366.030250
6.223037 185.632341 4.554932 6.965816 -116721.532081
10.049626 179.829566 6.456729 7.242216 -116603.745286
6.411493 174.180330 5.921295 6.651333 -116397.489019
8.019795 190.650698 2.940136 5.506340 -117283.415964
6.188669 168.366237 3.297339 4.860482 -117141.227793
4.250522 167.784494 8.321593 3.853011 -117259.503639
16.028672 174.625354 3.686693 5.795016 -117295.683656
4.011633 169.579700 2.312213 4.542927 -117183.636829
11.050656 170.065682 4.076851 5.898994 -117086.002699
2.035886 172.049454 5.516345 1.048037 -117398.248200
0.361221 170.592246 1.760083 8.826847 -116992.428139
16.793275 168.651991 3.516093 5.510711 -117393.760713
15.504330 166.605656 3.790202 7.292075 -117279.019814
2.646899 180.171461 10.851022 8.777804 -116526.907031
3.547359 186.946298 11.111595 3.267592 -117186.256658
10.585699 188.708054 2.446189 5.605893 -117273.080362
15.201678 180.016198 3.055766 6.170233 -117209.409122
15.831649 158.822059 1.720036 7.064331 -117293.184008
13.941717 169.290290 1.872464 8.012470 -117147.997364
3.248289 163.815043 6.139434 6.496079 -117337.084498
10.330232 158.504856 3.279434 5.342876 -117413.962059
16.294467 176.471161 2.662962 4.374621 -117380.131236
0.346144 162.170668 1.775737 5.181642 -117383.928298
9.556416 171.184452 5.057517 3.503853 -117207.596844
8.835294 161.676454 1.460155 6.786229 -117315.707600
9.765813 169.520047 9.157639 3.784830 -117366.218498
4.301318 174.393059 4.205222 4.770503 -116742.108934
6.362934 176.522247 2.209649 5.992972 -116887.274612
13.940072 164.557827 1.461637 4.936076 -117393.266188
10.114304 162.775964 3.117908 6.444919 -117298.272017
10.071093 184.156645 3.049994 8.572011 -116825.696600
2.197526 173.954543 5.670666 6.199745 -116440.266048
12.538742 177.499948 2.092925 4.147047 -117288.030031
2.555364 173.132924 2.114266 6.854666 -116926.301888
11.862485 187.780635 2.417827 6.089234 -117252.015588
0.503485 180.237228 8.027749 7.583987 -116064.616094
15.833719 183.408245 3.835047 7.882526 -117213.754815
8.336774 166.709251 2.801408 5.703377 -117201.325368
6.274192 186.550990 2.833370 5.488717 -117048.738797
10.949723 169.116369 8.163552 5.541940 -117404.844085
14.138766 161.675104 3.776240 5.889409 -117409.126222
0.205449 166.251027 2.270231 6.819905 -117187.480517
11.134900 189.742960 1.080234 9.255466 -117249.750160
2.058170 181.851042 1.089469 5.586883 -117200.419705
13.441378 183.332456 7.889707 2.536920 -117423.510363
6.408115 166.449726 3.240407 6.299097 -117120.829557
13.352883 171.825091 5.353159 2.589525 -117416.974243
7.668844 173.802303 6.868096 5.568090 -116582.114940
11.889761 159.021140 3.549769 6.622716 -117353.912434
5.181001 163.996083 3.973182 3.496740 -117404.969550
11.862799 171.740495 8.536827 3.514492 -117404.784516
12.615183 164.174170 4.075202 5.697726 -117384.936557
6.805832 179.509449 4.476985 5.213079 -116607.047326
5.957878 193.199765 5.183192 7.481223 -117388.022282
7.784997 173.102778 5.585242 5.183603 -116735.887531
6.832103 179.546267 5.957508 2.848004 -116990.151307
14.779709 185.403796 5.512479 7.792831 -117405.533471
11.260169 177.207156 1.777150 2.664970 -117376.894288
12.470009 184.839182 1.680046 3.653188 -117369.150776
3.985419 159.942753 1.782709 7.196709 -117300.573125
10.627954 176.988328 8.073749 7.194000 -116811.301837
3.304510 180.375586 10.054653 6.256067 -116115.507193
8.517439 168.084339 8.572238 3.716188 -117368.598915
8.012267 171.146442 4.540179 5.512859 -116887.495092
4.843330 182.138151 5.599297 6.245201 -116387.865807
4.775015 165.127043 3.220100 7.556194 -117070.129157
8.430983 171.281617 1.668177 7.373136 -117048.631832
4.938390 175.219458 2.930690 6.039551 -116747.091972
13.270429 167.178039 2.897267 3.008602 -117418.231579
15.599139 160.142390 1.959750 5.818314 -117364.464935
13.456661 171.858905 6.047627 5.718600 -117263.842464
13.198869 167.095562 2.296098 5.750757 -117302.193241
9.358833 175.437389 5.005775 8.660671 -116497.758430
7.451211 174.534492 4.363933 7.003913 -116523.353464
7.602366 177.845990 8.374825 4.051716 -116622.270324
2.583847 166.771843 2.427989 5.778814 -117197.762854
6.290017 175.781359 7.283094 3.010903 -116893.866219
11.375593 172.301714 6.052387 5.221015 -117083.327579
7.110661 166.907593 4.094155 4.811383 -117213.363736
2.392690 158.115584 3.075753 6.346114 -117361.404441
1.310359 176.403859 8.686147 6.780128 -116073.984713
3.716876 189.313252 9.563221 2.016731 -117393.229928
8.916728 157.007284 1.368096 3.947361 -117426.281258
11.946591 166.055639 5.325635 7.963031 -117246.242554
3.440785 181.988237 6.099916 4.684985 -116552.048638
12.966763 176.363816 4.939409 5.770286 -117044.412399
14.937650 167.922563 1.516827 7.280193 -117266.374096
6.840289 167.435440 8.359472 7.608345 -117366.954880
8.906194 172.248951 2.848968 2.038069 -117369.457489
11.520638 176.301824 4.520156 6.001658 -116877.690766
14.599433 176.704241 4.017097 3.104480 -117400.744373
8.741186 171.176605 7.487551 2.805312 -117237.030820
15.392877 179.896378 2.433610 6.347358 -117223.044987
0.240554 192.605450 2.711228 7.212466 -117236.126509
8.743368 156.473012 1.651454 3.957620 -117423.880582
10.756893 177.326253 7.182775 5.160581 -116854.865952
3.425008 168.294483 2.761814 4.825871 -117178.604387
10.658020 168.415262 5.555942 3.255499 -117362.756068
8.230488 171.892406 6.978759 2.469632 -117236.211390
14.965925 176.093385 2.523342 6.217606 -117202.866821
2.233253 169.734105 3.618613 9.564651 -116614.411464
14.971288 183.544959 2.520746 6.087701 -117262.961539
0.735935 183.281841 10.003089 6.337322 -116361.593874
5.329412 185.193457 6.477082 7.401317 -116594.674446
8.529593 179.195384 8.559044 1.986210 -117216.537464
9.247672 162.524953 3.087425 6.045038 -117324.257602
6.662708 175.469502 4.326605 4.871577 -116715.896440
1.926157 168.958275 3.110986 1.547140 -117396.918133
11.966950 177.497902 8.086134 2.678157 -117359.311501
5.375696 160.346769 5.677072 8.273908 -117388.249053
5.624539 169.219664 4.089422 5.913666 -116933.833913
8.275009 181.627894 7.014094 6.461870 -116504.594740
11.394481 180.586203 9.023005 6.110008 -117084.858398
12.802198 167.612011 2.779016 3.845769 -117380.180308
12.111986 159.271335 1.480303 5.241321 -117395.867040
13.669249 167.231226 1.387796 4.749059 -117380.958730
1.535456 161.211803 4.673948 5.814690 -117397.759364
17.092788 161.887064 4.948891 7.521824 -117422.988426
3.817890 172.263179 2.850893 5.877363 -116888.350171
7.115279 181.387444 5.888104 4.089569 -116752.106111
2.500456 163.483537 5.249446 8.537625 -117090.513152
0.188568 181.286001 8.895489 4.725089 -116502.466068
1.403483 190.636260 4.692043 3.531726 -117328.065993
9.702595 171.742151 7.074321 2.733576 -117285.471095
9.475369 174.231325 6.870000 5.851595 -116709.316180
6.503485 179.196303 5.065513 4.709007 -116604.987643
15.284658 168.364159 3.136475 3.541834 -117415.824872
3.692034 161.029545 4.365834 5.529647 -117417.315459
11.218250 190.524974 3.886497 6.590870 -117339.414429
13.813910 180.025448 3.843865 2.255457 -117395.982096
13.552051 175.730045 3.206652 4.750220 -117236.906021
10.797584 160.522533 2.664448 5.747191 -117371.751614
1.189965 182.131320 4.137667 2.194211 -117246.328056
4.524768 156.342067 3.515825 6.189367 -117378.939206
6.293740 170.739456 11.032004 1.416582 -117322.759267
10.359271 176.018109 1.278678 2.492727 -117395.688845
20.817172 171.475823 3.864797 8.151765 -117410.182753
2.497789 174.510236 5.472345 2.086292 -117194.658723
17.473618 182.916771 2.534961 5.463866 -117384.597026
0.316283 181.238384 5.233492 6.253503 -116492.706132
5.703699 185.198134 2.523920 3.328647 -117233.087110
5.564030 169.419284 6.163318 1.910163 -117322.761313
18.390218 188.378337 1.554816 7.392919 -117387.063222
3.218936 176.620964 6.399332 4.423322 -116503.659847
6.128504 159.515720 2.020517 5.612097 -117376.323897
9.561393 169.920560 5.585142 6.909045 -116928.198229
14.211678 167.738272 4.444428 5.623977 -117359.601058
12.448353 178.561283 1.381019 3.349604 -117370.968575
8.742633 174.682425 4.786728 1.771024 -117347.684025
0.025793 180.752150 4.141655 4.544662 -116902.355726
5.878286 181.765208 7.287115 4.569553 -116514.719450
14.338900 170.914583 2.778594 5.704085 -117261.722134
7.639058 157.284678 3.078446 5.520685 -117397.568292
8.726814 182.823792 2.926752 3.160612 -117235.969878
6.554568 182.181596 9.890696 4.947009 -116512.916903
6.813555 158.558055 1.748397 9.057023 -117168.485975
1.337390 176.148853 8.161423 8.081412 -116054.169830
16.367972 168.691304 3.473061 9.199152 -117084.644401
15.487687 178.947422 4.250245 3.244038 -117417.241350
12.840774 178.135933 1.643757 6.487934 -117161.064408
19.420029 165.019216 3.221820 7.453781 -117308.433504
4.245101 174.885229 4.793901 1.449598 -117328.839194
8.899446 169.250946 6.114501 2.176411 -117356.640035
10.548695 168.442211 7.535415 7.876698 -117381.361596
1.287536 163.690872 6.342576 9.226921 -117078.264871
15.558794 163.643648 3.513859 6.682718 -117343.892451
5.869637 174.168479 4.784643 1.019516 -117401.269670
8.396966 174.664234 7.509400 1.475720 -117348.501609
0.484631 170.344860 8.096500 1.346849 -117383.969156
12.911204 185.193868 4.260640 2.943006 -117385.405584
16.437582 170.411594 2.908299 4.537129 -117392.883919
24.089646 169.195308 1.737290 7.079097 -117375.812007
10.135264 177.045853 7.266078 2.404823 -117271.435107
2.710164 167.321697 7.509414 7.707323 -117002.789984
17.033849 167.113879 2.002890 4.109789 -117418.059178
4.170188 177.386860 5.358022 4.846407 -116493.884147
13.010148 181.458747 6.130333 2.976746 -117334.824197
15.915297 173.446016 2.735050 7.361977 -117170.526909
9.640055 188.805521 2.170269 2.140402 -117418.474863
20.176014 177.663626 3.095304 8.118608 -117344.782601
11.561339 171.831493 5.235277 3.078164 -117333.582659
12.159156 171.756593 1.457782 4.542852 -117326.523691
13.384531 166.099227 3.141215 5.210936 -117353.133223
0.242362 179.209996 7.957279 6.146183 -116196.036575
2.672337 170.615010 4.584513 8.627349 -116538.792683
16.693016 166.739659 1.998829 6.703356 -117315.471243
9.316742 157.051608 4.440381 6.871628 -117398.218908
8.381353 171.337192 5.023640 5.016410 -116935.218220
4.848750 176.806395 7.146933 4.565857 -116398.455751
17.092595 169.971031 3.103226 4.300485 -117416.835963
9.667318 171.559007 2.698115 2.767848 -117337.449046
0.973393 164.028239 4.551759 7.163568 -117162.567046
1.399015 175.189575 5.493966 2.856131 -117051.375913
18.747492 170.203915 1.980488 7.241301 -117311.055283
4.600312 173.572029 4.654839 7.187694 -116442.935420
1.198121 187.893337 2.103613 8.192553 -117030.838405
7.840893 175.991789 5.984741 8.721528 -116371.155384
8.886329 170.549866 6.631266 5.281906 -116989.214024
1.720745 174.692556 4.524753 3.215262 -117039.574592
11.506963 168.979714 5.826303 1.806845 -117422.059099
0.840040 160.466301 2.858357 7.275024 -117277.571536
11.541159 182.950305 2.861545 2.954759 -117329.979234
8.191531 181.479494 7.780165 7.442795 -116546.884014
12.749200 173.499087 2.768814 5.868409 -117130.552746
13.744495 162.825285 3.470375 7.051345 -117300.942251
7.988195 171.199412 6.055554 5.783179 -116810.317760
1.740577 176.652773 4.772604 5.661386 -116523.283874
15.588593 169.849428 3.211322 3.475250 -117411.477666
15.218496 174.393277 5.599029 5.585496 -117344.262724
13.545736 156.928167 2.007694 5.711398 -117359.748650
6.080326 185.894716 6.190643 3.418581 -117096.509889
17.938428 178.905342 2.112301 7.908019 -117239.096298
5.354113 165.412506 4.554336 4.247778 -117319.704984
16.191014 169.359380 2.343191 7.881280 -117191.955326
3.021349 170.039568 2.267403 8.239262 -116897.910715
9.644662 168.975501 5.226380 3.893313 -117255.991909
10.692972 161.985484 3.660673 5.337585 -117406.236143
17.419460 168.894525 2.047870 7.414180 -117272.014608
1.566475 174.044238 8.439587 5.584654 -116377.429481
9.880102 164.634748 3.694879 6.825728 -117217.448724
14.145311 189.319201 3.478391 7.058311 -117362.872710
13.873936 162.759432 1.570369 7.248945 -117292.600611
11.673141 177.287867 6.087806 2.387631 -117353.196297
16.085522 170.326293 1.630361 7.814458 -117227.453461
13.546429 168.784985 5.156033 7.148694 -117240.470779
13.485258 171.694579 1.034548 2.989853 -117418.425130
2.483479 175.427552 3.569847 2.990632 -117106.766808
17.392613 165.534729 1.254833 4.135127 -117423.642410
5.634344 184.047475 6.788008 3.471279 -116922.711820
20.410050 168.617353 1.627879 5.840732 -117398.424612
8.702141 180.259694 6.810604 3.937476 -116833.559564
8.409973 164.041072 5.359684 6.127938 -117367.131374
1.266588 176.320601 8.318666 1.640240 -117199.746135
9.806886 178.391916 3.369236 5.292560 -116905.093106
3.199287 164.873695 2.794440 2.486986 -117418.057320
8.412665 169.861023 3.684516 6.030474 -116974.276459
3.676527 173.835672 6.319807 3.137933 -116921.756777
12.513237 178.250595 2.375974 6.753150 -117031.267334
13.659330 177.595795 5.025707 8.045256 -116935.203150
1.886027 170.574585 5.910889 8.226250 -116513.597492
0.384763 167.078232 4.894990 5.078064 -117183.490395
5.466822 175.446889 6.686424 1.845355 -117213.735920
5.171612 172.465217 7.580747 7.688014 -116465.015577
4.383541 170.646308 4.296543 1.615449 -117352.083657
15.135939 179.730746 3.278262 8.994358 -116988.736359
4.141710 177.215661 3.473679 9.203880 -116391.938954
10.291430 158.354322 2.165999 5.753542 -117370.912493
13.543155 175.980837 4.904176 6.651838 -117021.389331
19.457023 167.004006 1.596585 7.025123 -117336.350525
8.361770 171.090447 7.090334 8.958493 -116861.157928
1.280240 179.833599 1.942685 3.274043 -117232.273549
15.196035 176.489701 2.687059 3.084165 -117409.559994
10.900528 184.325343 3.207206 2.761571 -117342.803488
2.892631 167.238441 7.541765 5.039613 -117198.543538
12.526871 166.044477 3.661552 6.997000 -117216.807163
15.636154 167.217517 2.942315 6.775369 -117284.025041
7.588687 178.954693 5.439267 4.222009 -116733.721429
2.108474 167.636466 6.101575 3.949151 -117227.061214
6.177904 167.522324 3.821956 9.947402 -116703.884169
8.880284 183.313028 6.791584 2.707175 -117209.839104
5.650483 164.842404 4.819907 7.279952 -117134.665330
6.714929 173.835985 4.151336 7.937609 -116482.107302
14.919041 182.420503 1.754887 5.072849 -117334.310809
10.706547 171.059935 7.687992 6.015093 -117140.969830
14.338278 180.540332 3.431596 5.441469 -117215.893765
7.013753 174.467531 9.667551 9.846516 -117328.459448
10.510883 178.828768 5.037454 4.283827 -116995.160395
14.707854 173.477837 2.863231 3.001011 -117405.640368
13.105271 181.224999 4.341631 3.694903 -117286.144005
7.262915 176.905102 5.258667 5.344743 -116530.076022
1.540040 183.677190 1.977073 9.199622 -116858.059234
6.115810 157.999693 1.085322 8.300343 -117291.268717
1.762228 190.614137 5.786084 5.559199 -117210.285664
8.208258 183.415055 6.568033 5.019204 -116762.316795
13.913095 178.661847 3.765222 3.510300 -117341.087203
13.397486 180.615728 3.891177 3.084469 -117341.225597
7.743343 179.353302 2.649597 4.390784 -117015.391166
1.810790 170.802518 5.205203 5.271501 -116852.311625
11.776490 163.864914 5.732181 8.638388 -117363.559546
3.679296 162.088745 2.095466 4.666711 -117387.426532
17.622639 160.149180 4.798091 7.622865 -117360.546226
16.536306 165.223241 2.110619 9.881992 -117047.809540
8.998170 182.087976 3.044269 2.114356 -117343.340924
2.477272 165.042159 6.553901 9.025376 -117047.093216
16.266008 174.435667 4.021685 6.737044 -117252.184348
23.411687 171.018159 1.708664 6.364075 -117415.056666
10.972374 168.184803 1.819144 6.831545 -117188.517063
14.924005 158.948796 2.298687 5.010302 -117396.294815
6.006532 185.495499 9.118751 6.110656 -116851.247162
10.511366 171.725964 1.681707 2.725953 -117384.634964
5.915076 171.383758 4.826821 8.739899 -116509.029408
0.193766 181.532001 6.249527 3.479836 -116950.342724
3.111664 176.934849 3.007835 9.297299 -116489.103097
6.580311 181.370787 1.939700 3.502912 -117203.132564
12.057057 171.732182 5.472591 6.818423 -117015.904879
15.202757 174.014908 6.683837 6.656545 -117420.008827
13.206250 166.856622 4.321935 4.647296 -117390.725868
1.026090 184.908906 8.697321 5.206367 -116674.022244
11.566653 171.840154 5.129836 3.603313 -117284.032308
8.946065 174.384393 4.796576 1.678740 -117364.349043
8.079959 167.689694 4.117989 4.485382 -117219.176894
9.160203 161.240919 3.707127 5.420777 -117407.794926
24.320099 167.916901 3.404189 8.664734 -117328.455913
10.501399 171.417717 4.797495 8.128444 -116786.309146
8.344582 179.169493 4.084559 7.269115 -116516.745106
3.490627 184.187259 6.154679 1.276039 -117327.121641
11.297887 162.695324 2.023164 4.099806 -117415.114322
5.554461 180.377738 11.690947 1.099300 -117316.233694
11.310486 178.195334 2.547216 2.832593 -117334.650469
3.816843 174.316728 1.665881 4.452832 -117150.849562
16.104400 162.320694 4.706105 7.120126 -117421.248665
16.965135 170.663860 4.320235 5.835697 -117411.671972
13.985124 176.679592 6.091137 5.180133 -117249.932152
0.954790 165.723171 4.158855 6.267280 -117151.866355
13.785670 158.465079 3.898487 7.609170 -117284.130952
18.552871 181.177925 2.802675 6.122628 -117385.478083
1.215959 186.466634 1.504413 3.234208 -117345.946167
6.938223 183.418935 5.171900 5.026319 -116734.371923
6.686759 167.273037 2.226179 8.335885 -116997.047008
5.055957 187.719679 1.900848 4.503298 -117247.252940
7.211738 165.092865 1.988085 5.222653 -117308.167560
12.952172 170.146423 4.580588 4.175099 -117331.549785
19.106591 162.828997 3.353362 9.861227 -117031.997998
3.340403 191.979360 2.093584 4.666803 -117345.580724
0.258593 166.198676 6.367016 4.170079 -117317.427730
14.261533 166.749247 3.380245 5.600256 -117343.077129
0.366409 173.722508 4.283702 3.221796 -117147.179184
1.383023 166.234054 4.333104 5.975520 -117141.462183
11.947795 157.621497 2.879225 7.892602 -117213.571394
11.341516 185.207242 6.041518 5.787885 -117136.365393
9.941692 171.044207 1.474514 3.455226 -117352.897884
2.031849 160.217282 4.646615 7.658200 -117292.528007
9.494753 177.211912 7.700385 3.976346 -116895.593827
7.117624 168.500736 5.111707 6.617174 -116934.070425
7.581435 174.963260 4.583669 5.574353 -116644.486607
3.694938 176.784364 5.516720 5.138260 -116441.274241
5.975365 163.011569 1.715328 6.873526 -117272.202958
0.800411 195.363998 1.352944 9.855095 -117282.222333
19.377277 162.995057 2.965975 5.254702 -117400.144228
11.511784 170.280949 6.852339 2.868040 -117386.641902
7.985242 171.777231 5.776162 4.637715 -116910.738304
13.331461 181.124916 5.877481 3.604351 -117314.741856
19.197854 184.055312 2.292802 8.352620 -117321.468383
18.081398 175.665983 5.247997 9.797610 -117414.190188
16.313901 186.395741 3.243664 9.410218 -117245.967595
10.773613 179.765913 1.163471 3.128548 -117366.752726
11.564226 167.257574 4.818072 3.149647 -117409.985844
12.438266 171.890563 5.780960 3.826246 -117317.717814
7.720634 166.978761 6.570057 3.861646 -117331.186673
7.358760 172.510453 7.505984 4.134106 -116861.932141
10.959790 164.516864 4.885044 5.460902 -117400.314850
14.632678 170.358220 1.816046 3.796868 -117392.215994
18.210509 166.470313 1.390736 4.607596 -117415.753227
26.015003 172.034159 1.270576 7.338235 -117399.478180
13.385097 171.880339 3.397780 3.833739 -117338.866576
4.727082 170.019825 1.963391 4.984155 -117168.983731
3.836477 182.460074 3.420440 6.057555 -116698.517214
5.422257 170.251532 2.865879 3.165463 -117245.035164
8.153133 179.260433 5.905957 5.674977 -116492.549376
7.597753 174.523916 4.860673 6.464459 -116532.810792
18.303154 168.142871 1.456192 7.991057 -117277.641709
3.703418 161.433843 1.219417 5.599030 -117380.860672
5.599496 163.827111 5.294485 4.935271 -117393.665852
0.884693 163.707062 5.093961 6.305525 -117270.258890
7.533376 187.069269 5.084901 8.505100 -116855.976450
1.266667 190.292598 8.784957 4.876528 -117344.810996
11.629338 170.379314 4.175392 4.006286 -117282.165743
12.169710 178.626601 8.227934 5.309036 -117111.863970
13.922496 165.171919 4.038347 6.538484 -117334.847004
13.259938 182.065143 7.291759 5.520360 -117286.102548
13.788910 162.729674 4.129361 9.817034 -117053.329567
12.148219 176.717017 6.575016 9.343545 -116974.495880
10.344053 181.973465 4.327519 6.198594 -116817.025694
3.279234 166.462903 2.283085 5.801961 -117211.531194
11.230343 184.388822 7.035787 5.314212 -117146.781622
24.880688 178.390122 1.978231 7.977131 -117426.348602
4.585014 164.214580 3.804284 4.674685 -117336.142474
7.120193 178.510190 2.198729 1.500502 -117386.183113
5.693708 170.306421 4.627731 2.172596 -117289.815868
2.628393 185.989433 5.915016 7.182803 -116618.584615
9.404061 172.142519 7.097027 9.693762 -116944.041467
7.951740 178.699654 6.922322 5.741337 -116408.019996
3.453692 179.966133 8.299875 9.459902 -116303.320985
4.371620 166.861043 6.668015 8.178971 -117001.635102
9.401327 172.714135 5.362189 8.942478 -116619.545181
2.693201 166.127221 4.160723 3.549974 -117333.208812
11.640788 184.676861 7.186504 5.856505 -117211.027494
14.970421 171.659604 3.398830 4.841240 -117331.939435
9.872731 168.819425 1.234568 6.729156 -117234.207135
8.652720 156.280434 4.880108 7.518748 -117391.542494
1.554821 166.501638 6.868991 5.755125 -117175.884518
3.737924 172.693269 4.082768 7.340464 -116549.615942
11.628998 187.064044 5.632928 2.129365 -117423.218666
4.518405 164.181498 4.153573 5.564211 -117285.144947
1.884514 163.937952 3.690935 6.184895 -117246.402454
5.680193 172.071286 5.567168 5.510753 -116670.517294
8.231475 170.831144 4.489394 4.674234 -117023.252388
9.064954 189.099662 3.005595 5.015315 -117268.659743
4.272866 166.211864 3.473782 2.335325 -117400.290032
7.211387 167.014638 2.920475 4.300420 -117274.483676
14.443467 169.907443 3.493744 9.985168 -116905.039783
16.379879 165.038529 1.610865 4.702713 -117407.068202
10.084757 175.837462 2.106637 4.708133 -117153.445758
11.424103 186.742525 6.414761 2.312967 -117420.520039
6.117611 166.131575 3.238298 3.287497 -117356.372341
18.517422 164.322294 1.504748 4.433111 -117417.781319
6.812824 190.528250 5.552130 6.183912 -117276.834297
15.166262 178.488022 6.179412 9.177135 -117318.830804
8.885165 167.486593 2.233675 6.605928 -117147.021857
16.140293 178.046063 4.175183 7.214538 -117199.827524
11.501835 182.608001 3.216674 3.133166 -117301.043509
16.959729 159.901742 2.508815 6.404861 -117322.672099
12.618098 178.940309 4.057377 4.347489 -117186.848415
3.735706 175.378613 4.723756 5.919210 -116472.295055
16.809066 178.665877 3.297229 5.008194 -117373.621421
4.902434 178.671394 7.646057 5.638844 -116166.056731
4.913759 183.798012 2.941620 3.318958 -117152.195116
10.371058 172.905908 3.726133 5.893308 -116938.299111
19.079043 166.550953 2.825814 6.859764 -117343.901946
11.116486 183.981874 8.483812 7.889537 -117424.850677
16.322729 174.620419 4.114153 4.553990 -117399.205427
7.423975 168.452940 7.038605 4.912032 -117145.448030
9.290387 187.899828 4.323576 3.393987 -117330.012335
7.356271 180.577478 4.241217 5.050083 -116711.185745
19.860269 164.832713 4.327600 7.537273 -117394.150908
22.166489 176.649395 2.555946 7.425606 -117415.861700
9.467796 179.331562 2.478525 4.005125 -117152.986463
6.357832 167.639637 7.116205 6.356034 -117122.169737
9.794929 163.685726 4.555362 6.208377 -117345.314086
16.159864 164.578582 3.125764 5.335901 -117402.973977
19.887937 166.448781 1.673627 6.131472 -117375.977424
13.581231 159.985158 5.535857 8.784661 -117410.609242
12.462504 174.649120 7.035589 2.627828 -117418.083200
5.985342 167.777108 5.529512 4.529406 -117158.252811
26.085581 173.229517 2.419206 9.899157 -117324.020962
8.101553 171.246523 1.353216 5.122258 -117235.531243
2.560228 169.099460 3.729389 5.730852 -116993.905509
7.731094 184.580958 2.031259 5.699929 -117079.350141
12.813440 174.598223 2.177515 3.267783 -117369.012140
12.561039 169.224106 2.302006 4.714231 -117314.210841
1.412623 182.836750 6.167382 6.535169 -116391.004856
14.347497 163.591263 3.799836 6.299566 -117371.986542
8.048207 166.672456 2.299007 9.383445 -116934.275835
4.177489 173.858124 5.432350 7.558026 -116321.889686
23.849607 179.886395 2.013505 9.536969 -117359.262641
9.445132 189.667097 5.090445 6.633464 -117272.511533
2.131629 185.498215 1.753111 2.201629 -117367.501683
19.181006 171.022856 1.988549 5.911310 -117387.600387
8.249161 162.226448 4.404440 6.528321 -117348.888210
3.133394 169.627170 1.987796 6.120030 -117107.267573
6.979431 167.707509 2.352324 9.937607 -116840.293053
11.273350 167.726155 1.055295 2.672635 -117424.210506
13.232098 171.782569 5.858129 5.089467 -117278.607510
0.428720 180.502022 4.696934 1.378299 -117356.364735
10.580794 188.828475 1.514387 4.944252 -117347.811310
5.320920 167.379027 4.931004 4.176349 -117210.797161
18.154596 168.755682 1.861195 3.999046 -117423.248268
2.856528 158.187430 3.791628 5.801532 -117413.619521
9.778810 170.364558 3.041751 4.613182 -117183.852861
2.810585 179.890716 11.223281 5.297878 -116150.560133
4.586366 169.883264 2.223106 4.005297 -117222.918625
7.325579 163.291463 2.510129 9.225622 -117022.591776
5.923471 163.865285 4.723625 4.323904 -117395.757683
13.339731 169.334692 3.055912 4.729875 -117317.307352
16.639686 164.911311 2.766504 5.192243 -117401.118971
11.374874 176.056629 5.824301 5.566500 -116895.292068
8.970533 172.468590 2.206989 6.171365 -117024.062247
12.215845 160.059197 2.475261 6.940609 -117297.691347
12.726554 164.103975 2.454602 4.619015 -117394.833633
4.791258 161.044501 1.376069 5.696092 -117373.554510
19.091006 164.548935 2.697448 6.803073 -117330.409544
0.649968 172.252279 3.670722 1.898217 -117351.420485
14.824680 163.284394 4.481101 7.082169 -117383.037487
4.812217 171.098078 3.315708 7.197466 -116754.253250
10.378695 169.780184 2.789680 2.126546 -117397.770231
7.896747 177.017291 2.784273 7.792441 -116664.563706
13.446842 162.910718 3.320980 4.903565 -117418.559608
1.529662 161.162648 3.202673 7.560892 -117232.811896
14.775923 161.373322 1.348242 5.668081 -117383.253283
15.764632 167.932710 1.100718 4.771910 -117401.768197
2.721193 164.471687 3.475614 4.567594 -117333.332857
2.084617 168.709114 7.115741 5.417857 -116983.811406
7.531776 160.873353 2.557417 6.525455 -117310.934618
6.844845 181.418732 5.414131 6.725201 -116402.458361
8.020231 176.095040 3.720363 3.426728 -117087.548868
14.147243 158.616708 1.925680 6.172067 -117345.631690
6.005737 186.035966 4.862633 4.803120 -116939.299146
5.084147 168.858568 6.703683 6.747761 -116872.418037
19.274481 162.437109 1.980855 6.095920 -117349.049591
0.483448 160.887810 3.157202 6.024332 -117351.836381
15.356417 177.220137 4.496563 3.452439 -117414.037333
13.058374 168.957419 3.558642 5.384406 -117270.464866
4.816413 182.096836 3.499789 3.520069 -117019.173653
10.742742 176.366132 3.831085 5.408723 -116927.163534
5.058183 182.987411 1.101989 4.746896 -117234.430006
6.230079 174.833907 6.942527 3.457719 -116816.942940
12.469083 190.870369 4.278308 8.243382 -117390.420242
8.678780 171.972104 7.077840 3.367030 -117126.105296
9.559346 172.858732 5.091438 5.906294 -116810.253348
14.428998 182.361388 1.805493 4.848874 -117329.623952
13.773675 183.094489 4.127469 4.666836 -117282.002477
14.652901 161.854725 3.531598 8.050518 -117224.997528
15.988777 162.578812 2.729589 4.723012 -117417.665947
2.830358 183.789183 5.611411 5.193411 -116641.938875
17.639596 162.365391 2.923068 4.506885 -117425.016917
16.032986 166.400284 1.900573 5.951420 -117351.061767
9.753281 178.293527 7.415292 5.377976 -116673.746558
1.878673 162.320559 5.997069 6.553753 -117394.396590
7.691334 177.827072 3.654530 7.733834 -116503.413739
10.351928 174.634240 3.768004 3.602182 -117198.804459
14.213488 174.215940 4.971246 7.289491 -117078.410838
6.406533 171.383835 1.535747 3.536148 -117293.977400
0.652344 167.589498 6.212843 7.938164 -116829.634461
6.448139 184.589362 5.968565 9.583245 -116634.765813
13.022940 165.580730 3.931876 5.595627 -117356.867456
17.237200 161.910099 1.846974 7.544509 -117267.039443
14.332283 174.978252 2.693365 3.663027 -117366.975270
6.941038 178.249528 6.651537 7.496856 -116238.306748
7.739807 169.354710 4.764662 6.091883 -116934.689683
4.402850 171.189037 4.319544 3.225978 -117122.967762
4.552851 184.005584 11.579935 2.896590 -116948.838444
1.631211 174.018333 8.576698 2.331243 -117099.049547
7.343105 158.627816 2.804078 6.782134 -117317.963212
4.707248 169.266359 2.936303 3.149264 -117269.328359
21.420434 169.345464 2.188352 9.519716 -117185.070784
4.180656 158.306991 3.272218 5.761656 -117396.640525
8.673637 172.030838 4.523573 1.590938 -117375.928113
12.984022 173.126145 3.298754 4.791037 -117230.170493
10.762210 162.244246 3.942807 7.948504 -117220.805439
10.619960 169.955741 7.308163 5.854920 -117196.918713
4.508540 170.962706 6.358181 7.955140 -116533.960137
3.430498 168.302113 6.266334 1.380297 -117393.202594
6.638223 172.431146 4.386718 1.602631 -117342.484823
16.421893 160.144561 2.556928 5.183200 -117391.494724
4.111100 173.516988 4.593324 3.760897 -116915.366599
9.993138 168.539279 4.020999 4.852087 -117207.205216
10.692546 179.079462 4.764445 5.490261 -116838.275056
1.697475 169.864741 3.395594 6.904882 -116876.335234
12.963708 180.911440 7.556005 7.173008 -117217.761179
4.953309 167.979003 8.641828 1.543002 -117408.135959
9.304138 180.435908 2.711776 9.547357 -116674.292233
15.749688 176.246720 3.300879 4.144477 -117377.699584
9.277038 181.624162 4.055797 4.158452 -117015.482904
4.532852 186.965221 10.060418 2.446582 -117271.290552
20.165021 164.434632 1.913207 5.816251 -117375.071148
26.808397 170.293915 3.455621 8.991422 -117423.468018
0.576165 187.964270 3.186848 1.933930 -117388.339827
13.101414 181.685008 4.365334 4.110136 -117257.725831
7.046333 179.209532 4.188729 5.199402 -116654.093901
16.346465 170.915595 4.056985 5.059396 -117399.024452
11.933176 182.760688 4.684239 3.066473 -117295.823511
9.371232 178.277244 2.667456 4.440640 -117073.941957
6.338024 186.575425 8.052923 9.690466 -117286.352018
5.277072 185.777193 4.226458 1.862846 -117344.689685
17.303417 179.749569 4.618849 5.927915 -117420.192153
0.132496 182.454600 11.660635 9.271129 -116679.822362
14.364602 184.679496 2.340308 2.937886 -117410.776455
5.763781 170.794548 5.911945 3.170239 -117099.045928
0.757429 161.228999 2.924745 9.670280 -117040.731089
15.675671 157.957854 3.575151 5.656972 -117385.747577
12.333176 170.003387 5.430057 2.263370 -117411.607802
12.528525 179.266098 9.371999 4.036344 -117338.180591
10.750335 165.150529 3.792506 5.047708 -117346.468742
17.541139 174.260700 5.107090 7.295105 -117420.285832
6.944434 175.345393 3.273264 7.975784 -116558.307979
2.995404 181.100025 3.184396 6.884963 -116630.077496
14.560839 179.883155 4.078010 6.995540 -117085.796555
7.929143 180.544723 3.930633 5.443163 -116723.057098
17.411359 164.708258 2.421029 8.239784 -117204.063665
4.922561 165.274527 4.660357 7.382116 -117077.090925
0.814881 157.684383 4.361368 6.183477 -117410.729498
9.593422 164.624291 1.904416 4.054524 -117389.571985
6.436073 175.582054 7.979536 7.699235 -116322.633667
5.266496 173.596561 5.413739 6.555902 -116435.613965
12.192258 168.724235 4.452914 5.615101 -117234.750272
6.407936 180.939080 7.326008 6.337309 -116286.755230
9.480394 174.730939 3.597347 5.570155 -116871.866588
14.548027 169.044058 4.238627 8.316574 -117121.559010
14.611992 188.607366 1.420361 6.616631 -117350.867180
4.880696 168.178772 9.661894 6.966296 -117336.520780
3.490329 184.762265 3.245513 6.412355 -116805.955610
19.970267 172.005267 1.893272 6.477960 -117377.823499
17.895837 162.636110 1.974221 3.958021 -117424.827589
4.995423 175.326330 5.848557 3.765505 -116740.652598
0.500532 166.184117 4.464063 5.390101 -117208.093653
5.178677 177.792126 1.163946 4.860903 -117182.977822
5.940974 176.492902 3.957951 4.645024 -116747.735731
4.225925 158.948451 5.273265 9.209837 -117246.746030
12.570186 167.325747 1.158076 6.199143 -117323.861404
14.955077 166.231109 1.687890 6.643315 -117308.430631
11.387459 192.642961 3.487163 6.883704 -117409.944353
17.230109 177.432188 4.470993 7.812201 -117280.250380
6.897247 172.499771 5.781930 2.612353 -117164.591188
0.221576 182.923430 6.697784 5.003393 -116659.431885
8.561299 164.171401 1.922598 6.886389 -117241.299361
15.866795 179.352214 1.670299 4.013581 -117394.040201
13.003446 177.542457 6.323962 3.234756 -117344.242661
2.550564 171.213152 2.078858 2.271328 -117351.322308
22.129320 182.929383 2.131854 8.589191 -117386.745793
15.973103 176.006777 4.742878 6.156769 -117299.603430
15.448353 180.100501 2.207645 3.977855 -117378.661354
7.347610 174.455283 4.111470 2.284237 -117258.596005
9.392016 179.692769 1.003678 6.644936 -117180.849878
8.871876 167.148787 6.021981 8.865958 -117064.304959
13.772770 181.465900 5.063850 7.570705 -117046.694768
13.136611 170.464314 1.910674 4.768873 -117321.719607
1.653158 171.155647 11.297234 3.932264 -116978.013077
7.498739 181.559960 2.250019 2.188773 -117336.904322
5.336388 176.187947 7.157737 1.990049 -117147.482804
8.323927 180.947925 4.337421 6.771876 -116567.308379
16.992808 159.334383 1.649569 6.245073 -117339.689612
1.298969 183.140031 6.401154 6.603612 -116392.481857
21.600786 163.881770 2.168021 4.945904 -117396.413697
0.545999 156.609561 3.993480 7.840723 -117282.619610
5.107194 183.012708 5.077077 3.196880 -116991.199987
11.696741 162.650298 3.326918 9.025878 -117073.436692
12.737294 172.105488 4.448336 4.697701 -117232.226034
12.423183 181.331512 3.980869 3.560110 -117267.318170
1.158958 186.072614 7.143646 3.638173 -117053.045395
4.139093 182.198868 3.029795 4.181170 -116973.874398
9.033552 165.730199 4.257784 8.967073 -116962.236255
8.804287 159.329113 3.123309 5.263990 -117410.665768
1.952308 170.950251 1.805658 1.104812 -117425.032572
11.479452 167.350288 6.043418 5.616538 -117354.486924
13.430182 182.527372 6.141180 6.282579 -117193.851312
8.626748 167.059624 4.873351 4.336454 -117279.670322
6.831337 167.632333 8.597542 5.942999 -117326.440443
5.917161 178.206516 6.090530 5.370062 -116353.714739
11.117281 169.673550 5.675583 5.262095 -117190.514008
10.324076 182.248623 3.965609 5.088192 -116977.967868
22.918106 169.618790 1.040138 7.304913 -117376.985632
17.465284 167.868420 2.700090 6.377339 -117344.369615
15.148662 178.019075 6.688466 6.573516 -117369.894766
2.038377 168.848117 6.892408 3.815628 -117154.240993
28.066803 174.568226 1.043611 9.240357 -117372.069773
18.061108 185.699857 3.654699 8.952539 -117388.564648
0.948917 190.387642 6.275452 6.867816 -117106.012628
9.134426 177.114894 1.937855 6.214644 -116993.630596
11.422990 171.876224 6.500137 3.798556 -117271.180337
1.155497 178.834944 2.628065 1.650843 -117347.614791
9.650831 178.904210 3.264862 7.278099 -116701.349473
17.880692 163.896749 3.719302 5.831136 -117419.343821
11.669923 170.887765 4.857395 5.694333 -117105.906786
13.044943 172.124612 5.087773 4.291569 -117294.897659
12.725246 183.768897 5.237254 9.614817 -117063.997293
4.373037 164.624776 4.221969 5.722045 -117250.310728
7.703503 169.320951 3.714056 5.139125 -117071.069491
3.437895 167.244054 4.509475 3.970138 -117240.963340
14.808457 181.828806 3.797980 3.706187 -117371.528497
13.193907 183.331109 5.021200 4.316405 -117285.547353
4.544327 175.032469 7.298261 5.096018 -116372.812684
1.954456 167.539014 6.167109 8.267302 -116814.889535
6.994758 168.258087 5.865225 4.704813 -117130.190016
5.612615 171.598617 5.966136 3.446748 -117003.566610
13.709072 172.065623 6.463806 5.612551 -117320.592356
8.511556 190.005531 4.667008 2.812809 -117404.577421
6.409148 188.336388 4.724647 6.286175 -117014.942177
2.213380 194.012195 3.488994 6.114447 -117339.463562
2.723263 167.369500 6.738698 8.918172 -116848.784864
0.344300 164.066081 1.318645 3.601857 -117416.724729
5.318011 184.050552 4.917238 6.665253 -116559.500846
6.975413 175.385112 3.049174 5.729649 -116789.076534
5.884065 187.163466 6.822964 6.227772 -116917.206308
4.833613 180.379374 10.854715 6.650756 -116301.654306
17.443391 168.896919 2.614368 6.128055 -117352.343874
2.489267 184.130495 2.127836 5.601607 -117038.656888
5.622568 182.036882 6.438004 2.026334 -117184.050150
12.591701 163.064040 1.263969 6.914671 -117322.337849
9.801770 166.531886 4.490163 4.681377 -117308.495151
9.237682 191.599097 3.094336 4.777620 -117384.280457
5.550538 176.201982 5.851891 8.394033 -116202.200635
13.842614 177.097500 1.983939 9.139619 -116980.924981
6.462533 159.550456 3.857924 5.816450 -117413.172724
9.618770 170.406668 3.996352 6.477182 -116936.013936
0.154868 169.804145 7.700044 2.132876 -117337.037712
1.166080 182.063900 6.539563 2.646285 -117067.127810
12.139984 176.113501 5.062241 7.659619 -116790.941145
12.388835 176.614611 3.681331 7.115703 -116876.930961
12.949536 169.963129 3.738278 9.033184 -116916.932105
13.064431 179.488825 3.795008 6.714611 -116972.631487
3.890108 167.253032 3.800941 6.700280 -117001.905364
4.587515 177.735597 6.779834 3.544454 -116651.876710
15.802412 174.955909 4.255334 8.114482 -117114.739105
1.056614 178.225950 2.708105 4.499066 -117007.362441
9.689434 163.395949 2.611589 6.591590 -117265.895779
10.766228 170.664045 4.170514 4.237968 -117214.773625
15.239684 175.669509 5.895702 5.807230 -117339.718493
1.105898 161.530724 1.311085 9.217304 -117224.815080
20.064391 163.057012 1.991318 3.820439 -117423.811089
1.298986 179.346201 5.918756 3.972723 -116726.847414
5.024256 175.287291 7.173623 3.229674 -116797.366082
5.280460 161.729011 2.074911 7.086040 -117265.925972
3.452014 177.875041 4.207186 6.741611 -116405.299091
15.499073 173.624133 3.411140 6.828754 -117183.939728
5.515837 162.040797 2.994750 3.545832 -117425.895711
5.798872 171.461676 3.134475 7.513010 -116741.332491
0.963855 164.269013 5.606363 8.631546 -117027.768915
7.694642 176.259174 2.724521 4.092653 -117058.507816
6.627118 175.204332 2.749319 6.843636 -116732.145033
9.144463 170.024680 3.212364 4.753569 -117150.619197
8.649628 158.298992 2.098554 5.294267 -117391.636472
15.020791 160.351762 4.829682 7.994700 -117358.072295
4.365248 173.706528 2.139794 8.372783 -116789.125899
10.703948 171.526598 5.006013 4.388365 -117154.407386
7.712775 172.286002 7.493250 6.630191 -116665.386865
12.606237 171.454851 3.182756 2.370490 -117404.949959
6.400661 169.754726 4.874217 1.318547 -117386.807416
11.303727 163.934799 4.516988 5.066347 -117422.351251
12.050206 173.532447 5.890522 3.661326 -117282.909112
9.543183 165.255621 2.186575 3.150173 -117409.567856
1.700393 170.412502 1.258874 5.602372 -117242.859951
12.543312 174.325060 1.072294 5.779034 -117286.749910
17.011703 165.369386 4.857640 8.082891 -117383.468789
14.682625 171.365107 2.379230 4.099504 -117368.481057
11.491312 171.088546 4.821347 4.857598 -117169.724852
14.702824 186.591764 2.648439 4.821601 -117376.909296
9.443272 171.968940 1.070964 5.278667 -117275.964552
1.161667 182.068974 3.313650 7.408052 -116641.838861
13.602184 169.110853 3.639648 6.054885 -117238.704975
13.157738 156.685520 2.771441 6.915651 -117283.124002
11.141026 181.346968 3.180576 4.813041 -117097.674554
23.671527 172.017333 1.993671 8.644333 -117323.450897
13.309268 183.972110 3.967421 6.514356 -117127.562103
10.604728 188.213556 5.266549 1.884219 -117421.578492
21.408019 165.061100 3.383949 6.870460 -117363.781504
1.012771 164.508039 3.977464 3.390255 -117397.477569
2.831575 174.266814 9.441911 1.880166 -117158.122532
19.106293 162.535162 3.754094 6.692647 -117359.539191
1.548631 186.537313 3.716369 4.515924 -117086.415488
17.855287 162.012259 1.491358 4.859803 -117403.270796
15.948517 163.540053 2.994934 6.072554 -117365.388913
12.434006 170.942903 1.858210 6.925865 -117156.830846
3.602955 174.638372 4.034048 5.330744 -116678.506923
13.363244 167.137067 2.512212 3.397222 -117408.179188
11.154301 170.498553 3.688207 4.831145 -117188.262837
6.791287 183.769122 9.301313 3.586082 -116901.607094
14.154324 170.494054 2.650047 2.413470 -117418.098916
6.103189 178.570460 4.485570 4.407976 -116707.792412
22.227175 165.852310 3.715580 7.189305 -117386.750615
2.724714 184.957027 3.560408 6.920233 -116739.300277
3.789952 170.775459 3.469311 8.192536 -116671.244051
5.301194 182.912525 6.519303 3.939089 -116741.025473
11.688398 168.032012 5.712919 3.600195 -117397.418931
9.665337 189.873715 5.040703 3.606259 -117413.433549
2.495989 194.072172 3.289295 8.453650 -117213.665309
9.649119 169.204332 6.325653 6.563187 -117063.907613
13.419923 179.841900 5.494813 6.833665 -117023.980915
5.788668 176.686783 6.468510 4.015835 -116610.928796
11.699992 173.325330 2.078145 4.575186 -117254.328123
7.860857 175.956944 1.819449 6.178356 -116993.618743
10.897397 181.126117 1.133748 5.967681 -117226.654192
21.563240 167.065714 1.670494 4.900099 -117420.167180
5.254025 183.660521 1.309105 4.066811 -117253.192493
3.204165 166.545906 7.858723 2.739862 -117404.762232
15.353158 184.192992 4.793064 9.720915 -117280.596843
9.555059 183.175904 5.351845 5.501333 -116837.890733
6.365927 166.485632 5.132378 4.485499 -117257.888624
4.384954 161.668369 6.077188 9.495356 -117249.148446
5.588348 167.641619 3.872311 6.737623 -116975.977954
6.596546 170.025357 7.550399 3.415143 -117115.898628
8.228807 168.145883 7.096869 3.457076 -117306.306057
13.534471 157.794288 1.905423 5.397244 -117379.775449
2.593959 167.252586 5.122142 2.819555 -117334.744716
2.406065 182.382757 5.177496 4.960456 -116641.907557
9.389208 173.642785 3.268748 4.211463 -117110.361162
4.282969 183.436498 7.555037 6.014340 -116409.827543
3.267631 167.029624 4.148554 2.285653 -117377.626702
13.983638 182.058009 3.602385 4.981799 -117251.027912
8.129539 175.659583 5.556649 5.306856 -116612.487684
3.987644 168.452601 7.286326 4.673123 -117087.906847
12.640822 179.695380 5.649835 5.982768 -116996.411560
7.177925 187.993391 3.628335 4.675838 -117169.423707
11.827628 171.728423 4.610570 3.554145 -117302.407838
15.575899 160.502607 4.450847 7.819937 -117324.822132
4.251318 175.109343 2.027328 4.003526 -117122.149491
9.747921 183.952257 1.588072 6.752690 -117115.023487
9.592082 186.243314 6.722865 2.420869 -117373.124467
11.593906 178.654367 4.501413 7.665751 -116724.242826
3.903491 182.298532 6.829810 4.948434 -116465.301421
7.484215 170.673733 5.934850 5.828441 -116823.711859
18.043847 160.732945 2.056302 6.112627 -117340.835578
2.428011 172.710930 1.902235 6.748295 -116991.748470
3.290494 166.393160 5.521500 4.125993 -117281.876630
18.422583 168.248623 1.967800 5.075310 -117404.700149
15.192130 175.492572 3.872663 4.343164 -117351.368716
14.492830 181.651735 6.795890 4.184351 -117426.334269
13.472238 171.971420 2.736622 4.235771 -117321.844844
11.835094 175.873736 9.071936 5.218086 -117170.932400
13.937484 171.555455 4.550668 6.257158 -117191.120210
8.812785 177.914277 4.992069 3.701819 -116972.228746
14.597965 167.559158 4.321130 8.852663 -117121.302377
8.108653 183.191140 4.837267 8.642168 -116561.061441
7.419422 186.606850 8.356922 7.411291 -117165.418938
6.540534 166.945922 8.740044 3.210296 -117414.225060
7.594662 161.259302 2.774079 6.970520 -117272.174668
2.401708 166.149757 5.635559 2.119307 -117411.387218
13.196849 176.921445 3.726031 3.872421 -117287.629079
4.775434 170.885396 4.187655 3.412272 -117117.030135
9.999976 175.602445 5.713613 2.688451 -117257.043694
2.405534 173.428168 8.761429 1.269158 -117334.257236
9.645929 172.875545 6.238507 3.078522 -117214.485490
12.040262 160.419812 4.276901 7.633474 -117321.230653
0.661008 178.945580 11.373193 4.324456 -116394.900187
1.897183 192.523673 1.681312 2.345236 -117425.586807
7.498252 169.555735 8.305430 8.254957 -117159.363344
24.146474 168.472004 2.812794 6.608129 -117418.233250
12.820103 177.527538 5.668770 2.617819 -117377.717508
12.028785 177.158025 8.021497 3.458123 -117288.269068
4.050430 168.380623 6.904237 6.605850 -116924.204341
13.630748 170.032614 2.045382 5.583190 -117284.645631
8.872546 180.004373 3.377182 1.711651 -117355.278259
8.957044 187.918883 5.594542 8.260718 -117084.564969
16.316455 176.201670 1.316379 4.184207 -117402.537519
4.137348 181.522619 1.283745 6.118861 -117103.933071
11.283155 172.902658 5.160271 6.226469 -116924.383701
16.751261 162.894657 2.589383 7.752520 -117238.005636
7.190421 169.814764 3.357475 4.807039 -117087.998375
0.592669 167.617579 5.133733 4.048739 -117246.366417
10.951124 179.028560 1.588466 3.444187 -117324.512741
12.665566 167.137171 4.171918 4.092726 -117389.071085
11.348351 168.094897 4.369917 4.902679 -117275.403989
3.460628 170.301013 1.799642 5.101017 -117178.803754
8.721746 160.283522 2.722097 5.569542 -117379.298104
11.268644 174.245418 7.900179 5.356727 -117040.892806
4.292215 170.191878 3.630583 2.433118 -117285.874281
7.013999 162.700083 3.432692 6.799199 -117252.976706
7.561416 173.199518 6.405982 3.681779 -116945.904763
9.237693 181.185051 3.069700 3.062303 -117229.055043
11.240266 183.686088 1.866523 7.668638 -117057.524980
12.627979 173.351813 4.525169 8.836590 -116826.633196
4.388980 172.971051 5.212828 6.106384 -116532.349377
10.688485 163.857889 4.898460 7.688118 -117277.081038
2.651219 169.633041 5.741853 5.683919 -116856.820629
8.816121 169.832698 3.395782 4.190615 -117194.419891
11.043514 175.171558 6.402406 5.493644 -116893.194370
8.864219 174.372857 5.135840 4.799929 -116835.425401
16.431456 174.843729 1.969744 4.780137 -117371.012608
5.730142 187.016406 1.672915 4.068507 -117281.250769
18.688919 182.183739 3.222650 6.389472 -117405.520045
4.092071 187.319542 6.171929 6.640484 -116826.353856
8.210812 176.036703 6.417206 6.998608 -116400.628272
15.932661 186.290156 3.700628 6.255403 -117384.628652
6.974974 173.272033 2.504532 5.860054 -116927.227172
3.184603 186.075264 5.706369 6.419586 -116694.046692
16.170554 175.048801 4.743483 6.703786 -117285.857476
8.236362 176.967020 3.117234 6.007287 -116768.076404
7.231124 166.891939 4.860653 6.491878 -117078.855801
7.705870 183.044921 4.977478 4.741166 -116812.480282
7.447273 169.689727 2.853232 2.847428 -117310.602120
5.927747 175.680214 3.856926 6.593906 -116529.273326
5.035012 173.236318 7.393333 5.317253 -116496.001684
1.997019 167.842494 1.570352 5.349426 -117270.323403
1.011031 172.506810 4.238609 6.041175 -116748.430335
20.376216 172.064715 3.081549 8.011772 -117332.712305
9.193616 165.367069 2.343394 7.532887 -117140.386111
12.132340 158.276365 1.959494 6.669567 -117319.842392
7.255408 170.981148 7.447600 3.266497 -117100.615354
6.991380 172.224522 2.800932 4.128691 -117110.829089
3.564872 168.515598 4.711850 2.998257 -117260.029127
9.096624 173.768331 11.640058 5.596319 -117122.678984
7.864642 171.183050 5.265946 6.508908 -116744.413391
12.080392 176.322878 3.179912 5.061144 -117113.015650
4.963405 172.272792 4.239261 2.560906 -117198.170963
13.355914 168.939707 4.097814 5.163858 -117305.951249
4.388490 170.858278 7.559610 7.019936 -116626.323105
15.035276 180.037050 5.819689 6.333956 -117286.358840
14.819370 171.953117 3.996295 3.541635 -117394.691138
1.400081 164.703281 4.754657 6.461010 -117190.671389
5.901307 169.005608 2.713817 1.729957 -117393.107068
7.941724 171.452343 2.037546 1.381124 -117411.650486
13.085873 174.188231 4.271946 3.667333 -117320.267919
6.606636 188.045123 3.417669 7.707914 -116938.275561
14.131337 186.187158 2.220271 6.645738 -117259.620033
14.123031 181.898046 4.313353 3.168709 -117368.138129
22.400591 179.101204 2.371492 7.527185 -117417.635162
8.012198 170.882500 5.470539 6.358630 -116788.210354
14.186117 190.383206 3.170527 7.905062 -117352.443734
3.036422 168.587421 6.860213 7.148759 -116836.159802
12.752071 177.777542 6.715608 5.669919 -117070.840040
6.912852 170.303496 4.466605 9.290413 -116594.191348
12.062795 169.772370 4.815586 2.805853 -117385.805475
13.711577 161.174019 4.456515 8.447868 -117262.338752
10.852016 168.994400 2.219865 9.428769 -116922.552286
1.553726 165.701053 2.359715 5.262057 -117283.564932
7.274479 168.774943 6.454051 5.220755 -117061.012800
16.137407 171.269460 4.099564 8.504111 -117146.986844
9.360171 187.396803 4.752716 9.373485 -116972.226002
0.807590 158.207992 2.289639 6.696332 -117343.950513
7.498844 180.177806 2.469674 4.703746 -117000.366642
7.395757 169.324218 7.387614 3.058177 -117233.651730
10.570371 164.372637 2.109052 5.298372 -117343.097434
4.830511 179.470134 5.367286 5.004394 -116468.619255
14.835935 172.675286 2.068767 2.396990 -117424.947007
11.274899 169.120888 4.059765 5.349110 -117191.306468
9.252243 173.354598 10.324670 4.022766 -117080.983322
16.103341 171.315975 3.647293 2.832354 -117425.919426
10.824567 178.436409 4.423139 7.098923 -116690.219768
11.178648 163.660786 2.232723 6.982191 -117253.535708
5.696377 175.252000 5.455067 4.126564 -116713.683057
9.166838 167.548466 3.186706 8.386989 -116931.205289
11.526294 166.065378 4.404560 7.429653 -117179.235755
1.299540 171.133596 2.020953 3.749481 -117266.574306
4.252258 174.402962 3.700635 6.938122 -116552.702360
6.156883 170.477835 9.397587 1.713501 -117296.775433
6.125947 179.171113 6.153825 4.338087 -116556.115102
3.363125 194.843310 2.720348 5.190700 -117396.798375
19.932727 163.722176 3.402867 6.739357 -117351.185399
13.769987 176.444457 2.166812 2.971211 -117396.171104
11.132610 174.190029 9.544088 6.036093 -117182.656032
9.417930 177.690766 6.864211 4.098940 -116865.149470
9.610256 184.304706 3.180770 8.783993 -116788.846185
1.968420 170.513754 3.025854 7.773085 -116804.362642
11.795321 170.764885 6.285002 5.856311 -117165.763764
0.144981 164.601074 5.414824 8.594128 -116992.927466
0.679443 172.129707 4.426311 4.259435 -117019.013390
6.124640 167.293196 3.710391 2.947116 -117336.059256
4.689446 162.134768 3.588173 4.997452 -117385.174832
10.815900 157.557339 1.469836 6.469462 -117344.733741
2.049193 172.245491 2.842533 5.693270 -116942.394845
11.775979 166.770296 3.687411 3.832639 -117382.409457
13.454026 183.441379 5.515215 8.822660 -117147.343805
0.782577 172.577067 4.923390 2.704644 -117210.368668
6.726516 174.826965 7.092409 4.475508 -116603.697190
1.119055 161.854598 3.655130 4.858846 -117395.322172
3.187281 181.766269 6.635904 5.235334 -116404.248353
19.123978 184.730922 1.965646 5.660156 -117418.122165
10.317681 187.545002 2.818006 4.775134 -117266.643009
13.106299 164.502930 3.417757 8.178430 -117154.452270
12.759497 184.264544 4.259483 4.222428 -117284.776756
17.434627 179.128325 2.839179 5.403185 -117370.751790
12.732159 173.647980 8.141172 5.645959 -117297.807717
11.991810 178.406857 2.526265 5.822394 -117070.636693
12.540493 179.340837 3.573410 3.353924 -117295.101217
4.788071 178.398563 5.470863 8.074009 -116167.773741
12.230598 190.487459 1.037415 4.463447 -117417.275407
7.142852 160.383873 3.593707 7.304147 -117281.261406
11.365348 156.711831 4.729120 6.956081 -117409.624539
3.349082 176.976082 5.964457 5.690606 -116305.310466
4.654912 171.288661 1.653508 4.608532 -117199.947946
23.148339 171.621166 2.490930 7.811868 -117378.572471
11.617679 161.920784 2.597068 8.725085 -117117.727588
10.089242 174.072249 2.998559 6.687499 -116869.557685
0.611672 171.700150 2.016260 5.711920 -117118.796219
11.807300 176.782666 1.477514 5.635436 -117208.592071
5.609045 191.321562 6.462482 4.125830 -117415.917904
10.112854 169.967434 2.917557 3.842647 -117279.374219
10.870144 182.350545 5.519484 3.436369 -117186.150842
16.634503 185.955661 1.075478 6.507970 -117371.332137
12.954758 172.622966 2.967928 5.691924 -117163.400760
4.992602 178.768616 2.645785 6.520427 -116722.664585
12.565482 173.872845 4.275195 4.544988 -117202.202629
3.906251 186.486568 8.567336 6.076029 -116834.765256
9.088449 170.832605 2.132530 4.719062 -117204.810997
12.172662 177.029662 3.728748 3.502594 -117276.208914
6.993437 177.626512 6.075050 5.251824 -116441.690403
5.325601 176.559296 9.108520 8.327817 -116380.654600
15.868212 171.204337 2.594192 4.990171 -117354.537995
5.942928 170.814015 3.684297 6.563158 -116796.641811
16.209861 157.835083 2.584798 7.043394 -117261.942350
16.371157 171.383362 4.494534 7.284902 -117292.285052
3.272149 182.158848 11.478394 5.228166 -116360.809944
22.051707 170.214679 1.469435 5.486378 -117423.667211
2.169706 168.517909 2.691662 1.789043 -117394.606409
16.929460 165.232608 2.517187 6.021084 -117361.104044
8.887097 170.014066 3.666769 4.506774 -117145.367151
6.430410 168.279061 4.816628 6.006615 -116988.269763
11.400086 171.937361 5.462437 3.620113 -117272.852833
10.305717 169.752539 9.434659 4.986082 -117423.033841
15.264345 174.220578 2.514163 2.510242 -117424.987544
9.528369 169.870391 7.274027 6.097405 -117091.071372
9.647982 190.595056 5.628216 6.469778 -117421.367073
13.587647 171.381126 5.681990 3.043336 -117413.947993
13.967785 181.222131 5.392429 7.487461 -117091.409024
8.093092 174.674809 3.891959 4.180391 -116973.400610
4.304987 162.231787 1.325665 8.806419 -117211.833653
8.191807 169.406723 6.908841 5.748457 -117026.553580
8.853743 180.511535 5.252675 3.316578 -117047.627523
12.327895 181.728967 6.006262 4.067227 -117210.200512
1.435613 180.502080 2.205150 5.052178 -117023.677045
3.386181 168.686980 3.455838 3.578187 -117234.514824
8.401667 163.790667 1.856720 7.957443 -117177.705711
7.680479 181.635679 5.515435 4.624975 -116721.234999
0.962464 171.359899 2.772305 5.282637 -117060.684721
17.571739 163.823285 1.554186 6.301913 -117355.632527
13.267631 181.589612 6.998155 1.160512 -117418.808542
13.030616 178.736547 3.269324 3.130360 -117340.043159
1.257200 161.608533 4.302737 5.235323 -117400.139209
15.460387 172.938788 3.821533 3.008008 -117418.314114
7.579736 174.738543 5.468610 1.573827 -117333.868258
9.557974 177.336811 4.682948 5.719840 -116703.694932
17.212191 176.341390 3.657797 5.276359 -117386.982673
9.357979 165.939091 5.393194 3.228383 -117417.180200
9.602517 167.513826 3.590145 6.234784 -117126.584465
13.003107 170.898638 3.260473 5.352604 -117224.056446
6.862266 173.917200 4.519138 5.648139 -116653.142362
7.171897 180.433764 3.674797 8.020592 -116494.935665
10.574285 169.401872 4.371159 5.663265 -117113.240742
11.408832 172.338612 4.068088 6.310727 -116967.424459
7.791604 177.331028 1.383704 6.242956 -117076.919542
1.354627 173.443440 7.111898 5.589846 -116494.715658
1.322168 183.425961 2.223331 5.148684 -117070.804629
10.498399 158.020137 2.986468 5.180027 -117408.852921
18.990521 180.130959 3.046893 7.118255 -117356.578256
7.652363 190.710133 4.591441 3.798256 -117376.414755
12.570398 182.905022 6.220361 8.297095 -117101.124570
15.270493 170.109895 5.000981 6.672083 -117330.165614
6.188235 166.218697 2.862779 3.948758 -117318.465994
11.233459 173.049091 5.540745 4.070221 -117180.845197
3.041543 176.240938 2.620768 2.647939 -117213.358688
15.267753 183.875690 3.622049 6.757147 -117243.252942
8.976503 183.421737 3.085400 5.684587 -116946.428529
0.331118 185.514809 5.726858 2.611958 -117246.580998
18.843515 176.369508 1.673339 4.636415 -117421.300367
11.779216 177.288252 4.986629 7.703447 -116734.623120
1.276007 185.808498 2.766836 1.195758 -117413.257501
