154.331058 96.600152 11.172594 2.889624 -105518.335717
150.557343 98.076708 1.792467 5.311941 -105548.660667
149.635883 100.997810 1.853942 4.730142 -105615.881833
153.092355 99.914761 3.992502 5.447909 -105549.744295
154.572929 88.937463 5.034948 6.735731 -105341.068130
154.924992 95.033512 4.691769 2.638405 -105457.427609
153.201195 100.708296 4.269510 4.012624 -105612.933176
154.171486 100.218902 3.689347 5.312538 -105554.487547
156.309515 91.694961 1.061073 6.132858 -105516.541727
154.539113 101.096860 2.621460 4.882227 -105588.427275
153.292795 90.430569 5.945076 3.697683 -105484.822637
151.953669 100.577312 3.318422 4.138436 -105599.255997
158.896472 93.749997 4.019850 6.398030 -105360.017330
159.979629 98.968821 2.009712 7.754750 -105531.676578
153.635268 92.436588 5.506471 3.297950 -105436.735161
155.062931 88.782059 3.796115 4.218597 -105460.419586
148.305298 88.736490 2.873669 5.679049 -105554.571158
147.463429 92.407157 3.309875 3.123782 -105636.263379
153.636058 86.786877 3.623333 5.294293 -105452.625243
154.484088 86.936624 1.932751 7.416843 -105392.536639
153.130911 96.098813 2.001335 4.689731 -105501.047658
149.514242 93.707345 3.290186 3.145684 -105586.684251
150.569276 92.163796 3.911970 3.636606 -105536.527254
150.446249 91.388785 4.231573 5.325070 -105467.013428
156.809314 94.772018 6.988261 1.574112 -105559.870433
150.531333 93.345747 3.618139 1.850321 -105631.705208
146.940270 90.337594 3.083304 4.268683 -105626.425956
148.585155 86.385538 3.850746 8.748476 -105545.858417
149.601170 92.297078 5.303675 4.097513 -105556.577489
158.544993 92.320341 4.261571 7.987200 -105331.072828
153.452118 93.387200 1.823262 7.727727 -105404.124267
159.230890 89.996441 5.110803 2.269869 -105596.664939
161.316091 96.451035 2.372194 6.110831 -105520.250676
154.598556 96.448260 1.064011 5.790839 -105547.959398
149.219280 90.743051 4.259740 6.563991 -105502.406598
152.381893 93.292779 3.735473 8.246389 -105374.477186
149.555952 84.817323 3.077882 6.368197 -105540.023960
154.864440 91.829141 3.448128 6.218558 -105318.354721
157.678600 94.962006 4.943498 4.724312 -105394.490951
159.815119 94.219762 6.789008 4.279893 -105525.250192
151.746415 92.828174 3.918715 7.249874 -105376.721264
154.341472 101.030007 2.465108 6.354843 -105560.916519
147.623859 90.413815 4.268095 4.101965 -105637.042537
157.034344 98.783047 4.335604 4.448642 -105534.436185
161.162739 91.923483 3.696169 3.386352 -105564.783168
157.227678 94.804434 6.191923 2.793884 -105461.783234
158.005188 94.850482 4.485493 6.777443 -105385.109558
158.172387 91.010238 1.728818 4.676816 -105508.046092
146.998839 85.326107 1.212537 6.046684 -105612.212492
146.948853 92.761257 2.840787 6.214993 -105549.944692
156.270840 89.564225 4.031839 4.302023 -105420.104810
152.477715 102.612790 1.104174 7.674580 -105604.091955
154.895207 98.579883 2.611362 8.598918 -105473.202714
151.458339 95.915172 5.903136 4.180732 -105474.426937
152.088044 94.972866 2.884517 3.300648 -105523.618819
160.095061 89.466362 7.982023 5.382713 -105561.409495
156.813976 102.033810 2.858016 5.281298 -105633.927929
159.975273 94.625573 4.141375 5.737247 -105433.387673
147.796653 95.514515 2.543128 6.888627 -105520.721020
159.713555 91.017649 4.065350 3.618871 -105501.485610
160.326353 93.890333 3.717287 4.621470 -105477.922867
149.519924 92.698150 4.168628 5.036219 -105500.255484
158.285562 91.738914 1.747754 4.555963 -105512.908499
159.076216 89.608454 1.286096 2.522470 -105636.292192
158.280635 94.413608 2.562793 3.243609 -105543.013646
161.934965 96.552773 4.227678 3.981030 -105624.250034
154.223821 90.452881 7.284496 7.055338 -105615.976971
164.880468 94.859453 3.878685 8.102621 -105604.874404
154.345769 96.418864 3.281480 2.760568 -105521.542987
150.776215 93.134006 2.221382 5.702863 -105471.187499
148.153091 87.911925 3.516860 8.649213 -105514.839703
159.431200 96.914588 2.391247 4.417696 -105547.040774
151.162501 87.943737 1.474432 3.869189 -105618.900642
153.961895 89.762931 3.428626 3.522915 -105521.342232
160.069001 97.229800 4.824852 7.227689 -105611.066651
154.223759 91.361076 4.365020 2.105695 -105580.246215
163.068860 94.722781 4.073153 3.899586 -105632.001308
166.553786 96.625273 1.071806 8.522466 -105585.089012
149.500149 101.058702 2.484658 6.834039 -105593.569633
147.026570 99.502664 2.431744 5.483471 -105611.796522
157.285451 92.697081 4.841151 1.537668 -105608.098520
155.926651 90.075735 4.040228 5.460441 -105334.164140
148.798491 100.820656 2.600919 8.977425 -105622.374475
154.738041 98.179788 5.750468 6.076928 -105565.950557
146.306311 86.279740 2.319808 6.686281 -105586.691477
156.560425 95.895154 4.447913 1.074258 -105630.901452
149.449851 90.800395 1.877014 4.297543 -105584.663588
158.742872 96.405237 2.555676 2.841062 -105589.534855
153.574437 92.519463 7.923594 4.484719 -105438.549070
147.723089 96.660292 2.096723 7.759937 -105528.324622
157.877394 97.667081 4.336493 4.010537 -105514.718405
152.309460 88.630775 3.800957 6.084729 -105406.467962
150.357643 89.091165 6.075883 4.174201 -105634.348401
160.663347 91.328546 4.115786 4.050134 -105494.031524
147.734314 96.054277 4.077967 5.925667 -105576.810335
161.236245 95.342292 5.198572 3.987448 -105591.411788
162.774913 99.055923 2.768358 9.075885 -105604.414816
156.861345 89.389176 4.328947 3.285802 -105504.516988
148.122307 97.585236 3.586065 7.555809 -105592.762862
149.533709 89.877228 2.089670 4.518286 -105576.353903
151.675853 89.295727 6.448578 3.507983 -105612.738911
155.869082 91.171262 5.210153 2.343774 -105550.051028
147.572984 94.172933 4.118530 6.680326 -105574.100940
156.713094 93.200840 4.848842 2.959691 -105459.162514
154.172439 86.696663 3.416294 5.250265 -105447.370477
158.513814 88.993850 6.521414 6.037754 -105402.191105
152.271985 92.637204 3.992588 4.353793 -105431.351667
156.964390 93.133163 3.727993 3.087713 -105485.522835
152.359366 90.664977 6.051051 4.578770 -105468.217418
145.384656 93.884624 2.386303 6.200604 -105593.562399
153.303652 94.393908 1.129464 2.570392 -105618.288235
161.329867 90.729690 4.860335 8.074785 -105420.628207
144.027043 96.530813 1.108684 6.615949 -105626.882347
148.048455 101.078933 2.943100 5.269751 -105635.924825
161.306047 93.969525 3.026901 6.813352 -105424.980060
160.481392 96.708132 4.126636 6.726389 -105523.627704
144.751205 87.547089 2.361074 7.419480 -105598.373034
152.956456 86.662181 3.428895 7.337671 -105364.151149
161.684477 96.210894 1.560485 4.671218 -105596.364355
154.209885 89.532310 4.911623 3.660786 -105490.403933
162.000424 98.148449 2.214824 6.030237 -105580.381936
157.291881 93.529717 2.239176 2.269498 -105596.677380
154.593268 96.374805 2.425525 3.138807 -105534.735330
156.488395 88.547172 2.573062 2.208525 -105622.230905
149.951347 95.548147 2.532865 5.877123 -105482.040626
146.912375 101.468732 2.183621 8.359781 -105636.799222
155.463660 100.528154 3.765590 3.229930 -105628.174373
156.102968 96.630409 1.889644 8.088431 -105434.992697
147.112271 98.772599 1.971796 7.609930 -105574.778004
151.486027 89.380048 3.776460 5.846939 -105433.286272
160.809365 95.872613 2.499614 2.693739 -105632.554514
151.159983 102.489778 2.139963 4.701886 -105632.053329
148.454594 90.774886 2.016195 6.884188 -105500.710226
159.316736 95.704551 2.125098 7.411502 -105437.933892
160.678466 94.106935 4.675794 3.795286 -105543.585353
160.892339 95.228389 4.694882 5.370350 -105512.961722
147.306627 89.584174 1.993228 8.938358 -105478.467166
151.744295 96.595332 4.566424 1.944547 -105613.094976
152.329990 85.621244 1.819359 3.925757 -105612.217734
161.189201 91.634932 3.518541 3.468101 -105559.137077
150.786562 89.006965 2.418766 3.827814 -105592.207619
150.996914 90.829839 4.575126 4.820236 -105480.417949
149.688876 85.945751 1.589341 4.784687 -105610.047665
156.832177 88.064880 4.580671 3.649649 -105489.030039
151.569751 96.128084 1.269666 6.639639 -105522.281191
158.568621 99.307248 2.787105 2.876087 -105626.908090
161.461058 93.030036 5.860104 5.898012 -105527.188086
151.222785 94.974539 4.713720 3.762898 -105479.454855
152.494100 95.822100 4.098333 1.681233 -105603.829906
158.434233 90.948040 7.778162 1.763522 -105637.644346
152.543676 95.795397 4.700111 7.125106 -105454.654968
157.763782 97.929639 2.674674 5.027613 -105511.215932
154.745379 87.411357 4.435951 4.331099 -105479.538980
162.708616 92.945509 3.945740 5.852586 -105487.355427
152.857707 91.918453 5.214938 2.937564 -105504.548392
162.192364 97.645666 2.229032 5.050024 -105600.068249
152.739102 101.136222 1.131188 4.855259 -105619.877551
157.349719 94.687838 1.310064 6.469065 -105494.969600
157.956094 89.094613 2.530409 3.084901 -105567.783789
156.232394 99.449999 3.713523 3.779641 -105569.458892
150.012725 100.324159 3.427781 4.683357 -105601.138321
163.494709 94.115074 3.997873 4.047019 -105627.099672
158.476180 92.880641 1.079844 3.203671 -105615.044444
161.302968 92.647631 4.818932 6.041388 -105442.216915
162.534731 100.008477 2.693043 9.569534 -105632.749179
149.604712 91.777319 5.176486 4.026742 -105566.241255
156.141136 90.243945 4.377862 1.916800 -105616.718637
160.308691 96.949370 4.249441 4.729086 -105551.416966
153.249972 89.006050 2.674685 5.519187 -105435.852372
153.894255 93.758778 2.846721 5.735806 -105380.938282
157.973701 94.424603 6.051015 7.729018 -105594.757820
157.632477 88.623472 2.250584 6.455738 -105376.867852
151.750139 100.284398 3.547930 4.409544 -105585.178533
148.158046 87.514327 1.733385 4.045396 -105637.457668
152.952951 97.192040 5.383673 6.918655 -105557.410469
146.782415 87.789015 1.894936 5.546188 -105604.429338
154.349462 90.492762 6.830753 5.303827 -105417.456248
148.190108 95.653963 2.592303 7.320177 -105506.296479
168.670604 93.914810 2.688186 6.353431 -105635.940735
158.397390 89.074492 5.187774 2.295981 -105590.176455
159.388873 95.645937 3.035963 3.362455 -105557.641361
160.823699 97.985970 3.800785 2.993078 -105634.090385
157.558015 97.660997 4.031345 2.554751 -105577.801749
156.554187 93.576963 5.695725 2.756871 -105451.524608
155.233457 96.553817 1.801521 1.647910 -105627.781820
154.514467 93.768964 2.149098 4.943988 -105453.436896
159.169200 92.818637 2.519409 2.250161 -105619.607485
155.231218 95.008310 1.019053 5.129036 -105556.157018
150.297313 87.798406 2.374495 4.934969 -105559.127673
154.632035 87.469743 2.961513 2.304253 -105629.644925
154.624554 88.801543 3.420051 3.181700 -105557.150985
156.090550 101.907060 2.095901 4.643813 -105626.094505
161.089353 91.559118 4.462182 4.830593 -105455.596758
155.621560 91.413866 4.728105 4.664582 -105351.849244
150.906628 92.932058 2.470258 2.562090 -105606.925607
149.632942 97.797634 2.215527 3.053227 -105620.434159
158.526073 93.638718 5.954055 3.263698 -105480.229879
159.934455 90.812837 3.262947 5.630638 -105384.061902
148.327315 94.473869 2.800488 6.400363 -105502.966097
159.832065 100.738776 1.387736 6.241863 -105610.936814
145.221295 89.419973 2.821922 8.748221 -105575.535821
148.995611 87.744379 3.481635 6.874091 -105506.962734
157.344067 95.248547 4.591676 1.875723 -105575.414517
159.740731 91.947258 2.143274 7.188275 -105383.956717
158.403933 95.590094 4.289702 9.097056 -105517.970790
149.354647 90.845457 3.587522 9.937567 -105497.224751
147.515522 98.667777 3.629075 6.019602 -105616.646995
146.045633 95.637734 3.202729 3.739616 -105633.344172
156.736029 90.051542 5.016011 5.370101 -105327.775739
154.002427 87.640019 2.417907 4.525164 -105517.109273
150.094706 102.079300 2.118574 7.145235 -105604.133429
155.705431 89.111192 2.112208 2.683378 -105607.109717
150.882493 92.819216 6.925585 4.386054 -105527.270157
163.612759 95.366169 1.071034 4.389703 -105636.445515
147.958287 99.551351 1.770937 6.205523 -105588.287244
158.056936 88.343285 3.985364 4.150639 -105449.466320
148.681233 100.252478 1.814852 5.492844 -105599.628081
153.177757 99.986149 5.263684 3.458625 -105617.109781
155.320986 98.767407 5.266009 5.466071 -105539.835528
148.657904 96.540430 3.019522 2.719015 -105628.122396
152.555542 95.800470 4.503242 8.122445 -105500.127871
150.204286 90.085773 3.667758 4.729613 -105524.288298
151.228340 88.554991 3.288137 4.076412 -105566.610984
146.862212 97.571510 4.023512 3.944239 -105633.851666
157.026293 93.273165 2.111117 6.604429 -105394.495277
154.882995 87.048008 5.215398 1.988948 -105636.828059
162.328309 91.980374 3.303028 4.481373 -105529.257607
156.644538 93.978309 1.808197 1.655861 -105630.873184
159.557839 93.825530 5.427296 5.994631 -105431.619642
152.535466 92.269350 7.082634 1.190576 -105635.976815
143.231011 88.717500 1.929773 7.071217 -105626.260442
151.915678 95.177799 5.069863 3.281760 -105478.948455
148.974743 91.723688 2.375173 5.137491 -105535.729181
154.861798 88.905280 3.871466 3.466161 -105521.581557
155.708115 95.746634 1.831889 4.791995 -105498.584717
144.372032 86.554545 2.670081 8.298913 -105612.389581
145.546067 90.654946 1.558430 7.656428 -105560.762072
157.070354 99.488930 1.001622 8.263179 -105558.207521
152.513000 91.400740 3.602590 4.577665 -105439.277528
149.960989 95.093205 4.989588 2.748103 -105590.601503
159.664110 96.426452 3.224745 2.459075 -105617.094148
153.530465 96.460981 2.406891 3.155615 -105543.271752
158.808847 90.987353 2.641921 4.069467 -105493.741242
158.728756 97.588685 4.656158 4.037772 -105538.482238
154.606214 98.368791 3.803543 1.950571 -105613.698345
147.163291 97.616603 2.062636 5.198006 -105591.068396
156.304438 97.525468 2.123680 8.310795 -105444.425473
149.526136 91.463142 4.092711 3.652799 -105579.118116
159.598759 99.512984 3.658907 3.196635 -105636.314858
160.280167 92.273210 4.532738 4.969742 -105426.849665
159.260394 96.675641 2.521150 3.883256 -105556.472111
150.510946 96.330089 4.057544 3.779354 -105524.619344
161.703305 91.838031 2.809808 8.154130 -105357.884422
156.916512 99.820389 3.196415 4.884018 -105561.525865
160.802227 94.143908 2.556495 7.558318 -105406.298167
161.450290 93.671481 3.920889 5.069693 -105490.000487
159.683549 100.135921 1.465401 8.362001 -105558.841015
159.683480 98.391011 2.239139 3.102962 -105622.887388
153.146789 94.812926 3.657514 3.702377 -105448.321875
164.425086 94.014561 4.342292 7.486860 -105595.310612
158.864785 96.238835 2.367595 5.330370 -105489.900502
154.663422 92.611524 5.076521 5.759658 -105320.039485
159.041012 90.270377 4.483881 6.503298 -105308.623036
152.952202 93.832507 2.124012 3.720747 -105522.399516
156.960133 97.450830 5.395851 4.223457 -105481.272055
148.527567 93.593103 2.169462 7.019778 -105489.769072
154.369533 95.580633 3.615034 6.676797 -105367.275460
158.882908 99.531679 3.334005 5.001139 -105585.919025
151.595252 99.379053 1.910423 4.473137 -105579.026199
155.361795 97.300867 7.964070 3.217179 -105491.534415
156.572924 94.126691 4.059406 1.669836 -105580.852908
153.875277 86.746417 3.957564 4.070887 -105535.155861
154.952306 98.041760 2.562877 4.174975 -105520.545802
156.589646 94.612949 3.350399 1.350761 -105619.382375
152.129935 92.133470 3.508135 3.776632 -105489.886639
155.109278 98.406840 3.494273 4.585865 -105492.953868
156.346183 96.575060 1.878601 5.037447 -105502.362738
157.260927 93.019451 1.648554 6.569169 -105439.441368
158.089575 94.475785 6.437288 2.653402 -105510.784285
157.096249 91.754874 3.740304 7.208401 -105283.702310
156.357449 95.712828 6.046501 2.128725 -105500.503356
159.970183 92.859847 5.177332 3.674780 -105507.708164
152.895584 97.472533 2.140053 1.790789 -105636.507439
151.819490 95.106008 2.260491 4.489088 -105500.216989
149.670679 88.527615 1.615499 4.947209 -105583.727402
158.387714 98.366653 2.334058 7.134530 -105495.956524
152.899170 91.482193 4.846974 3.248896 -105495.802837
148.975027 85.928831 2.280881 8.417829 -105458.830426
155.312210 99.643671 4.532245 5.714738 -105561.120976
155.753987 87.688418 3.093639 3.230996 -105561.206640
147.175223 90.512048 2.295869 6.199088 -105551.751718
153.830073 88.471381 1.232533 4.289186 -105585.575723
159.114196 90.160908 2.110682 3.352291 -105568.423535
156.969807 91.190582 3.448949 7.029495 -105284.803164
154.661058 90.701833 8.934266 4.052422 -105509.035374
156.618703 101.854322 1.964509 4.507006 -105631.732601
145.224047 90.918483 2.690422 8.869174 -105565.730808
155.053255 99.713712 2.968946 6.188038 -105518.272844
153.940398 96.068866 2.223324 6.252034 -105434.855948
152.369716 91.386664 4.249326 2.250736 -105593.948505
147.356781 95.321278 2.029304 4.236868 -105600.751892
153.392014 88.220421 5.780370 5.813700 -105450.440821
159.157052 96.386377 2.106521 3.892005 -105563.672741
153.850486 91.282539 5.156958 3.125440 -105485.591974
150.651995 93.544708 4.562290 4.776480 -105458.595609
161.407197 96.051986 4.109665 3.429219 -105616.092791
154.691672 96.398509 7.399384 4.885207 -105483.641296
145.666654 99.750645 1.668743 5.276459 -105635.245381
156.550252 91.489886 5.018221 3.153902 -105465.581905
153.857640 89.475373 2.134458 4.407400 -105515.752875
156.570845 97.448114 3.204683 6.680203 -105437.535207
159.690128 98.235850 1.338174 7.382918 -105542.988431
149.070867 99.556869 1.605761 5.203777 -105595.545869
156.743912 96.795118 3.352604 5.718402 -105425.553120
158.914043 97.254948 4.268287 2.639063 -105591.919086
160.154190 91.980536 4.151482 6.572013 -105353.243086
160.554718 92.409116 3.726248 4.809478 -105453.099526
155.552011 89.529782 3.176869 3.591957 -105508.826469
154.028985 97.183699 1.504882 4.911891 -105538.530237
161.150251 92.711887 5.685901 3.352182 -105584.778399
158.376443 90.647904 3.601665 3.439848 -105502.906190
153.962913 90.962033 4.050741 3.208250 -105503.900844
156.933821 101.244571 2.979418 5.667278 -105603.841500
161.480643 95.615805 4.713187 5.189694 -105558.392306
148.812029 95.045154 1.915301 6.504872 -105512.297882
148.381465 98.895745 2.936724 3.195918 -105631.482838
153.647392 88.369448 7.190292 4.727290 -105547.160612
157.019551 97.573284 8.323594 3.978454 -105593.632358
153.879736 98.328376 1.282005 5.301069 -105561.522838
149.608724 97.725808 2.952149 5.866803 -105517.905555
151.808915 92.752542 2.939530 3.131364 -105546.583289
159.057663 91.012535 2.671888 4.709128 -105453.175440
143.922036 95.999848 1.567367 5.874764 -105631.851589
156.370328 98.764219 6.258122 5.578111 -105637.635274
153.996979 98.065741 1.092222 6.391982 -105552.506741
148.490533 94.455040 5.499011 4.021874 -105595.527796
150.679184 97.249509 2.551287 2.278814 -105634.559107
160.780761 93.454266 5.858623 5.906104 -105504.907817
148.720740 97.849179 5.335393 5.152929 -105632.008829
157.314841 91.338836 8.053388 4.050891 -105438.587002
149.012870 88.642624 2.971487 3.466650 -105635.450420
157.529588 90.913452 1.962699 4.254558 -105509.301771
154.203664 94.645075 4.470995 8.133773 -105419.983331
156.730173 100.113510 1.477855 6.151737 -105570.861060
157.770148 97.665915 7.621491 3.072075 -105576.880986
159.391803 98.878269 3.656188 5.598438 -105570.753223
154.485517 100.038250 3.035809 5.095935 -105545.210460
155.615315 87.661461 3.852740 5.740561 -105360.545769
146.743993 99.898703 1.290473 9.676743 -105583.004373
156.385000 96.933877 3.334854 3.317003 -105509.430508
154.717193 95.609434 1.778047 8.341262 -105420.306207
154.110405 94.644737 2.197549 1.971333 -105592.077885
157.838654 99.234355 3.382008 5.589276 -105542.665399
157.478887 100.478522 1.932748 5.389582 -105587.188697
161.780506 97.544781 1.759983 6.531519 -105556.818692
153.898481 93.406201 4.317771 2.646410 -105486.410212
159.365719 93.784690 3.289104 7.107033 -105361.172558
158.606859 97.779212 5.433403 5.380210 -105567.233414
147.984393 89.129565 2.365382 7.764521 -105484.474481
156.726723 91.072654 1.945608 2.040226 -105631.779509
151.295188 98.311109 3.588590 3.244330 -105580.622749
152.484419 86.057287 1.733349 3.211499 -105637.985450
155.671111 92.281121 3.936479 6.808461 -105292.458306
