90.951960 71.660699 2.443630 5.227175 -107731.908856
88.897959 73.548608 2.590702 4.604954 -107730.578976
89.403477 70.497484 3.116470 4.694348 -107719.678454
89.670513 69.465198 3.158152 4.400326 -107730.471261
87.536679 70.300581 4.025374 4.209298 -107725.387278
86.721603 69.367291 2.652393 5.105910 -107726.809827
88.222693 73.880437 2.558207 5.211677 -107727.325420
86.984592 70.848915 2.407323 5.682154 -107719.115820
88.514373 68.685315 3.373976 5.327134 -107731.668944
89.294085 74.219115 2.576172 5.122539 -107731.920316
90.037464 72.302911 2.870735 5.930853 -107724.978169
