29.599649 9.693744 3.327686 5.938760 -104605.764511
28.961979 4.978444 2.163338 6.319761 -104603.917319
32.249604 2.362286 5.494389 5.705188 -104582.132416
34.179304 4.313991 1.142782 8.258748 -104638.415475
36.498193 6.584784 5.413899 6.132356 -104649.996827
33.271446 10.851042 4.761060 4.533505 -104647.656875
29.861258 3.146059 5.718303 3.017910 -104687.561498
28.074263 2.239855 4.452854 4.518929 -104668.399249
33.353263 5.622802 5.279643 7.257586 -104643.883837
31.435633 10.097733 2.897150 4.570599 -104629.369298
33.599922 12.718223 2.244066 5.811824 -104667.665931
28.445456 7.582277 4.310731 4.451480 -104633.437797
26.583468 10.395450 3.720414 5.918469 -104695.412890
33.413861 1.262232 4.764389 3.064816 -104687.556317
