164.744762 55.669208 3.833261 3.747772 -106142.237716
165.501087 56.914560 3.816108 7.126217 -106132.743307
167.391086 55.222667 4.809188 4.470826 -106150.858158
162.790737 58.018962 3.486180 5.011925 -106119.736536
164.115997 55.995068 4.924606 4.078957 -106099.637722
165.599478 56.709886 5.630530 5.151880 -106115.990709
162.931049 57.985308 3.941487 4.442293 -106117.752020
162.502129 56.880231 5.246957 5.221175 -106118.590128
161.961641 54.246758 4.153746 5.510664 -106159.313382
166.916085 58.242058 4.969580 4.871425 -106146.435397
163.638943 59.674547 2.336588 8.228007 -106169.836209
