0.047514 30.058527 1.846716 7.961474 -108977.510371
8.631698 27.724815 1.481234 5.007039 -108973.294932
11.096637 27.237314 2.993105 5.939406 -108957.437947
6.318627 35.686496 2.114044 3.574804 -109027.622238
12.458127 34.858225 3.471907 4.789630 -109020.818894
7.004201 24.095678 4.753831 4.229535 -109043.530419
4.823287 33.818433 5.279716 2.507437 -109022.503194
2.121550 26.478975 4.722636 5.380636 -109031.102924
7.007043 32.964269 4.549007 7.179560 -108991.305717
7.963687 38.538473 3.133113 6.466887 -109033.246582
7.668038 35.150071 1.541203 3.739476 -109024.579067
7.510184 24.049199 5.020440 3.237999 -109059.401276
5.039733 23.405291 2.456132 3.097609 -109067.569875
5.008690 34.046646 6.146784 5.513987 -109045.950593
6.189574 26.115032 6.174419 4.745257 -109008.027325
1.617271 27.889506 4.523360 5.758960 -108998.775822
7.596576 30.281426 3.051475 2.291740 -108956.258576
15.350231 31.519962 2.340392 6.093660 -109034.085197
6.102940 34.970701 2.768192 5.317038 -108950.478817
3.254872 28.416992 6.732148 3.737179 -109002.564837
12.669672 27.927582 2.335276 3.637582 -109034.750464
9.688036 34.336315 6.108032 3.906549 -108986.087036
3.818906 26.600108 2.508070 5.287905 -108969.103632
13.875465 29.148103 2.953817 4.020269 -109043.668821
6.288877 25.022629 3.962915 2.740183 -109021.389183
1.709621 24.193913 1.618031 5.267315 -109052.211107
6.035187 33.872472 9.812895 2.272567 -109046.165324
7.066870 33.679084 6.045877 6.162302 -109066.431087
10.641560 27.120876 2.542728 8.861404 -108995.963600
11.356130 30.168888 4.155888 3.612909 -108948.966001
7.695786 29.718971 2.502184 3.623609 -108915.442988
1.978421 27.236241 1.699959 6.597290 -108991.466619
1.762650 27.361107 3.557173 4.251302 -109018.235273
5.811249 31.320913 2.745870 8.518559 -108928.037695
8.123634 30.281933 3.494445 1.066345 -109050.838476
7.112069 31.022409 5.964131 4.293974 -108824.649436
11.454122 35.802847 2.707624 2.639400 -109068.918239
5.331374 37.926057 1.383821 4.557770 -109053.954945
11.562152 31.945927 4.386276 2.293544 -109024.613088
0.468831 25.312482 2.522861 6.590063 -109021.626235
10.802431 37.574408 2.350872 3.592197 -109065.812002
5.245735 31.439525 6.937133 1.981328 -108964.359299
3.366652 28.459869 7.688963 3.579142 -109026.707214
4.087700 29.219529 2.259804 8.596155 -108935.807906
11.310036 30.752460 3.530860 4.892290 -108926.289820
5.786525 28.652866 8.647030 1.765597 -108927.188779
6.260109 27.009909 4.288922 4.775420 -108906.700283
11.260426 35.846641 4.313031 4.160301 -109042.923801
9.089389 29.603475 4.059457 6.079033 -108898.222985
0.599607 30.150883 2.596676 3.213309 -109066.402186
4.181977 28.315573 2.818188 7.759035 -108935.790716
5.213353 28.788199 4.257197 5.298075 -108885.978630
4.852250 23.517516 2.826809 4.794508 -109037.919897
3.170620 39.757084 1.474670 7.679768 -109019.481345
1.446991 30.789697 3.150267 3.381926 -109041.247405
7.925369 38.737510 3.505044 6.933746 -109062.378979
4.546599 30.587197 8.999554 2.975050 -108950.155402
4.351703 25.525487 3.177410 6.188845 -108978.895487
9.254726 30.173027 5.803903 4.155403 -108845.354117
7.704647 29.256955 4.549653 2.965754 -108860.133008
