101.975702 71.628099 8.317094 7.007329 -100582.464214
83.307999 15.707759 4.181494 9.521182 -101758.460132
95.775508 19.351695 4.181494 9.521182 -101758.460132
34.579096 18.936497 5.143341 9.107013 -101137.858894
8.751473 46.728348 5.143341 9.107013 -101137.858894
10.560364 190.876518 3.320132 8.208964 -102204.429875
9.126083 178.851090 3.320132 8.208964 -102204.429875
119.593642 191.944630 2.902564 5.787582 -102328.290942
135.777623 6.557841 4.293157 6.180939 -102324.501221
149.908624 20.981658 1.987779 5.005686 -102454.569188
178.197941 165.706916 2.587232 2.106495 -102424.099092
177.570527 169.825178 2.663195 3.211370 -102461.294399
