136.923621 16.757448 7.752361 9.974812 -104442.795323
123.787482 66.064298 10.396517 6.803936 -105776.213304
143.079820 105.585093 8.224306 5.697285 -106812.279240
78.495923 8.302196 3.662127 4.830063 -107870.762573
113.009695 179.356718 4.980075 7.730995 -107505.525364
100.915885 178.004871 4.980075 7.730995 -107505.525364
21.351379 9.355385 8.124923 7.130252 -106680.010769
31.162205 65.899994 2.384692 4.247229 -108049.112351
4.674554 138.916178 10.399324 3.385974 -107384.903999
181.627089 37.267853 6.879947 4.071154 -107721.455285
9.011519 80.361223 2.833334 5.986589 -107983.027169
