10.834498 83.401636 4.359702 2.328512 -108093.627624
5.843735 84.682109 3.897199 6.727052 -108007.897535
10.132432 81.662946 3.685307 5.034163 -108004.220279
8.561280 73.149844 1.328238 3.835407 -108089.053744
15.473086 77.635467 1.723132 5.523730 -108061.612970
16.423560 72.490154 2.330362 5.731137 -108100.559974
5.069191 80.684815 1.740340 4.512999 -108023.789783
0.045205 85.343634 3.378211 7.055326 -108001.932951
4.431107 84.259394 4.881528 5.187041 -108010.924943
8.061094 80.288195 5.511896 5.532807 -108074.485210
3.335893 91.250513 2.638411 5.356206 -108090.321291
14.406005 81.078452 2.747534 6.165152 -108042.576957
8.795990 89.885583 2.657723 4.185195 -108089.662732
7.850296 85.131027 2.275611 4.896146 -108006.056119
16.889874 74.651645 2.348167 3.764993 -108105.104042
8.038386 86.233393 4.128297 5.843404 -108041.837254
9.121232 77.779866 3.614499 1.586789 -108100.479305
0.461047 87.095580 1.932097 6.473215 -108029.404448
1.413652 75.764978 2.117841 3.790117 -108095.102696
8.836090 70.606406 1.177501 4.418070 -108097.053176
1.777379 90.023104 2.334786 7.833272 -108046.767200
19.833393 77.913611 1.879664 9.778704 -108072.436751
10.550379 85.023616 4.524423 5.091855 -108061.134098
5.519479 79.443196 3.805928 1.357923 -108095.865631
1.985796 87.695245 2.722173 5.703490 -108028.521272
13.666798 74.858759 3.047160 3.886906 -108089.623312
19.767720 72.174362 1.952321 8.671994 -108089.676291
9.847108 85.082797 2.350187 4.395355 -108029.984635
8.543509 75.592792 3.904571 5.462133 -108064.504044
7.349339 80.645739 6.759641 2.030547 -108084.670382
11.860288 71.511073 1.572525 4.977436 -108085.257146
12.243528 83.254095 2.179848 3.911982 -108061.244100
8.724879 91.038962 2.582870 4.275156 -108105.639071
5.219535 90.233868 3.221556 4.397160 -108095.163572
5.468859 81.463718 3.484125 7.600281 -107987.564685
23.405002 76.873921 1.705139 4.346462 -108104.643550
9.796772 83.143848 6.203999 2.141175 -108105.276326
5.341833 78.576327 1.486391 3.245635 -108072.004768
8.685254 86.124078 1.260630 4.149778 -108063.165751
3.915395 90.764632 2.954133 6.401612 -108085.109468
6.734205 69.904387 1.572090 6.223555 -108088.550259
7.163325 78.382519 5.097666 6.049902 -108092.404876
12.518353 84.770813 3.465246 7.255469 -108077.700182
11.082729 75.151344 5.171677 2.604658 -108105.729477
16.864377 75.534946 1.246075 6.692151 -108063.940808
7.912776 77.611292 5.802541 4.550473 -108102.453093
11.896326 83.637530 4.226842 4.165815 -108065.745932
9.210985 82.532534 1.238208 3.637347 -108067.720557
7.521082 78.361827 1.209245 5.160985 -108041.644762
16.896323 74.380021 1.421482 4.810597 -108090.062768
3.498792 81.353837 1.013346 7.986126 -108019.520794
10.696508 77.945936 1.633634 4.082991 -108059.513695
8.495560 82.491831 6.217046 4.024886 -108056.918674
12.464127 73.161288 3.118638 3.776904 -108093.259452
19.606231 78.734157 1.808591 5.739704 -108087.482963
4.775327 74.529825 2.157978 9.755559 -108017.045278
0.058376 80.557724 2.522576 6.378333 -108007.721897
4.201814 84.616259 5.172777 4.513401 -108014.900762
9.318714 73.023179 1.767644 2.895953 -108097.113667
10.851976 80.167674 4.688828 2.024825 -108106.189990
5.807896 85.409202 2.833334 5.986589 -107983.027169
5.986678 86.146193 3.730087 3.918988 -108020.330546
8.888646 81.841470 3.592657 3.355437 -108033.078802
13.800103 83.932039 2.865875 4.267447 -108072.364238
3.969371 83.781104 1.462146 3.915317 -108046.641362
8.220622 80.868065 4.096073 4.210167 -108001.329465
19.607744 76.271433 1.601308 6.804973 -108074.350360
6.796624 78.824618 4.074135 2.819653 -108050.281864
17.075724 74.661519 1.731009 5.616642 -108080.111043
12.206040 75.915570 2.344519 4.106871 -108066.479803
8.315217 80.336733 3.370354 7.898153 -108006.315110
1.465919 84.553064 4.005706 3.037954 -108044.726335
8.795054 79.394876 4.478923 4.770800 -108020.501344
12.649152 74.622953 1.498845 5.907387 -108054.543414
7.967688 78.062960 3.327520 9.418862 -108072.165269
10.958311 81.988793 4.665567 3.481925 -108067.775698
16.032072 80.104683 1.980485 4.862136 -108076.572537
10.565259 75.733355 2.027792 8.070313 -108009.277343
14.531642 75.550580 2.490900 7.547810 -108054.705357
7.208549 75.257447 4.289359 4.394170 -108085.141868
6.460898 77.233509 4.696647 3.520449 -108064.675176
14.008315 86.367220 3.379697 4.492485 -108094.075028
0.634996 83.943977 1.176619 4.257122 -108071.812444
0.509054 88.758413 3.493808 3.038229 -108087.139022
2.548899 81.408206 8.068515 1.495378 -108097.498203
0.530746 83.246318 4.231453 6.491504 -108004.610344
6.658610 76.069930 3.446957 6.201177 -108037.909796
9.607886 73.201215 3.556394 2.650590 -108100.560186
12.222507 74.691722 3.203049 2.749878 -108092.536125
8.278347 76.621563 1.688628 2.364994 -108093.206502
3.158810 86.650192 1.436567 5.561775 -108037.516012
14.298572 80.421294 2.897740 4.127117 -108080.141964
