5.605265 191.223316 4.786751 4.406628 -104087.328852
24.368484 194.023192 4.035668 4.053334 -103853.816915
10.235794 196.502549 4.987167 7.706655 -103607.047011
22.429279 196.970279 3.413113 2.545338 -104073.627814
27.570658 194.085548 5.326352 8.605392 -103739.832553
19.583789 188.059418 7.028916 3.494170 -103884.497767
21.052319 189.841090 5.030702 6.414236 -103474.976528
22.425498 185.849615 4.955774 3.366554 -104078.698835
20.107013 187.216482 5.913504 9.917032 -103797.909661
19.153972 189.232832 1.506249 5.514505 -103946.106790
0.541227 196.650627 3.794091 8.276775 -104042.124337
11.116444 194.481335 3.431189 6.061128 -103739.215262
14.952688 190.533988 5.374688 4.247496 -103706.658699
18.641224 197.379645 5.069016 1.847994 -104091.254235
17.366410 188.811606 5.924118 3.848924 -103799.581114
8.265971 194.723637 2.321760 5.639518 -103973.448608
16.544034 184.232279 5.482281 7.917287 -103867.833482
21.169102 184.483636 4.924947 6.358012 -103883.767734
3.956654 199.883523 2.899443 6.838143 -104073.920200
10.598932 192.507404 5.422917 4.569586 -103800.401690
20.409429 185.798585 2.320166 6.574421 -103863.438249
16.008980 182.820790 4.063776 5.863671 -104003.583158
16.984219 192.416423 2.765194 6.505648 -103613.832847
16.894920 190.475697 5.458971 3.866913 -103735.554493
24.043291 187.549239 2.196307 9.781604 -103737.139144
28.458890 198.953584 5.039206 4.787044 -104024.549043
4.689446 193.095640 3.688236 4.692658 -104090.716111
7.985462 190.013511 2.403676 7.516607 -103877.459731
25.234178 188.573276 4.301053 5.895583 -103800.961927
22.848065 186.662180 8.531168 4.492574 -104031.095157
2.696750 197.309871 6.279201 7.808688 -104095.558856
19.109710 189.453465 3.364517 5.213246 -103717.569159
19.953086 192.504584 7.167441 4.654120 -103454.402249
17.431133 197.173600 5.402132 4.636996 -103659.349559
11.011911 196.804092 2.147672 8.287490 -103783.575159
28.599154 192.322258 4.750035 5.929467 -103910.420727
16.006393 198.135483 5.525735 4.419967 -103763.268768
17.521187 187.565047 2.649207 9.895996 -103585.072605
9.495240 188.135877 5.725330 5.362203 -103950.324318
19.305473 198.211492 4.465132 2.946297 -104002.710100
20.305756 185.993004 5.566784 8.692888 -103740.498183
18.208980 196.743220 4.598452 4.249053 -103745.374904
18.372476 197.336248 1.888526 5.333880 -103925.535950
24.336321 191.168995 8.518729 4.669668 -103740.693642
13.283062 191.165413 4.208152 4.427981 -103774.849686
21.440514 196.702450 7.807144 5.054919 -103526.175396
18.859315 187.157653 3.963899 4.220868 -103906.056496
9.080165 199.293035 3.854075 4.406815 -104067.415714
14.626235 186.576166 4.207047 3.813818 -104002.272549
1.813172 193.159962 4.986272 7.276555 -104103.887012
19.850693 182.685157 5.424923 6.690335 -104036.949981
14.626292 190.751506 2.903875 7.209580 -103598.339709
17.126255 192.530189 3.447914 8.301707 -103397.390203
25.121252 187.497637 4.281164 6.354550 -103818.246547
9.745533 195.887114 5.632278 5.035199 -103848.950128
10.029646 185.782211 3.346447 5.475089 -104011.868147
22.770429 192.066818 4.261952 2.586558 -104010.521562
20.813397 192.427404 3.236252 2.690236 -104024.313010
22.315935 194.512355 7.823022 6.584523 -103407.434165
15.964886 187.410638 9.087415 3.524353 -103987.205421
20.856362 190.769696 5.786188 2.618692 -103958.835980
11.778514 188.748981 6.077728 8.088332 -103724.385351
29.781816 196.920145 3.985977 4.408549 -104078.551456
27.771512 193.521169 3.747421 7.910765 -103742.455952
17.540496 187.225077 3.123852 3.525596 -104024.414287
23.673785 197.348037 10.976592 3.380952 -103949.337568
23.943404 186.385553 6.757035 3.670722 -104066.464973
13.074230 188.303762 4.212321 5.371000 -103772.162439
17.617006 190.714863 3.880469 4.677330 -103693.971414
24.364578 197.067509 9.990323 4.455492 -103836.931577
2.531759 189.451678 2.978362 6.668320 -104090.634592
12.469350 188.788449 5.917121 3.535873 -103949.993206
17.118999 187.538801 4.194761 4.834832 -103796.687170
26.351602 191.985617 2.781459 5.078433 -103916.291878
15.624768 191.038224 4.369279 9.726035 -103369.563890
11.322653 198.608776 4.335469 3.202886 -104087.886131
25.743234 187.700531 3.658659 3.773269 -104046.829285
19.935660 195.188702 4.141639 3.163920 -103896.818860
19.246607 196.907007 6.358533 6.182089 -103371.534859
19.513317 198.691973 4.098387 4.281987 -103874.094106
23.905920 186.090735 4.233465 4.722443 -103976.509880
32.468545 199.844033 3.862945 6.610347 -104092.888271
27.388023 194.948428 6.099281 2.664086 -104097.418743
26.190893 193.889542 1.972318 6.140913 -103916.868924
17.031543 190.805847 4.534039 4.273357 -103704.934572
27.752438 197.182350 1.550741 6.277707 -104032.500555
3.868235 190.487984 2.396932 5.456587 -104102.696572
26.954906 195.885579 3.297151 3.094933 -104089.862139
13.920050 190.970325 4.120164 4.306492 -103784.161177
15.321749 191.482523 3.423259 5.066047 -103700.906211
7.996674 188.659704 1.886185 5.086088 -104068.672847
25.834565 199.819144 6.105873 6.071158 -103786.992301
25.796304 184.925534 4.279466 5.355910 -104054.863250
19.320148 197.177818 4.424783 7.420332 -103400.350439
17.707408 186.397626 5.386721 7.853937 -103628.085567
18.258210 184.561022 2.771622 9.665010 -103714.486055
10.059382 186.881108 5.097375 7.196974 -103886.229755
3.868268 189.881257 2.794299 6.003408 -104078.914389
25.312054 195.553566 2.567937 3.838164 -104018.272477
24.946761 194.305197 4.531342 5.465304 -103697.304069
15.525451 188.882372 1.355556 4.836520 -104027.832623
23.672566 191.346657 3.444285 2.530874 -104063.473073
24.688878 190.992743 2.753776 3.566333 -104009.244154
8.557176 187.697481 5.163143 6.094101 -103973.687642
25.798230 197.359144 4.331156 3.424414 -104031.768489
26.699232 199.696190 8.220199 7.274290 -103787.455259
8.049079 199.048510 5.392620 8.075684 -103754.726254
26.907540 190.016876 3.354668 3.941313 -104026.232519
22.939803 185.506962 5.318926 6.432722 -103866.256816
16.945736 187.396354 2.516504 9.709916 -103613.144983
17.882791 186.377247 5.623639 6.930824 -103655.552732
6.834435 187.284494 3.789045 4.889892 -104098.454221
22.653199 191.092967 5.344370 8.553292 -103444.657188
30.423874 193.323615 4.207430 4.324066 -104104.365842
25.559501 189.315748 6.695300 3.320473 -103994.014303
26.317305 186.366242 3.558225 4.328645 -104068.876688
24.531433 189.804191 2.439553 8.787871 -103694.990230
13.733932 189.511073 1.821548 5.497085 -103924.878495
17.087350 186.254276 2.733290 3.900128 -104039.687402
24.915666 191.694774 3.729170 5.497076 -103748.886641
23.231452 188.159609 2.129565 6.002527 -103890.400717
12.850345 199.869584 4.832139 4.585326 -103940.277373
16.072045 186.028725 6.866687 5.127905 -103880.443379
25.186864 186.127517 4.849960 5.081477 -103991.390505
23.158522 197.382959 6.129095 5.402653 -103625.878616
15.664599 191.310160 5.090322 5.731893 -103465.610778
13.220301 186.189006 4.830683 4.975350 -103917.441501
27.949741 192.564238 5.300632 4.588617 -103955.548119
21.051108 186.680362 6.656428 3.228438 -104026.742399
26.254112 184.384725 3.937259 5.113518 -104101.274673
29.842188 192.725419 6.167230 5.133583 -104097.955470
28.079662 196.091000 6.314520 4.612481 -103983.886222
17.549602 188.163478 6.748884 4.154229 -103778.956612
7.407553 193.960953 3.881578 6.061145 -103892.675144
21.525037 191.601226 3.785944 7.486164 -103454.088425
24.692209 197.821260 3.345311 2.829726 -104101.633256
14.014700 182.257610 4.156418 8.279142 -103974.939576
7.044541 190.654998 1.347572 6.010392 -104068.183276
24.508911 182.367017 1.283773 6.701792 -104101.494565
27.779028 189.449917 6.231372 6.130882 -103992.432732
10.048958 190.635780 5.277663 4.677941 -103855.365148
24.431344 198.867765 10.884745 8.984978 -104061.742865
29.165221 185.386114 2.106252 7.691281 -104039.430709
18.652988 190.492662 2.371170 3.383692 -104008.347857
18.806367 195.984243 2.146075 3.917153 -103976.372414
19.397686 190.046462 7.611133 6.428612 -103425.985633
18.017291 194.334019 4.717248 3.718094 -103749.361401
17.650902 196.873064 6.468274 6.344479 -103346.341113
9.425188 194.034822 4.418383 5.175222 -103839.773359
15.632308 185.529369 3.882880 4.202503 -104004.413103
16.628563 194.797098 3.508358 3.464787 -103894.812237
31.013394 192.228706 3.757635 7.809755 -103981.373986
20.047495 190.108130 4.920529 6.816778 -103412.159322
9.192521 192.947743 6.739464 5.717652 -103826.797701
26.362024 198.344557 6.187920 7.665038 -103660.666163
13.549169 192.079494 5.517434 7.236967 -103412.723402
28.589311 191.444716 6.118809 7.043495 -103982.235849
17.592792 189.835286 4.594925 5.546321 -103546.962761
12.067961 189.036389 1.976431 7.183587 -103835.352870
13.976377 182.303421 3.056599 9.319755 -103885.879477
23.551900 184.387935 5.701928 4.777858 -104095.324532
17.233731 184.894263 5.687642 7.798911 -103808.526191
27.948761 195.764500 4.950678 5.758291 -103870.177258
13.376094 185.392031 5.663527 7.086826 -103868.151166
14.309896 187.780252 2.813348 7.016666 -103719.668420
15.792350 189.066589 1.099964 4.569410 -104073.816032
24.325339 194.143224 4.739516 3.147326 -103937.749321
24.765873 199.413066 6.402642 3.735073 -103998.903175
12.953918 190.024801 4.207203 4.931925 -103753.106858
21.100330 181.223215 3.440757 7.621086 -104005.766743
23.559444 191.727669 7.116913 5.044369 -103597.766946
25.289316 186.149363 2.968510 6.506606 -103912.998474
24.492910 183.844249 4.096233 5.647784 -104048.889696
14.312720 187.419251 5.845516 3.205407 -104019.685185
24.568827 194.716828 3.742758 6.198517 -103669.655454
11.020643 185.643865 4.080197 8.046733 -103836.527086
16.424785 197.975751 5.113464 5.327990 -103632.939975
24.667060 183.572182 4.524645 6.376161 -104050.492197
6.579079 190.633068 5.051664 9.363317 -103874.311503
28.695985 188.278998 4.534951 5.501253 -104043.350547
23.948635 197.827257 5.986225 4.974291 -103744.151932
28.579376 187.625822 5.540239 6.786189 -104098.123787
17.617411 191.706981 1.802675 5.916446 -103832.210880
20.918253 183.160893 3.262414 7.529350 -103883.334099
32.155130 197.381064 2.912558 6.962616 -104053.010904
7.302421 191.084568 3.964490 5.736911 -103930.164085
9.691784 192.518857 7.687534 4.632144 -103877.642496
18.438379 183.066508 5.400346 5.300016 -104060.722793
26.209626 197.876205 5.232797 5.883386 -103784.225429
15.719602 182.039874 1.117000 9.082709 -104011.939875
19.207793 185.980660 7.070484 6.241696 -103819.167169
25.344436 194.266340 2.299578 6.896574 -103804.504892
29.039376 191.703233 4.234523 5.199920 -103989.874859
16.383811 191.826077 3.647285 6.746744 -103477.542470
10.130087 195.144038 3.857577 3.069629 -104049.798426
16.678798 189.772256 6.744622 3.914541 -103718.673153
11.015760 193.461429 7.920983 4.519472 -103782.377143
28.501897 192.831259 3.945916 5.900211 -103900.559600
20.946980 197.416772 2.410616 4.330130 -103959.235965
29.292087 194.027938 6.791872 5.181808 -104071.029876
28.521563 198.870886 5.779732 6.274438 -103913.150527
25.416332 193.992445 1.754877 5.420515 -103967.243544
12.571960 195.313064 5.328309 4.906928 -103693.497997
16.277549 193.442680 6.448338 7.437370 -103259.149756
21.688807 189.578561 3.913267 4.272597 -103816.996940
17.977164 184.876893 4.537532 3.800348 -104058.140605
24.171951 190.975077 4.892650 4.279175 -103792.612925
10.251385 184.828262 4.957145 5.727999 -104067.895511
15.458682 182.108733 4.714274 6.053211 -104071.087572
21.263946 180.403299 1.694250 8.517675 -104022.680663
15.163883 185.956787 3.214619 8.088419 -103689.534818
20.185252 181.966624 3.142241 5.111057 -104096.412350
15.355577 198.482908 2.841783 6.115888 -103794.217626
16.607313 192.924817 5.207126 4.373863 -103604.299102
17.873525 193.477817 5.048344 7.991762 -103250.764949
24.926154 193.444731 7.066548 6.493476 -103611.209088
22.412459 199.451517 2.885713 3.349072 -104093.530721
16.428163 198.175451 2.519129 5.172521 -103895.225911
21.578141 190.759291 8.979558 6.508441 -103593.263229
20.534116 189.141132 1.637713 8.549056 -103772.721797
7.763129 182.467007 1.987579 8.125624 -104068.147307
27.223814 183.719780 3.402376 8.603742 -104018.212108
9.735525 187.887191 1.873927 4.576209 -104077.588128
20.904574 193.384223 11.529851 1.917818 -104014.156096
21.514263 188.444566 5.695511 3.939055 -103835.867286
25.409112 194.011320 3.055212 4.666418 -103894.140085
7.520397 190.337970 4.489861 6.707313 -103878.491561
27.691883 186.069190 4.379291 9.123144 -104009.809897
7.287574 191.771751 3.218337 5.110522 -103982.360837
24.610755 196.768694 4.707180 6.176808 -103652.765881
8.299979 198.187967 8.442622 5.063091 -104072.932425
14.156939 188.123522 4.060792 6.142555 -103676.142564
17.655091 191.436071 1.144541 7.858614 -103886.300784
21.126841 186.127092 3.841479 8.405814 -103649.602589
18.725345 191.740745 2.773850 7.180883 -103564.208801
12.479903 186.803856 3.433826 6.465290 -103806.628298
16.920300 189.319721 7.664338 4.505212 -103635.882952
22.164963 186.998742 6.894252 5.483925 -103817.078347
9.004302 188.677440 2.904810 5.295851 -103972.625347
20.411038 197.304220 4.182605 5.379267 -103661.766559
13.461744 189.620702 4.422615 6.379158 -103587.166530
25.486063 192.334604 4.693830 7.123227 -103610.540205
27.711487 198.974098 2.570187 5.262852 -104039.381871
15.947175 190.871596 10.902038 2.497966 -103946.693993
13.292341 194.992547 1.891736 9.313437 -103704.415591
18.557570 196.940078 3.499427 8.131687 -103448.915315
21.657426 189.665853 2.943849 4.970695 -103812.963037
28.487785 196.150054 3.114824 6.434903 -103906.014864
16.758722 192.634697 1.978330 7.093093 -103722.734180
7.214866 188.907447 3.671848 4.048038 -104088.871723
16.698969 191.608754 2.890874 6.814815 -103578.398452
16.617724 195.547904 4.096100 6.314192 -103489.446120
8.515428 189.216563 5.006497 7.536767 -103839.607949
26.904385 194.209125 5.742941 2.557255 -104084.386775
12.603969 199.265450 4.475610 3.877557 -104013.343731
13.207282 184.603940 4.408826 6.113420 -103927.667002
12.522050 193.599727 6.965827 3.248360 -103855.538478
22.385354 191.351293 9.626666 6.302417 -103675.601233
21.814211 196.899360 2.040432 7.944283 -103743.538900
15.678788 196.369784 2.001282 6.860783 -103789.208098
19.025841 189.554402 2.332754 5.734990 -103790.470742
29.400906 194.252485 5.139659 9.978309 -103915.005757
14.042094 190.851255 5.268206 2.858301 -103961.930545
25.571328 191.699672 10.773606 5.361247 -104083.948436
19.233079 188.906120 4.381742 2.664239 -104025.549339
1.334310 194.010590 2.753108 7.686834 -104053.068632
19.313850 190.786742 5.854838 3.506045 -103766.034516
17.902366 191.357544 3.825615 6.423959 -103476.108434
18.565020 198.949659 2.590144 4.778945 -103946.157402
12.299130 199.185627 4.718864 5.525856 -103815.036837
24.250493 193.073721 4.305817 2.796061 -103996.471271
18.976743 194.502003 2.601062 3.219352 -103986.781392
23.401546 196.711963 5.682733 3.643286 -103867.086022
15.401640 185.736530 2.920672 6.719345 -103804.299547
7.536702 189.745587 4.764800 4.020764 -104055.919476
9.440001 197.376508 5.184721 4.436332 -103973.665174
30.703984 197.059979 2.588511 6.908432 -104006.443594
20.570044 194.289322 2.198429 3.849434 -103960.461470
22.942110 195.833328 3.794519 2.626901 -104034.935814
10.278876 192.632242 4.806238 4.144431 -103878.417336
21.099802 196.869704 4.964131 7.112806 -103401.104800
14.982200 195.271651 6.975421 4.600238 -103567.281246
23.231986 187.380573 5.347550 4.840682 -103853.582203
16.677782 181.981491 2.807596 7.965773 -103921.158319
18.621718 193.763806 7.890337 8.778480 -103429.298520
21.997287 197.183045 3.624080 3.434098 -103967.466152
26.858629 196.089857 6.760897 7.394693 -103744.965726
12.654057 183.035570 4.159352 5.835700 -104056.756784
11.203232 194.775617 3.713362 3.747935 -103951.828607
16.339765 195.515991 4.190155 2.378646 -104027.052327
9.745078 190.092682 7.633261 3.796599 -103989.676300
16.191804 188.775086 7.543850 2.610686 -103998.484085
15.230630 189.283211 5.557322 3.192873 -103926.994516
13.836457 190.300774 3.095094 6.125513 -103687.215489
21.263344 193.559436 4.130424 3.484274 -103844.125460
29.941407 189.763696 2.467311 7.947326 -103950.908433
25.028587 184.918529 4.748994 7.130504 -103958.069772
29.729918 195.455263 2.031665 7.005574 -103987.448556
21.274816 186.148855 3.267667 5.680096 -103856.512574
23.203875 192.923588 3.909964 3.893437 -103839.258836
11.018752 188.685292 3.723451 6.222797 -103783.214214
11.038538 194.736882 2.405032 4.435050 -103976.177300
26.873662 196.485557 8.197475 4.212704 -103983.460820
29.302960 194.639074 3.812594 8.423542 -103818.672977
2.560403 196.668872 2.129220 6.685691 -104099.533003
16.115438 190.323499 1.590635 5.181298 -103944.384042
23.925047 192.196576 4.101587 4.091085 -103827.685159
9.974591 186.856730 4.127117 4.990810 -103995.016981
14.865554 190.526664 6.964705 5.258156 -103519.142831
25.478331 192.371753 5.896718 5.873327 -103670.357462
27.989757 197.700382 4.039944 5.048976 -103975.576245
19.826795 185.670127 2.936645 3.868790 -104056.142095
15.879379 183.416165 3.103092 5.984556 -103966.813965
21.621271 194.001962 4.641035 3.612387 -103798.130363
7.356585 196.672048 7.733968 8.992132 -103969.119779
25.266599 189.086450 4.642940 5.364239 -103813.987470
14.868350 191.529209 4.176906 6.279385 -103500.776542
16.458072 184.967476 3.553616 4.731187 -103981.071840
14.446408 193.221971 6.093439 6.867261 -103352.872028
30.284352 192.434896 4.624627 4.861816 -104081.366569
20.761336 192.335063 1.159344 7.549857 -103900.670619
8.567962 187.600189 1.869609 5.544803 -104052.085546
25.286254 188.838313 4.224351 4.690046 -103896.696402
22.195654 196.636559 3.375765 3.038505 -104012.080641
2.281566 191.156778 2.644073 7.498292 -104046.786133
12.289206 198.068253 5.967313 6.886673 -103563.276070
27.233140 192.245647 5.842898 4.459771 -103920.613088
9.632488 191.563680 1.455651 4.743283 -104062.885115
27.128582 190.692526 2.969798 6.146599 -103873.291337
27.875319 183.969021 3.944478 8.154710 -104089.705881
20.916167 181.750463 1.016904 6.944922 -104102.376652
27.823427 196.116938 4.832033 7.482624 -103753.747368
20.640293 188.195585 4.013356 4.591757 -103814.007193
17.992456 192.712354 6.674102 4.535581 -103476.698991
24.166172 198.618143 5.419524 3.932439 -103941.826822
16.150160 192.779021 3.292473 4.979411 -103700.625919
22.938807 197.030638 5.572334 7.890111 -103397.554477
19.667524 192.472019 6.365526 4.576891 -103493.011678
19.894938 193.842674 8.289547 6.713798 -103308.974982
26.896280 196.476409 1.545290 8.290276 -103918.467077
10.956438 198.658157 1.960677 5.228615 -104040.089696
9.925719 197.779957 4.608238 5.810128 -103835.416376
18.946137 192.566997 2.844307 4.646660 -103782.067366
20.201570 186.527557 5.505186 7.968758 -103651.707634
5.400218 196.634812 3.201862 5.049750 -104085.722162
9.320694 198.403079 5.791081 3.417942 -104100.549085
18.784004 194.829022 4.575434 2.726680 -103937.274749
26.353598 196.404872 3.268983 3.557718 -104045.862255
6.339775 193.956859 5.663363 4.193518 -104076.828246
11.366993 183.676723 2.423890 5.989516 -104046.878308
13.541933 182.194574 3.977865 7.197840 -104013.502382
11.769015 183.229695 4.026753 7.284996 -103994.890900
26.740151 196.256795 4.397401 3.141074 -104060.365441
13.473497 191.060851 7.681601 2.266404 -104030.845567
13.683714 185.432545 7.729813 5.211715 -104070.450118
20.909949 199.247003 6.093778 2.653402 -104054.082025
9.511776 184.997915 1.222807 6.400214 -104094.655127
17.987456 197.239959 5.142820 7.898814 -103299.438562
18.966576 187.301964 5.376364 2.897305 -104024.327693
14.996390 196.846825 6.205797 7.796876 -103313.221250
5.743127 187.075127 3.514586 5.836144 -104091.165621
17.018427 187.769318 2.711375 3.152431 -104067.449171
27.205972 186.992194 2.855932 5.274961 -104031.545700
20.636438 193.966907 3.989302 2.565367 -103997.489845
13.531759 187.513648 3.569020 4.838870 -103887.437707
11.123591 193.000141 4.900558 3.801008 -103879.621641
19.511617 188.069031 4.100829 5.833233 -103651.233447
23.420655 199.407639 3.027361 6.689421 -103797.005219
17.019618 182.144427 3.908649 5.650078 -104048.916337
32.401309 190.430586 2.680675 7.283379 -104073.026533
21.803507 189.627962 2.748313 5.221572 -103812.520177
19.150231 182.518890 5.647603 6.368902 -104074.739044
24.420158 198.383927 5.542304 4.232804 -103898.544649
23.555648 187.406780 6.627249 8.511909 -103922.600388
22.584812 186.782894 2.755639 5.794140 -103877.344882
19.653023 187.238899 3.615097 5.551203 -103765.802518
24.013493 193.832067 4.435572 4.696927 -103733.749566
8.540599 190.475406 7.089298 4.568284 -103995.403419
19.722502 188.128255 5.548038 4.298919 -103781.928782
26.253834 186.962559 3.056038 3.653502 -104100.140705
21.396853 190.925977 7.374560 2.358054 -103981.513051
20.450472 188.244916 7.076403 3.159160 -103928.003796
11.256252 196.834529 6.891707 7.421698 -103577.183144
27.365004 186.034077 4.868226 5.755490 -104070.521208
15.255731 189.699374 6.161979 4.551450 -103659.894090
17.443861 192.176730 9.548372 5.457019 -103398.641554
24.346947 189.566002 3.473142 6.106126 -103741.295685
27.142730 191.731336 4.779902 5.213513 -103861.719374
17.599871 197.611170 3.266800 6.381493 -103652.748732
28.657348 185.668448 3.609180 7.735070 -104027.932171
25.689103 193.867551 7.345871 7.584971 -103725.236055
29.186833 190.244957 4.280149 9.469805 -103914.517797
20.196626 187.831621 5.324227 7.507025 -103528.676245
18.276037 195.963271 1.992862 4.326628 -103957.404744
18.957602 193.391855 7.311410 3.153049 -103736.344294
24.007358 185.158645 1.756836 5.663540 -104045.446416
18.543174 182.903001 3.979888 8.300258 -103857.831494
12.610016 196.972988 7.603545 5.708052 -103621.779482
1.410212 194.095326 4.435584 8.653895 -104014.786552
17.959449 196.626760 5.353690 5.197569 -103543.959551
9.508029 188.733102 5.640194 6.540221 -103859.703984
30.460837 198.497851 4.366064 6.261045 -104014.421064
19.870025 195.308601 3.359038 4.921059 -103720.998203
17.036234 184.569880 2.595541 5.664406 -103954.740014
22.935926 195.935870 4.154179 2.277033 -104066.731851
18.395390 194.683543 1.170496 3.498109 -104097.615903
10.117286 197.704044 5.192669 4.555005 -103941.708349
17.130315 197.100028 5.510817 5.887375 -103469.699822
18.434188 197.365351 3.191274 5.653509 -103724.538814
1.939635 193.759064 1.511789 9.515595 -104030.901220
14.448670 194.156615 6.100290 6.433263 -103377.785079
18.421747 196.403058 3.762491 2.757720 -103996.154066
17.936237 195.696805 7.425964 8.159854 -103253.646809
5.877072 194.599285 5.157087 5.717055 -104011.143513
19.409908 184.429690 2.937904 8.241503 -103764.400120
13.671413 199.518348 2.304263 5.796411 -103949.118411
28.259633 190.963961 5.194113 3.905336 -104052.750946
7.971109 194.033681 5.340879 6.648083 -103819.811055
11.559932 195.432149 2.682688 6.808180 -103757.189929
6.821546 191.786870 3.210858 4.075182 -104064.482596
23.451778 196.930355 6.158469 3.558626 -103877.527118
19.916468 193.270651 5.622257 1.862979 -104068.175732
16.778888 190.323519 5.961739 2.532553 -103977.407019
7.501746 191.114955 5.306620 5.591912 -103938.212515
20.844036 187.801545 7.119566 3.535332 -103909.595523
12.743051 197.210598 3.520824 7.600201 -103600.604546
20.445626 196.951434 3.660252 3.703166 -103905.032608
16.255441 194.044839 4.225523 5.032750 -103597.952921
23.293949 185.689706 5.693491 6.234365 -103895.052752
19.795306 187.110959 5.054981 5.538345 -103710.578691
15.107557 185.195263 4.105622 6.269113 -103824.778997
17.401779 190.083758 4.480515 8.469722 -103363.434333
18.232243 187.192090 6.645424 4.813561 -103770.418577
2.762361 198.399528 4.423979 8.097340 -103996.461753
9.011865 182.932240 3.438231 7.277202 -104078.894347
15.811754 189.330937 6.363071 3.028704 -103925.932712
22.725137 194.010128 10.631023 7.110291 -103854.053048
14.732596 193.553711 1.054645 7.278991 -103945.940991
22.341538 195.904800 6.650381 3.236155 -103836.945260
9.716381 188.914683 3.079759 4.338850 -104009.887571
30.668945 190.511906 4.069134 6.483104 -104045.635707
9.323191 192.003691 2.593322 6.170056 -103869.378004
16.415842 184.131255 2.902226 6.419388 -103900.138291
20.586844 198.144502 6.600088 6.307549 -103432.666564
12.364377 187.230503 2.653197 4.231097 -104028.227480
18.805103 190.806131 4.710826 7.678457 -103336.917829
18.342697 195.855125 5.988452 5.029438 -103491.537058
12.266364 188.740630 2.154235 4.213782 -104026.608765
26.330221 192.094185 7.184843 3.920154 -103912.973356
21.543866 186.265465 3.612204 3.552605 -104051.208573
17.451263 190.289890 7.426538 6.773067 -103393.197783
20.050532 196.914540 4.433917 5.128176 -103648.820034
20.594020 198.951967 5.160946 5.293703 -103691.791265
20.983241 189.029494 7.395692 3.215715 -103877.728659
25.041773 196.284239 5.597730 7.752493 -103529.718807
20.637207 184.175010 4.242234 7.577627 -103812.494988
17.930447 197.201704 5.584298 3.993865 -103751.220529
23.422831 181.620660 2.763505 9.827028 -103943.587678
27.371284 191.952755 3.264333 7.037368 -103794.843326
19.516249 184.803718 5.413280 3.833618 -104069.697452
9.760590 190.266175 5.183310 4.930773 -103861.098210
28.890262 186.666639 2.880847 5.688527 -104074.907075
18.255435 197.831098 5.098144 6.309219 -103476.318286
21.655479 194.086989 2.887647 2.467629 -104068.702412
16.383383 191.489139 4.183634 5.434587 -103555.017188
12.590851 191.771345 9.140699 3.313602 -103854.107617
18.958420 190.667850 3.031500 3.618278 -103922.446528
24.541951 198.137768 2.334709 5.570742 -103942.011623
6.791036 184.443405 3.369814 8.416770 -104030.508567
25.792912 192.172142 5.596593 2.563210 -104039.984726
16.442236 188.536010 2.837074 7.511348 -103619.171394
11.199623 192.325644 6.473165 3.210132 -103920.553751
20.154564 190.006433 1.011694 7.355838 -103952.116175
9.759202 189.794929 6.419708 2.957947 -104053.585656
12.091504 188.822061 5.002826 7.689039 -103621.127354
27.967165 190.916019 4.251143 6.828900 -103839.121265
23.982818 198.006227 6.142595 6.913847 -103534.325904
24.015203 194.003707 3.602279 5.334456 -103728.808822
12.085864 197.577163 11.400318 7.676673 -104034.928956
12.372231 185.407683 7.059297 4.594122 -104100.336354
19.103638 186.970727 2.282023 5.524056 -103898.275387
23.077756 198.056858 3.581343 7.978055 -103569.713898
27.421433 189.240441 5.544882 3.931510 -104044.518117
14.007105 196.634563 5.080216 6.513460 -103496.275366
3.212822 187.470596 2.818618 8.350271 -104034.228637
18.751549 188.632040 4.159775 4.827556 -103734.355984
12.628007 193.095756 2.456102 5.642252 -103816.262528
13.303102 190.177169 3.959756 6.357479 -103604.532502
17.979577 183.347218 4.096691 7.997204 -103834.455750
18.835255 189.687324 4.433294 6.951782 -103435.283367
20.855553 188.160711 5.170208 4.106031 -103832.764900
22.846793 194.037610 1.828601 5.436762 -103903.307627
10.388091 190.934098 5.324164 2.989518 -104012.322847
25.310406 194.802725 2.019101 4.014262 -104036.066316
17.534920 194.637987 5.032509 3.395360 -103795.351484
24.751597 191.640655 3.809270 5.909683 -103699.600743
18.673793 186.599103 7.518097 3.326941 -104013.598009
16.062969 190.245846 3.829168 5.846215 -103583.046230
16.367701 193.402184 1.210752 3.893593 -104069.747098
12.437989 199.835806 6.709373 9.197404 -103437.034480
26.773423 199.049459 2.037004 4.568855 -104094.314840
15.801889 193.783904 3.922654 4.990955 -103639.296100
22.659778 186.402245 4.520768 5.773655 -103820.267669
19.025932 187.449773 2.458332 4.525429 -103956.952034
26.553996 194.212053 5.106901 4.438542 -103876.319414
22.096453 185.910781 3.425227 5.852781 -103860.671157
25.860095 196.429262 7.958887 6.688932 -103735.624631
12.742068 190.609951 4.698635 7.497960 -103506.043774
28.388933 195.505489 5.313688 6.116062 -103879.140747
19.523323 189.237778 3.319462 3.705646 -103925.553350
14.006456 195.017114 3.629264 3.686645 -103898.471892
12.983354 186.156022 2.535866 5.238325 -103975.641060
18.752557 192.501637 7.085862 3.448539 -103683.821631
26.214890 187.149300 3.876967 3.317427 -104101.620573
25.441710 196.034377 5.324844 6.902148 -103605.008513
24.027165 198.501871 3.607351 5.654497 -103820.368609
16.518112 191.338128 3.380963 4.799332 -103723.205884
27.149923 190.967172 5.354038 3.523759 -104020.115724
29.106999 194.351385 3.214921 4.620213 -104035.556428
15.512725 196.127578 3.100380 7.953230 -103523.561317
14.052781 193.063152 5.594756 3.744888 -103756.802377
21.887843 190.345191 7.769582 6.514126 -103525.910795
10.317017 188.856872 5.391986 3.697145 -104000.725185
14.296257 196.915285 6.606615 5.720146 -103520.623802
16.570648 198.009815 4.083520 4.310998 -103846.152938
13.769385 184.937002 2.334428 7.998317 -103837.917445
10.904481 195.194794 5.095745 4.763268 -103801.761614
18.545942 188.743927 6.915196 3.940371 -103762.509047
18.265205 193.565881 2.027491 8.248627 -103651.753131
24.127864 189.401188 1.739275 5.907286 -103938.395747
16.855490 182.570987 1.185653 8.432258 -104006.501906
9.584970 198.704651 6.251048 6.100178 -103831.194368
17.309710 188.780212 5.843369 2.596533 -104007.345652
8.821126 196.030153 4.475029 4.711496 -103948.234316
11.107691 185.135072 5.039303 6.476933 -103976.480188
22.070150 190.060370 3.209965 5.580263 -103718.996222
16.624947 188.938737 4.605171 3.119167 -103962.448875
15.716778 197.015683 1.817177 3.379875 -104080.475614
29.910831 190.746019 1.181977 7.492565 -104056.843891
25.187602 191.787015 5.553131 5.810881 -103663.381044
15.851736 195.502510 2.974482 4.577350 -103824.182140
25.125926 196.430627 11.140355 5.505343 -103954.915784
29.443635 193.652039 4.031728 7.374215 -103878.001067
8.773994 193.710732 5.023607 5.804752 -103814.177766
28.364820 196.125200 6.202086 3.931555 -104050.409853
20.282913 188.501940 2.537012 6.906574 -103708.096582
25.592294 192.245713 2.659158 7.017621 -103758.757638
26.293912 197.651903 4.638245 6.642345 -103732.826648
7.268213 188.517120 4.953254 4.923497 -104056.993599
13.887609 195.857012 7.743463 3.281870 -103840.677394
26.368850 198.262548 3.980757 6.186614 -103823.958809
11.855714 193.985997 8.544820 5.899081 -103667.128392
28.323574 190.402607 6.298419 5.992636 -104008.494897
8.509076 189.134146 2.325164 3.855402 -104097.873739
16.312309 192.834404 5.778692 5.052391 -103465.088281
4.628489 191.844580 4.297043 6.517671 -104014.057937
14.110484 191.834301 3.448991 6.986010 -103539.816041
32.942664 189.061103 2.060679 7.396167 -104104.477585
7.611794 187.876674 3.595280 5.502303 -104015.085836
16.523415 195.257551 6.635767 4.836295 -103489.589114
29.744352 195.463620 5.350692 5.914539 -103996.596370
24.986084 189.468594 5.243676 4.493499 -103850.562757
20.624786 188.922967 4.568234 6.311288 -103544.187210
18.782331 187.380709 3.052309 4.255127 -103942.407654
14.086104 194.515089 3.689467 5.151960 -103697.007144
17.811383 184.982062 5.776393 7.985280 -103809.766007
15.620578 188.212415 6.501714 3.967416 -103834.844568
25.886863 195.407685 8.191907 7.558153 -103803.584218
29.535641 197.450444 6.389454 4.900534 -104072.189790
28.367951 190.490531 6.318219 5.561488 -104017.509149
22.532654 191.743429 3.181741 4.674066 -103794.330506
29.118582 189.609265 5.279707 5.305887 -104061.699743
17.902628 194.680262 3.176450 3.047698 -103967.928384
21.528349 189.949980 6.640937 8.264480 -103535.532961
30.391106 192.068773 3.123566 7.317395 -103953.316021
9.101649 191.549735 3.710331 4.312735 -103956.349193
0.281139 192.487551 3.907583 9.071832 -104024.086729
6.561881 190.880341 4.401503 4.923792 -104018.276555
24.788143 196.148596 6.361442 3.893125 -103856.336975
18.274301 183.904721 4.108436 4.673241 -104030.278752
16.700782 185.055014 4.912176 6.095706 -103823.240520
9.407465 194.249430 8.664031 6.023132 -103943.615721
21.850368 199.176610 2.817426 5.023967 -103932.355018
12.209590 194.090181 10.716902 6.247780 -103898.034293
27.883007 188.932113 5.286208 5.899964 -103971.104629
3.351785 196.938011 5.819335 8.522147 -104000.440036
20.259454 188.310551 2.935693 6.384000 -103703.148446
19.180382 186.622774 5.589093 6.716504 -103646.440595
23.157901 185.591369 6.824592 6.089469 -103988.756422
17.459076 181.693087 3.133254 5.058446 -104100.193332
16.277826 195.977267 9.532767 7.689801 -103461.785967
3.830673 190.061124 1.620658 7.244638 -104069.289172
10.767093 196.798445 1.698986 6.706189 -103944.085779
22.850164 196.344715 7.365636 3.699283 -103783.287531
20.253235 189.415955 3.570976 7.226897 -103523.308405
9.300110 188.643787 3.077116 4.457956 -104018.904802
22.936151 190.044175 8.246233 4.581014 -103695.386071
13.769531 187.823985 4.961090 5.658571 -103719.833783
26.990099 190.606868 3.655575 4.611185 -103952.059445
16.160342 194.675619 5.180054 4.411228 -103627.346821
26.971499 187.061524 5.849283 5.031864 -104064.040057
23.870743 194.952202 3.061099 3.891137 -103935.031034
12.934645 189.726959 6.250352 4.267614 -103783.086611
19.812367 184.915537 5.640787 4.543255 -103999.360627
16.105943 187.770135 2.360354 5.252487 -103893.268133
26.736272 185.990988 2.961795 5.635089 -104023.646282
30.793083 192.441775 3.831462 5.307971 -104071.187378
25.241165 182.992468 3.402201 7.591727 -104005.409338
24.795921 195.506566 2.154488 5.565437 -103908.970595
31.976815 192.001784 3.895803 6.743221 -104086.029735
29.282455 196.117996 2.147509 5.297304 -104056.504398
21.693723 199.376429 8.146203 2.485263 -104068.838748
19.223811 188.406084 6.663515 8.192805 -103578.800584
25.222169 183.473786 2.471531 5.447114 -104090.814941
5.583895 192.502331 3.775299 4.799325 -104053.396118
30.479476 195.096372 4.238785 5.724477 -104027.266734
29.183099 192.514061 5.100895 7.024743 -103924.086483
15.477399 196.613079 3.557492 4.809238 -103779.129518
20.100944 190.559467 9.822031 4.661891 -103565.232791
18.200323 186.026413 2.577681 4.257961 -104021.785433
12.443272 188.351729 1.882614 5.256638 -103978.025622
2.291299 197.875888 4.512092 7.237618 -104065.651422
23.536635 183.707754 4.982366 6.255936 -104029.491562
19.455027 189.257575 3.866514 7.661654 -103465.766257
24.639486 199.652718 3.859754 7.052272 -103732.196073
27.611993 194.848776 6.604071 4.592362 -103945.653722
11.327845 197.830123 4.776617 5.133551 -103839.038268
22.400923 182.810689 1.928782 7.305204 -103990.468724
22.967754 184.904532 6.920577 7.203752 -104094.692180
8.388296 195.050303 6.600557 4.234919 -103994.025635
15.933886 195.842551 1.372493 4.150599 -104052.605310
7.492357 188.126071 5.312989 5.699682 -104039.750361
18.699155 183.738140 5.012502 5.379823 -103989.325767
9.406748 188.854302 7.343953 4.606215 -104022.675796
25.083542 186.282400 4.207684 7.098935 -103846.057878
10.434639 187.142263 2.867888 4.685918 -104022.498436
13.261375 190.549898 8.063841 4.769625 -103668.907425
25.829453 189.967957 3.316358 2.713381 -104096.558073
21.258666 192.225653 5.167413 5.905448 -103434.787403
21.910756 198.689183 4.938564 5.238893 -103725.531118
23.136980 194.103001 4.350241 6.706137 -103501.739895
16.761250 183.835218 3.266040 6.888158 -103864.060542
17.905534 191.971104 2.583799 9.916230 -103488.328417
25.875638 192.823364 2.579392 4.102580 -103991.950809
18.514130 196.807404 4.457838 2.338191 -104031.917363
19.341863 190.439928 3.802791 8.560911 -103395.260804
33.417069 197.322662 3.013514 9.026834 -104024.051482
24.632559 183.872163 3.908060 6.049075 -104023.848903
18.913069 194.134974 5.285914 4.146018 -103629.368997
12.125552 186.371530 6.430069 5.676968 -103939.852256
21.416058 193.647882 1.860198 6.479169 -103805.101033
15.012049 190.513429 6.394097 9.079265 -103517.267681
24.425092 192.502418 4.366628 6.625093 -103578.869844
30.523238 196.509075 5.200929 5.632077 -104059.146559
20.151744 190.085173 4.964667 2.101928 -104075.201591
9.243349 196.634551 4.372371 3.506365 -104056.998780
14.278930 196.564565 2.500269 3.796769 -103998.477560
7.238308 194.563832 5.747213 3.859182 -104060.598774
8.940600 187.707894 4.056544 3.670160 -104092.654378
8.804191 192.942882 4.713360 2.419749 -104104.514597
25.749486 192.660728 2.509024 4.864242 -103931.527952
13.065257 187.820461 4.454757 4.056734 -103939.534965
27.845481 186.805142 5.265272 6.279391 -104067.286829
10.907415 196.765266 5.359990 8.725486 -103506.434877
23.105679 190.214088 6.268190 6.680266 -103537.057359
9.618075 191.617512 4.754386 5.524516 -103793.960609
10.427247 183.847362 4.467253 7.073849 -104040.961062
24.372926 194.182439 3.409891 4.113911 -103889.637723
14.538894 183.934987 5.265760 5.380086 -104015.912506
9.770630 186.041809 2.842233 5.440954 -104022.959011
13.438217 190.594521 3.461514 6.064245 -103658.113711
9.523158 190.452098 4.237429 4.084508 -103961.613437
9.406315 189.261243 6.813000 3.712241 -104031.808573
17.986869 190.904049 7.248010 5.339683 -103404.967401
28.746098 193.157740 5.078712 4.848288 -103985.152690
23.842824 184.615174 3.581355 8.769895 -103826.008126
28.782084 195.944772 4.103701 6.271374 -103896.758422
20.858985 196.229933 8.399471 5.230689 -103457.779508
14.787072 197.840010 5.194696 4.006206 -103852.078978
29.947596 187.604766 3.850218 6.579480 -104070.975096
27.530063 190.798750 5.469647 5.523481 -103896.019617
10.861376 183.475292 4.762969 8.949383 -104054.572263
26.419673 193.441390 4.163375 2.913654 -104050.626009
21.402380 188.253341 3.699957 3.362290 -103990.220336
18.898426 189.186925 3.255370 4.893117 -103777.000020
27.832012 198.063265 7.211286 4.810490 -103994.739758
9.171999 191.637297 4.220491 5.920273 -103802.237004
20.930476 188.664576 3.942377 5.501508 -103688.846941
21.016883 195.046509 3.627506 6.531237 -103530.998759
19.225368 195.365851 8.246696 6.344764 -103292.304316
30.109668 194.200771 1.884777 7.991981 -103964.249953
11.037703 185.099219 5.561596 8.013380 -104010.986426
19.855698 182.265680 2.976066 5.330063 -104068.706806
14.254743 183.118673 3.298435 5.261233 -104048.322907
20.340151 192.947004 4.194644 6.986943 -103393.638667
14.691803 196.197057 4.541880 8.967737 -103330.846896
23.965131 197.105334 5.631719 5.527606 -103657.571915
14.572380 193.503988 5.238132 4.212748 -103680.308983
29.822970 192.292053 3.038618 8.103048 -103887.849379
25.559898 192.443473 5.315197 4.253719 -103829.582398
4.559550 198.964395 3.446151 6.930167 -104024.959629
24.056707 190.149553 7.000912 5.213968 -103691.763594
10.368642 189.348471 4.527116 4.114936 -103950.832311
19.578289 193.069618 3.320795 6.565789 -103522.432242
19.195772 197.085695 3.209740 2.358452 -104080.129998
20.824373 191.177829 2.735334 4.124480 -103884.485578
23.965217 183.456797 3.292303 5.646382 -104046.304191
16.277460 188.558912 5.576768 5.545814 -103591.371982
9.020882 199.616237 2.443095 6.380046 -103991.903711
23.238363 196.485057 6.432918 2.410567 -104015.853470
29.399387 195.672765 4.370368 4.913982 -104018.924605
10.245464 194.766514 4.955890 5.336054 -103773.481968
15.991232 191.641091 1.566817 4.313757 -104000.498793
25.405261 194.586353 9.506618 4.508985 -103854.459655
17.606242 197.667726 5.493432 2.775186 -103972.063619
10.452520 194.781729 6.166775 4.030341 -103879.087777
15.977388 183.879210 1.892848 4.563618 -104100.584348
12.976826 198.337090 5.471459 3.801339 -103945.207892
11.626053 197.426008 3.435573 4.267669 -103969.565085
19.646109 184.343952 1.424518 6.749107 -104001.325162
11.237346 196.281775 4.594962 8.939632 -103485.279722
3.080376 195.254979 4.408274 7.360407 -104022.496676
29.715346 194.898987 5.937596 5.653941 -104034.811019
21.691030 197.071417 3.112536 6.712504 -103655.885968
25.630326 190.406473 6.323401 3.267332 -103969.239754
16.365378 183.911819 1.519309 6.507108 -104014.770091
17.680605 185.366408 5.243770 3.961044 -104013.557700
23.673047 192.143921 6.352108 8.968258 -103575.441665
7.581424 193.931153 3.491146 5.545573 -103931.804681
31.149930 194.570838 4.167858 6.915092 -104012.985908
12.875295 194.493069 5.370461 6.455724 -103490.173576
9.990267 196.282845 3.397698 5.746895 -103853.396564
11.994475 191.572653 5.741663 2.621687 -104006.994864
17.846904 186.303516 5.907848 5.791538 -103742.833223
23.213507 188.189115 6.399070 7.424526 -103706.795121
13.105362 195.350526 4.825718 3.752187 -103852.951763
17.802976 192.757814 5.005081 3.147770 -103840.508069
25.366962 191.643288 5.470024 2.278696 -104064.716110
14.674930 192.936434 4.751173 2.333014 -104030.769096
12.282841 183.812958 5.275622 6.329614 -104049.750347
23.090190 191.219588 3.478757 6.834125 -103589.506728
29.757117 199.862842 3.900630 6.145867 -104012.348860
9.602889 186.226138 2.774463 5.143461 -104042.776638
25.795440 197.259491 3.046266 4.161756 -104008.315242
16.731606 185.666335 4.223099 6.058718 -103782.795050
7.266615 191.664020 1.305982 5.437811 -104086.115832
12.401394 193.760878 4.352870 2.547881 -104033.310519
22.179227 184.195898 2.053819 7.294393 -103928.340446
20.711165 185.284162 3.137205 5.887264 -103882.046802
12.553164 199.929246 3.372559 6.601497 -103814.559322
10.374041 194.364038 4.855773 3.207040 -103989.594099
11.020071 197.340693 1.234386 8.410781 -103950.794139
14.036237 190.457275 3.316109 5.370977 -103728.126334
21.367635 197.467169 4.450202 6.427081 -103541.755110
16.608693 185.100988 5.023406 5.639811 -103861.681490
26.234861 196.717022 3.796407 3.739509 -104013.614784
11.459241 191.749252 3.828171 4.658691 -103824.563066
24.167251 187.261349 2.158258 7.118656 -103862.982433
27.248107 194.115932 6.890867 6.108881 -103842.217257
10.089867 188.670190 5.721023 3.439240 -104038.865872
27.734285 189.570744 5.902508 5.965061 -103961.082239
14.018443 190.963322 3.108962 8.904669 -103502.779876
5.117834 196.468719 4.056887 6.168046 -104017.341752
17.875388 189.168560 3.322975 4.388038 -103836.574259
17.459088 192.005731 3.036824 3.560233 -103912.663762
15.281318 198.775584 6.044806 3.129414 -103989.430588
13.005467 191.751418 2.958496 6.150347 -103702.018878
23.665380 191.874028 5.052150 3.452122 -103863.140335
10.533768 189.816150 7.123688 4.863616 -103864.180563
15.506329 181.814180 4.418339 6.345117 -104061.703829
13.482659 187.681505 6.403613 7.985285 -103736.402489
2.603594 189.322690 4.523554 8.879538 -104057.655723
15.848488 182.674702 1.958251 5.584746 -104069.285261
12.285453 191.226243 2.734552 3.519645 -104007.346267
9.674860 181.522672 2.185937 7.278643 -104092.771942
14.316901 193.395075 3.075789 5.153825 -103743.480955
18.270444 195.711456 5.748500 6.390013 -103329.193530
20.162642 193.351880 2.493781 6.868723 -103642.269081
18.474230 191.904524 1.199836 4.144004 -104053.573462
15.137108 191.777912 5.446413 5.736716 -103449.188235
25.156678 185.742920 6.607596 6.046887 -104076.999472
16.674336 197.868821 4.738358 6.363751 -103515.978421
9.508153 192.816627 3.721192 4.951099 -103876.782512
19.561158 191.530463 3.494962 2.700953 -104013.558171
16.417144 186.112609 7.722711 6.821632 -103896.841717
9.419545 194.907823 3.028837 7.759032 -103731.688664
5.384015 190.653714 4.437684 7.290021 -103963.959705
14.941528 179.499032 1.985722 7.662202 -104074.077747
27.102604 188.385845 5.917909 5.159225 -103997.160631
18.494778 182.692403 1.847080 6.162398 -104037.175574
16.590194 193.689996 9.037691 7.460735 -103440.907150
30.170481 188.929812 4.251909 5.443755 -104102.426000
20.388513 190.740354 4.827967 3.957681 -103743.220812
11.290235 186.961647 3.451374 3.826260 -104058.945150
7.939785 193.133137 3.015982 4.068025 -104036.875199
22.743111 191.053203 4.419013 3.421663 -103887.117955
20.750961 191.911295 9.550259 4.923986 -103477.376569
20.789790 182.760897 4.438988 6.894559 -103967.721322
8.087774 187.857182 4.826897 6.491738 -103960.373456
17.910545 199.022307 7.355811 2.875614 -103982.208102
22.454419 184.387301 4.908952 5.813254 -103963.130141
29.225775 191.982970 2.846714 6.202853 -103958.821849
25.164506 194.285683 6.211931 4.120607 -103805.871131
13.694626 196.543861 5.546362 6.521102 -103481.964918
21.685751 189.185441 4.404572 5.569423 -103641.691343
20.995897 191.458076 5.524002 4.536555 -103593.154076
21.992131 196.668884 4.038948 4.395639 -103802.582161
14.942667 194.532125 5.521518 2.453634 -103980.044893
18.442940 195.457166 5.110287 4.249181 -103656.724531
9.253262 190.142498 3.879750 5.545549 -103865.826291
31.551808 194.441604 1.270393 6.782214 -104099.930468
13.456111 187.786084 7.876263 5.558848 -103827.937732
9.015251 193.939557 6.677594 4.499984 -103913.554474
7.247936 183.590426 2.321084 7.292373 -104078.984736
21.468077 188.961776 9.040629 7.881031 -104029.304868
24.453798 184.812268 3.238074 7.741590 -103869.221298
24.073626 199.386997 2.015345 4.929736 -104044.049016
10.788694 185.919980 4.408595 5.168117 -103998.592939
24.158658 192.208490 6.475251 4.312401 -103711.878084
7.799392 194.941318 4.502139 4.507732 -103989.892420
20.684642 190.860333 3.315748 3.561952 -103911.215059
18.232181 189.830529 5.084800 5.197497 -103556.586869
9.474276 187.934692 3.586500 3.743025 -104073.139623
22.255274 183.918262 3.735450 6.825464 -103901.502460
21.326561 199.591085 2.837518 9.070716 -103611.407756
7.956357 192.036623 4.973919 3.597452 -104030.013588
23.665736 182.693679 4.114282 6.500805 -104047.203379
6.253122 188.760038 5.069698 4.906317 -104101.353892
24.199191 193.938249 2.429729 4.966175 -103888.190506
16.203405 189.129495 4.729136 6.917754 -103466.813300
14.056466 182.597636 3.773522 6.544018 -103999.809491
19.546441 187.673328 4.147048 4.062565 -103893.833199
17.804800 199.504169 6.874649 5.275782 -103628.794758
9.972147 192.774354 6.859500 3.854392 -103899.132940
12.110078 186.461980 4.288237 5.403177 -103901.363326
29.286282 196.295161 6.939736 4.562824 -104092.643453
22.456461 197.865926 2.503785 5.326593 -103895.429349
20.203075 198.571380 6.376867 5.441948 -103574.398056
20.756565 187.175621 3.152075 8.693321 -103604.233670
7.644942 186.971886 3.825387 6.857724 -103972.716350
24.366310 190.454848 2.556402 4.571512 -103932.265821
11.735663 198.125470 4.393836 5.909111 -103763.505569
13.271886 196.663846 2.919294 7.389783 -103657.694428
20.214002 187.650714 11.727517 4.000351 -104057.438352
21.909891 191.593227 7.316850 4.237639 -103601.083344
14.731678 194.548580 9.671579 7.740620 -103646.096444
21.172894 193.828257 6.001331 3.261351 -103782.835236
4.179042 190.798098 2.465269 7.293372 -104008.266387
12.236201 191.690456 4.757223 3.250221 -103934.746243
8.463349 190.563660 5.580956 8.590331 -103818.601117
20.588905 185.841097 5.918498 8.272943 -103786.199374
19.766084 198.956170 4.183764 5.336646 -103746.689615
22.829666 194.856129 4.387279 8.305679 -103401.221397
22.278413 188.728612 3.572556 5.738530 -103723.531447
32.374347 187.174464 2.282630 8.701231 -104077.271812
17.327310 193.913507 3.209416 6.719278 -103528.218341
22.098250 188.558916 3.758796 5.946376 -103691.597797
24.829789 192.632283 4.220484 2.154245 -104089.206880
18.715139 186.833349 4.387100 3.148404 -104034.406948
12.719823 189.373083 1.254890 6.633382 -103966.875187
11.821989 188.194694 4.804235 6.989319 -103693.868230
17.928004 190.254999 4.761155 7.545265 -103358.289531
24.327382 194.339565 6.115979 5.851613 -103568.814961
15.645900 196.720588 3.723886 6.503590 -103571.616423
10.933959 190.900645 3.425163 6.392182 -103727.990144
20.635580 194.845346 4.457099 5.340902 -103552.822071
8.626969 195.338257 8.834079 4.260664 -104071.113159
31.809998 198.052734 3.401459 6.055957 -104081.696121
11.154898 198.098488 7.077403 6.507397 -103675.132656
12.872794 198.487507 8.522275 9.005301 -103550.930138
29.211318 187.656708 2.483482 7.454106 -103983.166282
16.986661 185.789754 5.976065 4.201852 -103964.583956
28.414593 193.460392 4.720106 5.181055 -103935.462585
19.622904 194.832836 4.308199 4.431182 -103676.847261
27.505320 197.972439 3.288760 4.863293 -104004.588765
8.977446 190.644452 2.656419 3.214170 -104098.019878
22.258350 188.250217 7.028579 6.223011 -103675.109733
19.034037 190.483975 6.505811 5.340419 -103442.895733
25.042805 199.831502 3.639975 4.761865 -103986.871078
18.979376 194.892901 6.853342 3.763625 -103635.918115
17.577524 194.708231 4.936524 5.352094 -103483.945158
23.979720 190.190809 5.333902 2.872046 -103980.401019
26.592597 196.327104 8.095539 3.730588 -103998.341396
14.237930 199.784579 2.893385 4.705858 -103995.093747
20.482710 189.899625 2.659512 3.520421 -103983.913339
15.291682 193.202781 5.384561 5.397835 -103471.836996
19.622233 198.659955 4.369521 5.305580 -103717.821597
21.905281 189.049012 6.756908 6.484088 -103564.798713
13.918071 188.268467 4.636600 2.844253 -104052.761133
25.166898 193.541267 3.624420 2.349970 -104089.643391
25.198380 187.350487 1.319880 5.862142 -104048.835047
5.325120 197.621413 2.888618 5.796716 -104065.036115
14.702698 198.451506 2.180131 5.621589 -103924.987709
28.176192 194.409662 4.610557 3.174506 -104085.465276
28.329880 197.405172 5.329923 7.321680 -103813.665716
5.870849 187.903608 3.354383 6.188947 -104042.832018
15.873425 190.169680 2.549080 5.496184 -103779.467088
11.807511 192.392608 5.038717 2.098652 -104084.817720
15.390627 189.286685 3.614193 7.307457 -103531.174391
24.058663 192.697205 5.278417 5.069910 -103645.899565
25.918088 198.120560 4.987359 3.627834 -104022.463315
18.830218 183.871574 5.027836 7.120313 -103867.072265
28.972858 191.935515 2.134892 5.415141 -104032.397359
20.263493 190.853547 2.005207 3.330431 -104041.708837
19.316056 185.737927 7.470289 5.878142 -103895.191768
14.216200 191.748760 5.380168 8.007936 -103372.846702
12.870131 192.977451 7.284038 6.909032 -103494.521260
25.468255 199.236492 3.982567 4.809686 -103955.226244
10.358324 185.022404 5.427771 6.842132 -104043.753524
12.693084 185.603869 6.094931 4.870964 -104008.742237
20.242144 188.699178 6.021303 2.661377 -103994.483496
18.799607 192.510884 4.672919 4.059909 -103686.270759
30.617299 194.679057 1.469079 7.147434 -104050.918336
9.826296 188.219263 5.477392 6.452322 -103861.494403
16.701911 193.587885 5.219976 3.551534 -103754.228562
18.506687 181.765332 2.679485 6.091670 -104038.067175
21.627477 182.872769 3.229485 7.163596 -103933.217489
15.868829 197.228226 4.155939 4.699163 -103761.445908
28.856316 186.723226 2.990069 5.026980 -104104.196333
19.326643 192.440713 4.534523 7.001201 -103346.267194
27.450814 198.003480 4.954499 6.116371 -103845.451726
20.054739 194.343590 5.330543 7.229567 -103285.017635
7.642774 189.863632 4.811893 8.372058 -103835.885557
24.064684 191.190304 5.756508 7.295299 -103536.927617
11.711107 191.194685 3.940800 6.271094 -103657.938381
28.233370 184.456854 2.458683 7.398054 -104042.280304
30.768636 195.158854 5.104759 8.688934 -103994.897101
6.034764 187.138887 2.775993 5.949244 -104071.431803
27.406016 185.107057 2.606679 7.722413 -103975.852072
21.556450 190.729936 6.334892 4.665278 -103582.658411
18.027245 198.428352 3.189463 5.028551 -103841.414549
9.095347 196.744729 4.762715 4.538967 -103965.622330
13.535762 192.540677 6.015639 9.487401 -103461.903342
27.563143 197.571979 4.377970 5.992680 -103865.749160
27.046230 198.847304 3.574088 5.029670 -103987.154581
14.779892 199.283646 6.877744 3.495787 -103957.145538
10.934528 190.184074 1.787823 8.608997 -103809.459508
11.474039 184.453870 2.259066 4.885500 -104090.316305
27.105786 199.558767 3.223357 8.938070 -103744.243116
12.652181 186.598295 1.972795 4.216134 -104079.287035
14.293676 188.120395 7.246899 4.631556 -103793.209529
26.292585 192.274979 4.139058 6.752333 -103702.161832
5.238763 199.675301 3.207563 8.819305 -103896.349074
26.956162 189.034902 4.570394 9.311129 -103816.819470
10.714200 192.827631 2.813506 6.396248 -103776.929774
14.463939 193.912454 5.117249 2.679855 -103958.151204
17.925283 194.384945 2.772685 2.469986 -104064.301013
11.630534 187.267979 4.014977 7.798791 -103719.078799
14.646742 193.343821 9.466159 1.873869 -104052.456994
21.388956 189.688310 3.897835 3.668583 -103892.782022
12.049706 191.179199 1.816659 3.941375 -104044.132514
23.272575 189.763033 4.736811 7.198943 -103544.527077
20.192214 181.498453 3.910234 9.034999 -103971.281773
4.392764 193.500306 4.789336 5.131934 -104098.055894
10.930358 199.556998 3.020401 5.522593 -103968.704701
15.003323 196.305739 2.159558 7.402174 -103733.180654
27.196161 192.531322 1.064737 5.139052 -104096.728543
24.639936 190.871204 9.102214 7.151245 -104007.653935
28.123850 197.929763 3.018504 5.334275 -104001.035335
12.087274 194.810981 7.995679 3.186948 -103894.486176
15.577830 192.880453 4.527525 3.274644 -103863.695353
18.101336 196.231585 4.525219 2.408880 -104008.927044
10.978652 184.919340 2.169910 8.536178 -103888.365445
9.254928 197.496805 3.078215 4.056841 -104065.283283
20.244905 194.722325 3.439660 5.038334 -103687.995122
11.179717 188.812192 1.904653 7.177279 -103872.284627
6.301295 196.715060 4.028326 6.815132 -103921.732477
11.965571 191.620796 3.973609 5.965876 -103662.125521
19.088754 185.320058 1.507940 4.974683 -104067.038919
26.554219 198.729405 6.642272 4.272832 -103979.524801
27.457388 188.385076 1.212857 6.913069 -104042.851672
18.440092 198.904194 4.828514 2.899069 -104027.033942
20.460869 185.897146 5.565778 6.405107 -103756.062036
7.804748 195.018293 3.820587 4.245384 -104022.026193
0.258501 188.853464 1.981826 8.099175 -104103.299255
11.045299 194.296813 2.307287 6.024458 -103859.727103
16.170523 190.707393 1.273514 4.445065 -104037.950250
25.342258 187.516329 3.455719 7.614399 -103773.368512
19.027319 197.822992 1.157025 4.654292 -104077.508142
3.933096 192.418405 4.998295 6.946584 -104049.809064
17.940637 189.903163 4.791612 7.485172 -103375.233012
6.960682 198.880503 6.790785 5.878318 -104030.953258
15.875630 183.299109 3.523947 6.081889 -103958.003500
14.970827 187.361667 5.582377 6.160459 -103662.814040
14.210640 183.391647 3.912533 6.709358 -103937.653564
24.240767 193.077887 3.081504 2.817516 -104045.788091
26.189998 186.719767 6.471552 4.872946 -104074.248035
23.319716 188.820717 4.300350 8.447990 -103568.673001
9.845474 192.411060 4.311689 6.086049 -103739.469372
21.997628 189.990080 6.149030 1.934117 -104086.527680
21.903720 189.204764 6.658031 2.892276 -103943.746538
27.550204 193.222113 4.420736 5.981696 -103822.327953
7.253490 193.535423 2.519045 4.109725 -104074.016043
2.005782 187.544766 1.470048 8.403648 -104096.129721
10.258778 196.023259 3.055714 8.042330 -103690.290374
21.923683 186.825953 5.029404 3.731551 -103980.442579
21.080264 182.444608 3.111682 5.922128 -104028.648974
13.103623 196.948537 7.005333 4.416472 -103756.467080
19.245109 198.971502 2.017917 3.716731 -104080.228991
14.705267 188.261471 3.509920 5.810141 -103725.844523
17.406543 187.687412 5.363828 8.010835 -103515.896530
11.878028 188.028080 5.838626 9.587755 -103829.234144
19.077535 187.009825 6.733941 8.906771 -103823.615094
29.266515 196.022976 3.495936 4.965140 -104022.543214
30.005103 193.455275 2.691462 4.258601 -104102.411461
16.381218 184.626081 5.983976 5.825488 -103923.433508
32.030463 196.986249 2.666782 7.309040 -104034.781276
25.024149 197.836818 3.450245 5.568744 -103848.328494
9.523627 192.365659 3.159236 4.439073 -103951.459653
25.180586 198.572408 5.890890 5.107687 -103820.495218
26.899652 187.280781 4.454507 8.596994 -103882.956302
21.357650 186.294468 5.536610 4.702146 -103894.974839
18.835475 184.463753 4.210321 3.906272 -104073.073585
14.718189 199.432116 2.123623 6.501289 -103899.277194
11.377076 195.494876 4.458119 4.539884 -103837.230847
19.975897 198.468828 4.151039 8.150551 -103431.759930
16.761042 195.598810 2.245280 7.451162 -103677.648006
14.460327 187.408602 3.796275 4.131967 -103944.623852
17.149929 195.261657 4.269204 4.061690 -103750.951684
22.498876 191.643079 5.772543 5.960561 -103471.523146
19.342800 185.711703 4.550114 4.674676 -103920.875091
18.122188 186.321537 5.612475 2.792790 -104077.461211
21.799152 195.076097 4.619532 5.032594 -103614.617035
16.102404 184.736183 6.750406 5.823724 -103968.456725
20.833441 187.137575 6.449222 3.019575 -104017.295505
17.942990 183.440879 3.152646 6.756283 -103895.812235
3.530098 191.029145 4.037365 7.593565 -104011.568155
26.821185 192.678548 2.371344 3.300365 -104091.724616
4.617264 195.982781 4.267708 7.596316 -103941.118631
18.414319 178.601747 1.479970 8.374386 -104081.918881
19.112191 183.210276 5.841587 4.916843 -104101.545344
25.030949 184.273924 4.308207 4.820353 -104094.851116
14.310031 186.787371 4.076150 3.791269 -104003.221472
29.900105 195.862858 3.861227 4.249932 -104084.943461
22.221202 191.246554 5.750121 3.365981 -103821.940994
20.003210 190.009242 1.458205 4.349105 -104023.789595
18.684297 188.841405 5.912130 3.611327 -103832.293917
16.386983 197.156483 2.648847 7.931694 -103615.471492
19.196464 184.762554 3.821361 7.216771 -103764.635497
13.843948 198.712796 3.643141 6.255240 -103735.289749
3.447690 198.609903 2.771001 7.696641 -104025.683291
20.158562 196.772577 3.004996 3.043939 -104015.846284
24.437451 189.123578 6.606860 5.154654 -103778.998207
15.459444 193.319727 1.051374 8.723911 -103895.883791
17.193160 189.227614 2.317149 6.364314 -103749.994512
21.842553 189.077851 6.298371 3.698094 -103827.716527
19.781881 184.013975 4.096326 7.186515 -103827.290680
28.032226 194.841356 6.083678 5.082057 -103932.058951
12.522496 190.892894 2.197847 6.109273 -103829.280173
23.827063 198.883397 1.546322 7.382756 -103940.741531
24.993140 195.332199 1.375423 5.639787 -104009.140813
25.061557 193.268857 5.654699 3.973383 -103821.993407
15.081657 197.290802 2.562578 3.750925 -104007.233930
16.243437 186.491153 2.149326 6.600434 -103851.157911
7.571595 191.147874 6.192797 3.043959 -104096.731437
20.638093 184.508918 3.739649 5.838311 -103907.475016
24.686279 192.635777 5.947562 4.239550 -103760.272557
19.159907 182.130425 3.356062 5.113677 -104083.781503
5.177245 199.322849 3.333314 6.263962 -104057.343612
15.065637 190.742308 2.203737 6.035224 -103784.675671
17.163518 183.538115 1.261200 6.661187 -104043.902892
5.937680 191.864842 5.118071 6.243589 -103987.823038
22.925333 184.892234 5.405143 4.228451 -104074.957939
10.207945 194.906694 3.071819 4.486754 -103948.215560
25.388953 197.713473 5.318286 3.891235 -103955.901360
8.903223 187.534852 4.582199 6.551728 -103917.041359
21.466333 186.535832 3.147570 5.520053 -103863.063381
26.308207 185.768206 3.431936 7.370752 -103913.238615
9.549372 194.361799 6.744682 3.879173 -103937.415678
19.882074 189.859566 7.827988 3.990087 -103671.576122
16.843591 197.531114 3.736547 2.660872 -104046.741054
24.201722 199.303703 3.940922 5.218283 -103881.787409
15.160458 190.506372 4.816164 4.516042 -103689.149963
20.761413 188.456420 2.737340 6.381181 -103729.274058
25.662312 186.126997 2.907825 9.927174 -103795.410381
14.823384 198.089781 6.534942 5.162073 -103637.348164
20.454657 193.043197 4.556550 4.648711 -103611.196811
30.875824 191.153974 4.263023 5.247884 -104103.736345
8.572660 197.173846 4.568473 6.530939 -103824.508507
26.737825 199.140579 2.128197 4.949254 -104068.703675
7.124304 185.125243 2.130119 9.230561 -103956.333507
18.097760 182.023044 3.247307 6.847935 -103970.783117
11.308086 194.662531 4.574630 6.723490 -103598.024466
26.314482 197.528253 3.691287 3.991118 -104015.821696
18.209010 191.734989 9.993845 5.535336 -103441.653518
8.420453 187.935375 5.736359 4.054771 -104092.901808
6.649248 195.075948 3.706534 5.894733 -103955.110842
21.729618 188.645318 1.812281 3.837132 -104054.444637
19.415978 186.225982 1.585096 6.429522 -103945.563884
23.957958 199.425522 5.971229 7.009448 -103577.081410
23.801650 189.628788 2.616084 3.912328 -103989.841337
28.329978 196.717592 3.045340 7.766765 -103828.495663
26.668928 185.695137 1.173335 6.093531 -104101.706347
5.579442 191.930465 4.661530 6.489716 -103977.793103
20.480394 189.662166 2.805714 4.548505 -103858.059357
24.725322 193.434036 6.431199 2.587274 -103983.333896
17.949760 193.275670 5.196393 6.831133 -103292.753152
17.317821 188.242716 2.627949 3.896715 -103984.197450
24.433039 193.105470 3.081153 2.682899 -104062.931536
6.172341 185.672337 3.469408 6.395350 -104097.006730
28.612951 192.879858 4.929191 4.656818 -103990.524071
17.835134 196.395708 2.389049 8.433792 -103606.255797
16.466556 199.553715 6.906608 7.512527 -103357.700523
29.563169 194.216336 2.306528 6.277470 -103992.101125
20.764174 193.620038 6.557259 6.836539 -103290.779435
16.948260 190.829837 5.019849 5.626886 -103470.509578
20.479309 187.619590 7.033065 5.945848 -103667.155787
15.586687 189.196125 3.746627 3.778023 -103908.171407
11.126367 194.325597 5.734036 5.827755 -103647.738654
6.267812 195.324030 3.140768 5.190946 -104033.131713
12.838881 186.197706 3.667338 7.338657 -103758.959597
10.529885 195.279417 5.010206 3.267421 -103991.749140
18.471816 182.481649 3.664568 4.582727 -104104.447234
25.154076 194.602202 7.189611 8.150669 -103652.961773
22.098636 188.583565 6.742448 7.695636 -103648.493568
7.392473 199.698851 3.659865 4.951880 -104084.362368
28.858072 189.949068 4.496704 4.264047 -104075.723308
13.940801 193.748852 4.780264 5.657974 -103537.346777
17.235357 188.994999 6.654374 6.820959 -103459.506951
19.014156 196.841945 4.125947 5.881257 -103570.525019
17.658579 193.974714 1.888074 3.152268 -104052.651364
19.247495 198.121250 6.398781 5.194196 -103571.310973
16.043048 184.043078 5.532161 4.455025 -104062.829500
22.842836 188.958840 1.767185 7.851137 -103811.566967
20.483257 196.365727 8.819730 5.663002 -103409.370792
14.517084 185.583839 5.296872 8.606265 -103778.835904
18.439475 189.901228 3.722966 3.193726 -103953.857266
16.163596 190.415553 5.371408 7.334778 -103361.395238
27.987316 186.616154 4.486814 4.899141 -104096.359490
24.935841 189.140883 3.534409 5.105689 -103862.461462
28.098598 192.079496 3.020022 5.724231 -103927.313192
24.929918 199.653923 7.249843 4.811246 -103867.990086
23.266131 187.078216 5.763186 4.506238 -103909.403759
3.626143 184.942600 2.010084 8.474731 -104078.943242
21.882387 192.734543 6.397557 6.472198 -103370.168370
10.099449 191.523780 8.343513 4.194028 -103910.541544
28.249756 194.280597 3.147147 4.539833 -104009.838917
24.124819 184.745784 4.300683 7.686061 -103883.619800
24.851127 198.576084 8.248186 3.649431 -103975.803962
19.748939 192.392492 3.260126 5.375233 -103649.010102
28.423854 190.959283 3.574857 5.622561 -103944.214464
16.057465 193.519457 6.647859 1.907086 -104045.626541
9.227016 188.962132 3.200368 6.585091 -103852.887823
7.320142 193.384442 6.544639 5.750482 -103973.192441
27.179460 187.461804 3.140435 6.730943 -103918.655613
22.487304 193.308516 2.661406 7.935087 -103596.193920
5.402906 188.017121 4.386100 6.877350 -104056.423972
20.302235 192.800274 8.669059 7.496675 -103459.930850
21.409323 191.407150 7.548342 8.131294 -103530.438168
18.707634 184.295416 2.342461 6.518486 -103917.576223
10.037958 181.447806 1.510349 7.594292 -104093.489709
17.980741 187.387209 6.283236 6.559671 -103594.721106
18.691016 192.984593 2.846175 7.111814 -103550.527866
15.015882 198.434480 5.119227 8.617284 -103349.777752
17.066410 191.732175 3.054277 2.651912 -104041.771681
7.487317 188.505568 3.296551 4.243973 -104082.524380
25.579612 189.278460 3.832808 2.911533 -104070.382984
5.003942 189.445819 3.294134 5.187541 -104086.878660
7.214594 191.422215 4.344778 5.433888 -103946.718703
15.493235 196.308209 5.036587 7.240961 -103366.553688
17.068074 189.194161 5.242676 7.004030 -103425.911582
29.516794 194.435842 4.397776 9.582632 -103834.402524
7.653523 197.513841 3.332706 6.105336 -103950.216296
26.314780 196.604624 7.333666 5.698417 -103792.757133
9.164691 198.929361 4.776132 3.684611 -104099.734284
21.878568 197.758998 7.937927 5.598337 -103523.290032
8.959830 188.184849 3.399436 5.150681 -103980.484072
20.868129 189.697927 4.482929 9.520558 -103438.453727
30.006483 190.924174 4.161515 6.268565 -104005.372241
20.478835 180.843373 3.533834 6.882128 -104056.256903
11.942064 187.582296 6.853764 5.696515 -103869.144713
29.652024 194.538849 3.851450 6.036701 -103958.927231
15.985541 184.304398 3.408701 6.075007 -103901.228697
9.310593 197.736164 4.696945 7.744147 -103689.980293
14.760720 188.534709 5.166831 6.937314 -103533.231165
26.534278 190.699463 5.406092 3.358862 -104007.130283
1.341011 197.640430 4.602618 8.768117 -104001.764910
27.714381 190.949270 2.622460 6.123105 -103919.941156
24.947365 181.573912 3.617761 8.627055 -104066.265145
15.025482 196.721483 3.428433 2.371557 -104084.368452
11.700046 198.125893 6.441051 8.871185 -103476.629735
18.053348 190.288436 3.462421 2.883184 -104005.274307
28.913566 195.587165 3.384858 3.854549 -104081.506894
28.403588 194.998972 3.167390 3.451023 -104095.944438
19.842373 188.848302 4.195713 5.869008 -103600.531234
14.015364 189.789819 4.681309 2.964490 -103989.603968
23.104068 193.033352 3.255644 2.727504 -104032.241071
11.377443 191.345923 4.241584 4.753288 -103799.250514
25.069357 185.429461 5.611304 5.509694 -104034.169268
6.195247 192.873815 3.139142 5.748441 -103985.053051
20.639442 197.094505 2.376517 7.455822 -103698.172528
12.694833 194.950556 3.285347 7.546518 -103580.800385
2.360815 195.703858 4.231026 7.884986 -104013.361449
28.702356 197.644922 6.203648 7.276601 -103878.968184
15.414348 193.143172 3.498615 6.687435 -103513.438321
27.916748 199.628061 6.421473 4.312645 -104050.390995
24.033258 196.083750 6.678990 5.849928 -103572.731198
25.351345 193.202802 7.526550 5.381079 -103712.094635
21.258380 186.201345 5.497646 4.219909 -103953.651978
11.854600 188.543457 5.872445 3.128454 -104026.211248
22.897004 188.738857 4.585513 2.391832 -104074.583692
24.186099 187.547995 6.849278 7.552054 -103905.803496
12.875250 198.825118 1.766351 6.650503 -103945.437167
19.424374 189.039818 5.661264 6.023930 -103493.575007
15.773791 198.241601 7.796209 5.334714 -103556.693719
22.256379 188.323848 5.160784 4.472116 -103804.025871
2.562824 198.798350 1.701231 9.940153 -104012.639652
24.818529 190.260209 6.940370 4.013382 -103844.375582
27.110815 190.617978 5.558524 4.058776 -103976.999517
32.159375 196.445954 1.673822 9.418806 -104004.497042
25.522600 186.828881 4.577956 7.000523 -103850.555216
30.762223 194.059243 4.259386 5.464082 -104058.779154
29.756511 188.479343 4.634586 7.403973 -104058.996299
8.294552 198.203624 7.616945 5.308170 -104015.920955
13.210635 188.769327 5.491339 8.972343 -103607.991418
16.197404 194.301504 7.169959 2.222935 -103968.764442
31.756104 196.444744 4.134912 6.817825 -104047.775708
18.932340 194.429299 3.088563 4.830536 -103739.868128
12.883731 197.398296 4.452485 4.166939 -103894.806241
7.761154 195.147340 2.633325 6.915916 -103890.827478
18.133811 190.918750 1.678420 8.488691 -103730.040305
14.775214 185.959941 2.775883 5.381917 -103926.967126
19.881568 189.492951 2.829792 3.883927 -103934.253069
15.758619 186.760276 3.728907 5.816656 -103768.564468
24.974525 181.280220 3.239566 8.577446 -104054.536568
22.190823 191.488256 5.002851 5.642796 -103523.482923
21.313151 189.959900 5.036321 6.240349 -103490.991506
6.854834 193.664749 3.518628 6.416380 -103904.373731
15.364511 197.066576 3.749457 6.507396 -103587.881165
26.499405 193.536537 4.118297 4.819462 -103862.042341
17.979278 192.486189 2.158890 8.673575 -103603.834599
8.668285 197.350921 1.530955 8.637467 -103932.952147
23.564171 188.138471 2.024005 5.735294 -103928.923037
19.915817 199.357625 5.728322 6.737801 -103475.979034
10.426087 189.835123 2.520214 5.642151 -103901.793991
12.780724 193.070687 7.554619 4.012616 -103715.679293
19.298114 188.249791 6.160238 4.784053 -103685.317488
1.179778 195.630872 2.689710 8.426383 -104027.941754
8.090221 190.463145 4.276218 4.799504 -103962.107833
