1.399720 53.948244 2.006930 1.977212 -110479.143495
7.249789 55.702192 5.077161 2.324394 -110499.957327
4.834766 61.836226 7.191942 3.344455 -110527.118069
6.297811 56.658266 3.571222 1.527459 -110527.903130
2.922385 49.010041 3.200585 4.667676 -110433.358365
0.163985 57.810392 1.370893 3.347538 -110465.137384
1.352492 60.076283 10.760333 4.288883 -110364.475019
5.514426 51.326622 5.917210 2.995867 -110443.405298
10.068899 52.071472 3.718594 6.725307 -110537.014041
0.112071 55.257175 6.044087 5.599305 -110084.948055
9.381394 63.426181 1.370451 5.351450 -110524.185533
0.767142 47.474936 3.169836 6.718123 -110431.377913
4.105952 48.524599 5.192372 3.929938 -110520.313738
0.296749 58.841836 8.152759 5.438829 -110166.092458
0.395881 65.110898 1.019355 7.980192 -110489.427775
2.452030 63.190213 4.102501 9.588770 -110505.549501
2.337965 55.373792 4.759854 6.170911 -110151.139891
3.890985 51.375483 4.576682 1.745859 -110497.254293
3.874856 50.566745 5.850410 5.191934 -110387.270644
3.770783 60.906577 8.382033 2.900865 -110448.972859
5.128066 55.558752 4.906768 4.287936 -110235.943878
2.137537 50.628063 4.394369 2.621094 -110438.031117
5.307984 64.090267 2.081993 3.585398 -110534.186163
0.116490 49.433866 4.109283 2.787613 -110491.559770
6.957175 47.166113 2.998729 6.911002 -110533.944847
2.659258 52.537300 6.090482 3.963054 -110219.794999
3.706138 55.719264 7.710588 2.198307 -110287.564975
0.651828 54.841996 6.706223 1.428935 -110404.696075
5.590065 48.261454 4.534318 4.725896 -110536.358764
3.905585 64.181300 3.365248 6.799024 -110464.585349
0.852553 53.257343 10.890046 4.871170 -110224.427385
3.245682 56.617650 2.677910 8.204018 -110276.172381
6.583127 64.471198 1.801038 8.136480 -110469.814033
8.154440 59.899901 5.211081 3.899973 -110515.967619
5.952693 57.514494 2.927742 5.757470 -110312.613039
1.731453 49.623196 4.422400 6.575610 -110356.793499
8.175716 54.012286 3.369376 9.973076 -110527.496680
4.907749 50.143331 5.650615 5.690534 -110468.565920
4.758931 60.405663 2.636863 2.962702 -110464.606823
0.606212 52.886863 3.207051 5.903357 -110254.290275
6.693095 51.921254 4.736843 3.478855 -110447.453516
1.288972 61.724902 7.578846 4.634479 -110406.115918
5.731279 49.607811 4.318455 2.099827 -110534.253425
9.418443 59.867860 4.303251 6.236002 -110527.410019
6.626984 60.344526 3.621910 3.102416 -110484.498909
9.552487 60.081889 2.884871 5.227887 -110485.538484
1.644461 63.644064 2.965802 3.373882 -110516.151644
3.984858 60.628943 1.115779 9.657533 -110423.639526
1.339993 55.425280 4.533009 1.208192 -110466.733693
8.054827 47.405798 1.361871 6.390553 -110515.112883
2.086263 57.613660 5.278806 1.169749 -110478.295603
0.063131 50.441793 5.725542 3.006309 -110420.011805
7.409156 58.547839 6.556387 5.142533 -110492.307259
2.853896 47.364283 2.126920 9.686736 -110437.833732
1.248125 52.841879 9.178684 3.479064 -110180.272734
4.409468 54.896573 3.756767 1.141842 -110525.013681
1.077196 48.712591 2.377417 6.808995 -110401.658760
4.740624 65.530312 1.484299 5.611174 -110516.073960
2.364895 65.405516 1.827250 7.294546 -110471.987353
3.626482 58.563643 3.121795 2.123081 -110443.581306
5.629312 53.978799 6.456335 2.498371 -110408.970808
1.875228 53.329723 4.356521 8.227015 -110269.005570
2.020042 56.610738 5.262094 8.531739 -110321.509917
8.569155 51.830230 4.333960 4.723378 -110499.652643
4.621679 58.314856 4.033834 9.398449 -110422.596047
0.352740 47.808466 3.912520 8.241012 -110423.172735
