51.598533 166.968673 8.335514 4.405397 -97589.551459
116.749517 130.803684 8.335514 4.405397 -97589.551459
27.180065 114.508058 8.335514 4.405397 -97589.551459
120.539936 30.983166 8.335514 4.405397 -97589.551459
20.025043 158.208109 8.335514 4.405397 -97589.551459
177.341060 88.308858 8.335514 4.405397 -97589.551459
188.935553 137.017772 8.335514 4.405397 -97589.551459
64.527671 110.111198 8.335514 4.405397 -97589.551459
159.231090 54.509996 8.335514 4.405397 -97589.551459
41.667079 145.414479 8.335514 4.405397 -97589.551459
22.215689 97.687750 8.335514 4.405397 -97589.551459
94.865560 63.022531 8.335514 4.405397 -97589.551459
151.356109 108.330730 8.335514 4.405397 -97589.551459
161.232666 150.921991 8.335514 4.405397 -97589.551459
121.233674 96.435858 8.335514 4.405397 -97589.551459
11.491062 62.978899 2.148143 1.582266 -98411.184127
160.136184 188.390366 2.398218 1.299120 -98417.497283
52.893917 47.808005 1.818269 2.470191 -98414.215542
65.296072 59.381289 1.818269 2.470191 -98414.215542
79.651484 5.064114 2.659938 1.739040 -98413.252738
79.743697 28.988119 4.076338 1.433669 -98408.645316
70.245523 19.859297 4.076338 1.433669 -98408.645316
90.133638 19.138743 4.076338 1.433669 -98408.645316
2.447403 173.636539 1.017244 2.911666 -98420.130217
85.897250 132.978294 1.483704 2.092454 -98412.935824
60.361293 37.702063 1.338122 2.306028 -98416.377407
90.183921 5.176205 1.234233 1.866929 -98418.837197
190.511152 25.823979 2.381981 1.041088 -98414.754395
130.779297 163.735055 1.732251 2.926707 -98408.465977
149.881267 179.691782 1.168199 1.344531 -98416.477526
102.613444 102.558235 1.318830 2.204566 -98421.300236
124.432360 45.219445 2.109242 1.367429 -98416.388572
46.848779 83.615364 2.471782 1.665165 -98422.212612
30.953294 38.015635 2.140922 2.525084 -98413.570226
199.117664 92.469636 1.284701 1.567422 -98415.780399
49.789476 70.885117 1.343284 1.673056 -98417.916304
95.863285 174.394993 2.581611 1.231446 -98413.780752
128.987679 48.535838 1.341142 2.676264 -98423.366854
12.476722 182.505228 1.850193 2.378107 -98414.085367
4.000949 184.994877 1.850193 2.378107 -98414.085367
186.198496 163.627085 2.636285 1.460426 -98420.246980
112.726050 3.393983 1.956802 1.545714 -98416.836047
57.382903 22.998876 2.692899 1.018634 -98411.062082
164.213276 16.647348 1.605189 1.119786 -98415.852769
53.171959 56.859785 1.122085 1.906026 -98417.847720
110.416434 141.219322 1.161426 2.424642 -98422.290527
104.804142 13.427209 1.686615 1.024791 -98420.164733
196.282900 114.361561 2.711757 1.072076 -98422.738976
92.697919 150.523507 1.001229 1.646053 -98417.089074
196.886266 166.962042 2.224071 1.296959 -98417.340005
198.159179 37.119927 1.735803 1.147227 -98417.766881
189.149418 170.092534 2.204121 1.490005 -98418.433591
83.064886 166.405911 2.497700 1.205927 -98416.116574
77.804190 145.664803 1.378157 1.817814 -98420.492688
144.046261 39.334862 1.352963 1.858572 -98417.537870
17.178167 50.852352 1.140580 1.859564 -98417.547973
184.142044 175.522584 2.101361 1.015065 -98419.639484
193.430088 163.438959 1.682911 1.729965 -98422.275165
131.536102 148.352628 1.095903 1.078244 -98418.234746
53.765033 189.434742 2.997284 1.198486 -98420.118529
