33.163509 36.995583 6.112514 5.543029 -110243.234712
43.444803 27.062199 4.623958 7.052630 -110451.480997
43.199465 24.335421 2.233082 7.970291 -110997.626700
43.991170 33.894317 5.209014 4.589674 -110910.673899
31.610334 27.261434 6.017783 6.558125 -110211.170632
46.380491 32.842361 6.018089 7.024132 -110390.004935
42.616315 43.513143 8.261390 7.393560 -110750.257211
36.786596 28.351997 2.903692 6.065451 -110769.566401
46.616257 24.003616 4.497750 8.619621 -110753.647725
25.989047 36.844866 4.242856 7.933161 -110676.672171
41.831830 35.819765 6.588113 4.005675 -110844.853852
43.515575 24.971188 5.972019 7.450287 -110416.855066
38.303243 34.265649 4.562575 6.086091 -110161.037218
35.459878 28.350611 5.786548 6.826659 -109796.868950
44.143621 28.016858 6.565347 9.345513 -109750.602834
27.807119 29.771330 6.974733 7.020814 -110336.322018
43.395537 39.420659 9.665243 4.559545 -110844.855891
46.180497 26.531417 4.529836 5.908521 -111032.748400
25.705974 36.144481 5.835673 6.623193 -110810.568219
37.054617 40.400396 6.229259 5.682271 -110396.242160
37.104663 32.299545 7.540093 8.123890 -108792.276662
37.854997 33.103738 2.819360 5.433279 -110852.776788
29.932395 28.206678 1.921841 7.772570 -110991.296176
30.501661 34.948001 7.018367 4.832107 -110536.444319
36.373007 25.803431 2.996531 5.998310 -110899.581075
31.824298 40.751173 5.373728 6.352208 -110549.571783
35.176628 42.387662 4.283829 5.383096 -110980.653354
49.451915 29.273913 7.332452 7.796398 -110977.785479
30.863915 35.291793 6.342868 8.344318 -109491.417787
29.853476 23.942987 5.174224 7.519000 -110632.904742
38.911780 32.817901 6.928202 8.044594 -108968.039128
42.970477 39.611276 4.309747 5.202407 -110958.690450
37.550673 31.419212 8.248890 6.919708 -109078.031181
34.396974 38.060326 5.441895 7.725399 -109678.494296
38.336374 29.777025 1.895476 6.525491 -110993.118271
48.219629 36.483742 4.278474 9.627517 -110415.588721
29.949531 41.692711 6.053787 6.383484 -110767.492394
35.313326 32.400399 6.405688 5.211960 -110080.222287
28.629224 38.204673 5.935838 6.716007 -110468.618772
33.760698 34.959609 6.697666 7.212390 -109358.864443
46.134646 30.548423 6.619459 5.829156 -110689.897411
47.624030 34.421904 7.072535 6.799794 -110648.483938
47.973228 37.241637 5.613924 7.114367 -110764.618022
32.998354 37.274259 8.119879 8.186643 -109247.898765
31.785274 32.295319 4.504820 6.940380 -110090.348229
38.336090 30.532189 3.042905 5.571095 -110789.078951
42.674616 36.965871 8.331540 4.832790 -110495.348902
40.036353 32.738664 5.247065 6.169357 -110023.126030
39.650339 38.316408 5.656997 5.807870 -110275.857016
26.072617 26.105740 3.797897 7.918355 -110904.663311
36.095825 21.009433 8.497408 7.635095 -110812.070586
35.757032 23.135818 9.400775 4.857553 -110918.569542
37.818364 34.239966 4.423625 5.708928 -110320.388182
29.935227 40.701902 4.510973 7.339731 -110584.596337
27.900065 35.746926 7.044366 8.574072 -109987.244724
31.491607 24.291856 8.360085 5.753486 -110730.418958
46.855243 33.246531 8.796700 4.900249 -110983.195254
42.513148 39.429939 9.524359 5.460880 -110455.210367
35.038980 25.711016 7.750694 4.053159 -110870.854311
34.338551 27.349688 3.701487 6.520410 -110513.486023
42.383398 25.435092 9.408311 4.367763 -111034.396944
38.605950 44.305510 3.942787 8.916731 -110508.484578
35.330404 25.361908 5.985810 6.587329 -110205.080322
32.892236 28.103644 5.248547 3.932036 -111030.250472
29.140071 25.163774 7.844069 8.564100 -110423.373703
40.235363 40.852310 8.496945 9.613044 -109795.528679
30.572386 33.132747 8.484046 7.733694 -109433.712395
40.350639 27.393160 11.580527 5.028104 -110338.040011
29.319309 35.517091 6.313433 7.539046 -109929.561835
44.387164 37.362107 3.625637 6.767231 -110686.482357
35.649278 35.267100 5.824325 6.489455 -109710.919940
30.811928 26.670507 8.007751 4.950249 -110727.739422
37.418852 26.954450 5.831153 5.266871 -110470.984608
39.346600 24.302207 6.004946 4.372233 -111068.271605
41.467207 21.421066 5.223702 6.139765 -111052.379856
29.682997 32.845916 5.306289 8.065901 -109843.356062
32.575556 34.648085 3.252634 7.056917 -110406.655613
35.781130 23.043182 7.345972 7.221334 -110333.192465
27.945403 32.692006 5.635749 4.471627 -111041.701410
47.554262 36.324427 5.842356 6.306137 -110833.838075
25.395832 35.972663 5.453944 8.385346 -110554.653974
41.975686 32.919195 4.289250 5.731665 -110532.840516
41.080903 30.625092 3.559711 4.597801 -111017.967232
33.211219 25.024048 9.802786 8.063791 -110083.618296
29.523207 42.356811 4.027161 7.270252 -110866.966993
40.225006 36.167679 7.674086 4.749875 -110313.537710
46.908772 33.065837 8.509383 9.857798 -110265.662336
37.034452 24.583893 5.627471 4.713494 -110913.658238
26.406656 38.464439 4.057288 7.150012 -110873.086302
29.119819 28.963004 5.746069 9.823717 -109747.439934
43.552000 35.715866 6.848050 5.197183 -110509.124611
28.965652 28.335199 4.418154 7.406201 -110440.771115
30.731592 36.846568 6.326424 4.770422 -110688.791401
36.691243 31.686813 6.907704 6.321778 -109498.928565
33.824224 36.289847 9.022791 6.636362 -109355.191386
42.433833 33.219846 2.408532 5.901553 -111004.942192
39.275940 28.407472 6.848365 5.653137 -110097.184616
37.197968 44.056480 3.998405 7.057699 -110798.415510
33.006760 43.606367 6.944966 6.173688 -110830.671516
29.110004 24.432934 7.610801 8.702939 -110524.345498
28.762358 32.850203 6.019875 5.466097 -110600.290372
44.087323 38.247049 3.412583 6.000232 -110920.871377
40.027902 28.810162 8.892197 6.733394 -109500.836687
38.234030 21.590513 5.947107 9.129044 -110302.243360
33.552520 28.328836 4.510466 5.244270 -110663.270720
39.145435 28.607602 7.304184 3.591560 -110912.470613
42.770772 31.330125 2.334732 9.304831 -110465.284168
23.802590 30.910096 7.100311 8.126754 -110978.307950
35.788630 43.639293 7.052625 5.319114 -110926.493443
47.801578 31.442616 7.637152 7.697375 -110540.170764
32.603000 33.058228 5.612874 7.202829 -109651.154645
28.166460 22.190442 3.429372 7.919824 -111051.414745
37.349591 39.561480 7.967847 5.159613 -110313.629534
42.298359 30.443942 3.972553 5.575564 -110718.768242
28.794146 41.852140 8.186611 8.226883 -110766.294103
39.443250 38.283083 5.218818 8.256385 -109622.727233
30.386243 36.723013 6.046860 8.353016 -109699.531198
30.723495 39.552914 3.386990 6.888936 -110739.557323
31.710722 37.723923 5.096757 5.776730 -110485.823090
26.131775 26.391740 7.184042 7.487367 -110892.505582
43.520013 39.181899 11.406704 9.399084 -110805.949893
37.330019 28.888706 4.839127 5.553673 -110391.141307
43.793849 39.606865 6.062243 5.759660 -110668.695925
47.062274 32.427140 7.380392 6.102418 -110701.601723
38.621393 33.049351 5.362487 5.767239 -110076.189161
34.377096 35.081498 6.074444 4.127419 -110689.364206
41.338688 40.424584 2.785572 8.162462 -110623.392405
33.716367 33.639992 10.827023 5.380513 -109598.904397
46.888023 40.448985 6.785345 7.788181 -110710.594401
36.366922 43.718973 4.928745 7.715201 -110494.624050
36.669811 39.090401 7.035550 7.147469 -109622.319304
33.553822 26.777867 3.701730 9.996830 -109877.833292
25.113708 35.598218 6.617823 5.797809 -111038.831284
25.260677 27.647782 5.278661 8.224930 -110758.277330
39.176483 29.848782 3.627790 4.268808 -111057.525673
38.376257 34.135037 1.999482 6.646133 -110893.225986
36.440688 28.824066 6.425194 5.782411 -109993.712989
35.669135 43.013362 5.381256 7.443143 -110401.490527
44.142831 40.559532 6.359937 6.635967 -110549.375300
38.575295 37.813940 3.472056 6.917898 -110393.585186
37.124740 42.751471 6.979001 4.423799 -111043.262236
33.931488 29.005306 3.912907 7.749565 -110043.492953
44.821357 27.896866 6.976213 5.997388 -110589.576888
38.324852 28.406872 7.680532 8.986522 -109010.975226
35.555475 34.048215 4.874652 6.289101 -109989.993738
36.360998 20.273093 8.507421 8.368413 -110959.210825
26.225930 37.145601 7.157250 6.841021 -110716.782351
27.218931 24.473740 5.440911 7.757958 -110825.957610
32.870947 40.125663 4.964751 7.075972 -110271.976256
45.406637 25.032801 6.601040 5.951571 -110955.996445
34.049402 37.202274 6.525560 6.498053 -109774.610623
35.799697 26.364381 3.838488 4.701284 -111012.512797
43.706530 26.885237 5.902422 5.610656 -110732.475075
33.286286 39.519657 7.205405 7.528251 -109742.995610
33.279603 36.708124 5.253729 4.509431 -110754.897353
27.166443 30.896765 6.756540 9.842781 -110007.263738
33.680386 27.020509 4.933623 4.943627 -110768.360386
26.984225 31.810079 5.715651 5.005820 -110999.957609
45.317644 33.202623 6.491472 6.130114 -110427.213867
32.617700 33.547938 5.370926 5.041245 -110472.044892
36.946632 21.506776 4.067209 6.008134 -111058.655079
29.083249 27.591039 2.859022 6.518237 -110989.574791
43.570842 23.055863 5.885053 6.279105 -110936.500966
44.513480 38.656312 6.363361 5.612023 -110691.423447
42.274206 33.877581 5.400915 5.285756 -110493.713807
45.102496 35.046463 5.696309 6.062700 -110521.292516
36.286654 32.018955 8.730022 8.061897 -108696.650441
34.539722 42.110449 7.510305 5.395747 -110689.271912
40.222376 27.305604 10.189692 4.938792 -110365.034535
41.523316 39.506901 4.852464 5.515799 -110700.734735
38.946615 35.985448 5.784576 5.845742 -110040.215733
39.610509 30.615861 5.640275 4.856489 -110488.141977
43.915489 41.369305 5.531075 7.521035 -110475.721561
44.925900 31.392555 5.548411 5.691652 -110634.270633
37.662378 35.636312 3.994922 9.726741 -109475.425432
40.238140 37.666208 5.910643 4.868181 -110569.718975
36.504004 22.208956 3.805776 5.855472 -111055.649802
28.479948 25.682593 8.289417 5.116334 -111077.586040
28.935711 28.610650 7.976250 6.526043 -110319.335436
37.521789 34.538802 3.718512 8.709087 -109727.300879
42.999499 38.667124 5.991833 4.870672 -110803.573446
36.545614 40.061914 3.605082 6.882962 -110508.935329
38.476132 38.945600 2.870389 6.011851 -110857.728890
42.802762 42.271195 9.042023 6.893508 -110647.458110
45.272614 42.469291 5.704055 8.291184 -110626.951210
48.105303 35.543250 5.266152 8.183699 -110520.219095
30.714759 37.151410 5.081941 7.386699 -110073.146517
32.425687 32.917851 7.226014 3.545476 -110868.841966
36.343577 28.127517 4.336116 4.435182 -110908.610825
32.870226 24.252132 5.533633 6.938229 -110435.594346
40.522210 32.719819 2.835112 5.534717 -110886.972205
47.186213 28.918711 7.689022 6.439930 -110782.109726
29.598030 38.973357 10.232740 7.461814 -110367.263960
44.126064 37.889163 4.966222 8.314695 -110054.864834
32.262122 30.292367 7.261477 7.106293 -109516.939744
29.337285 26.999646 5.717540 4.918559 -110988.014187
36.288856 38.874117 8.131745 8.783841 -109191.670858
29.248764 26.880399 7.078100 7.102501 -110334.741521
45.786864 30.953254 5.128901 6.949534 -110451.413389
37.140726 38.549560 3.811075 6.541617 -110419.444016
34.298806 25.199657 8.295338 6.279417 -110185.805445
40.355090 34.825615 4.523201 6.755571 -110054.665683
45.575537 38.617051 6.388432 5.194448 -110928.543193
45.995373 35.719549 2.589944 7.510756 -110884.067483
37.910683 40.228105 6.535192 6.448523 -110082.890682
34.127083 39.052623 2.872764 6.187155 -110847.528186
37.495071 40.784552 5.430461 6.254037 -110370.325908
31.200296 22.246499 7.248119 6.601599 -110896.144968
34.437115 30.811861 7.242324 4.196691 -110499.315915
34.407073 36.145435 7.334467 7.217574 -109282.541394
34.541242 30.522531 5.804154 5.978957 -109965.989329
32.777529 36.456098 7.580582 4.963120 -110281.388137
36.549595 29.914768 9.481064 9.370503 -108830.490746
34.652023 38.301580 4.846869 6.347370 -110230.848096
32.698484 40.617937 6.767006 6.215546 -110361.815424
29.595053 34.491159 11.524746 7.112558 -109998.735440
44.650557 25.090150 6.817548 7.005165 -110615.762163
39.490608 41.651031 4.281250 4.984678 -111022.849788
30.026825 41.671593 5.893538 7.217853 -110583.932311
30.485977 28.055710 6.394705 5.189531 -110655.896877
26.761828 32.794341 4.113726 5.402452 -111062.649814
45.939873 25.533157 3.190078 9.300819 -110637.901902
36.427950 19.848483 5.351501 6.619439 -111045.374727
39.075596 34.432123 5.582229 5.606641 -110125.334055
35.841508 20.316519 4.387794 7.194184 -110928.161173
34.423539 29.496735 8.440678 4.954576 -110085.864659
32.337486 31.476965 6.465636 6.212615 -109868.848026
38.387312 41.233481 6.578282 5.146639 -110661.360693
32.134114 31.791149 1.953687 6.812713 -110957.910453
48.791677 26.649722 6.150893 7.803675 -110934.992654
29.008751 34.882236 3.716841 5.217817 -110987.239187
40.615351 28.767789 8.379888 4.934258 -110310.511579
28.797360 37.155491 7.871443 4.903385 -110762.247149
30.039526 30.786621 3.627798 8.066186 -110262.195673
37.580985 39.370972 4.699372 8.100053 -109849.853832
40.676134 32.165195 3.467215 7.534085 -110189.363232
39.255191 35.803477 6.731864 8.486359 -109027.449020
28.465541 35.036875 3.596218 9.254759 -110211.484380
44.097311 28.293703 1.653373 8.877110 -110972.372214
40.379279 27.224082 10.565082 5.328701 -110239.901806
40.581701 38.768098 7.127513 6.093117 -110068.950594
45.474264 35.236513 6.065227 4.439901 -111029.908943
42.041248 33.924450 5.527758 6.969593 -109859.660104
48.838705 38.221083 8.430378 8.372942 -111055.839098
33.984903 34.902704 6.692366 7.474521 -109260.025385
38.437402 23.262663 5.909707 6.830301 -110467.960972
33.364266 41.890668 5.254377 6.506053 -110568.025104
46.771470 25.162603 6.197945 7.669034 -110777.821442
29.812370 24.783291 6.100278 6.597014 -110675.680346
39.484807 26.826124 3.891072 6.777635 -110447.734867
40.966585 25.125958 6.577874 5.763135 -110579.599386
29.103615 33.529792 5.974583 8.606269 -109723.253494
43.361820 20.967842 5.023275 7.181550 -111017.655879
24.630550 26.131960 4.387326 8.026061 -111010.286879
32.739445 32.874485 7.786159 6.693861 -109416.960742
38.251357 22.341574 10.706035 7.165489 -110862.115917
40.471814 30.292393 7.737874 7.672561 -109204.591180
42.848154 29.985995 6.626590 7.588643 -109693.392932
43.102566 20.906413 4.809799 8.275783 -110829.751146
35.090943 21.938569 5.508624 5.876940 -110925.101830
25.525284 27.678295 3.298774 7.931393 -110944.010092
38.175603 33.633396 7.273750 4.791159 -110150.914731
32.172603 24.978593 4.637520 5.615176 -110852.538240
30.131957 33.414927 3.932710 6.417961 -110524.415598
30.948926 30.846036 8.098453 6.119275 -109908.239388
35.145441 23.006688 5.065186 6.185485 -110750.804665
34.066849 42.483145 8.424587 6.232081 -110541.240541
45.824680 28.005150 6.583172 7.563667 -110352.688744
31.967703 29.917857 1.443281 8.922202 -110952.808567
33.937556 28.777849 7.536358 7.184343 -109431.507974
42.771393 38.399599 6.177160 9.497844 -109566.864256
28.256188 30.946021 5.314496 4.651742 -111017.959010
30.278634 40.712104 9.284318 6.373422 -110601.663551
39.262960 32.491911 5.561437 8.963023 -109090.429569
45.653461 43.537189 7.786761 7.755489 -111062.750718
43.439588 40.856305 7.216869 5.583253 -110738.338444
37.533903 30.549868 4.110240 5.923674 -110366.287554
36.625886 29.569001 6.316767 8.412221 -109105.062235
35.667558 37.639768 7.052866 3.949964 -110761.102099
34.234595 41.468561 4.773213 4.837112 -111004.746930
34.074118 32.752757 10.186634 5.302676 -109630.616588
33.971847 37.223894 10.286655 3.592608 -110753.010712
43.057487 32.800091 5.424851 6.264942 -110221.822151
42.452828 46.101308 4.807596 8.648351 -110873.374759
42.420127 40.819614 3.429065 5.853531 -110989.013637
36.261241 23.975978 2.662974 6.662117 -110972.229467
42.946421 21.949799 5.907941 6.415697 -110995.634124
29.037466 38.805771 2.577792 8.783263 -110705.422101
40.885907 42.574821 3.337381 8.023396 -110648.967660
27.465876 38.563940 3.789158 7.470754 -110747.013368
43.210789 41.634570 3.379794 8.885944 -110522.936778
35.191506 32.757830 6.269871 5.039996 -110183.024384
37.198539 25.589516 6.508249 5.261965 -110534.399518
29.893849 24.920526 3.446059 6.933147 -110885.816633
26.877963 33.542240 2.979850 6.726215 -110964.346698
37.337490 36.247602 1.303807 8.338538 -111021.692338
40.151034 34.791419 6.394362 5.059036 -110277.369343
40.385057 35.696993 3.557800 7.643644 -110151.395446
46.133676 25.214055 5.042337 6.668645 -110913.818084
37.822018 32.410344 4.983282 3.793881 -110931.235430
39.618993 23.577865 4.170850 5.762487 -110943.845058
41.430035 44.590285 8.577267 8.996453 -110892.677585
35.177655 21.001391 4.244443 6.649039 -110974.266414
36.006592 34.254132 7.823162 7.181381 -109022.989757
35.969858 28.584492 10.920831 7.530436 -109189.530456
35.116455 36.859670 4.218811 5.450883 -110561.378876
38.880425 33.821040 4.132366 8.804230 -109561.851137
40.485327 42.370858 5.141447 6.756109 -110559.555002
43.096450 31.669276 3.220226 5.588828 -110906.875886
42.726033 36.703540 5.515982 8.663958 -109620.350625
35.007524 28.147288 2.384516 7.089580 -110755.014302
44.097557 26.028109 5.705117 9.011567 -110065.398160
33.797143 28.817727 3.762416 6.399838 -110456.034573
38.258241 29.928020 3.983010 5.663848 -110521.292647
42.263745 46.256538 4.602005 8.880306 -110859.267688
30.751878 23.628828 3.765234 6.225655 -111021.461368
29.596260 33.891945 4.546366 6.782396 -110340.387016
33.662035 43.578869 3.981281 7.711469 -110682.316291
46.781680 28.726121 7.192388 6.189114 -110773.114534
28.679719 38.735507 7.939228 8.045205 -110225.080522
36.526011 29.472024 3.997505 4.722541 -110819.490080
31.628041 29.058183 4.869914 7.739843 -109930.987658
31.765296 40.929960 5.963757 6.953982 -110355.883844
44.186484 30.637704 5.118234 6.233377 -110463.555425
37.641395 38.947138 6.945474 4.409810 -110658.235066
46.888506 35.041751 8.841584 4.842784 -111026.118061
49.398559 33.583523 3.196254 7.739333 -110990.320588
36.146778 33.825278 3.800124 4.716854 -110803.900297
30.399926 33.482541 7.845305 5.384068 -110226.440151
33.017488 37.915550 7.514939 3.911409 -110841.272285
35.367586 26.085884 6.856014 4.117969 -110865.387041
35.176922 46.666743 3.596677 8.071890 -111009.395797
42.370680 39.803560 9.674719 5.970873 -110347.830949
46.225045 36.388531 6.704849 7.836326 -110216.510590
35.572999 32.165036 4.319543 3.784763 -111022.476139
31.383380 24.563853 9.036517 4.754149 -110969.634911
44.928487 37.484427 4.310652 6.085345 -110773.924407
39.030548 35.277705 5.021179 6.954505 -109795.831290
47.703583 28.960426 7.508524 6.520104 -110854.130660
40.324681 43.548376 6.915501 7.485518 -110475.626780
30.002737 30.103234 2.814108 7.155326 -110726.132312
38.709003 29.675337 10.351184 7.150977 -109113.783112
27.437668 28.654440 5.069700 6.328124 -110770.799336
39.241567 35.507648 10.789690 7.221511 -109030.020625
29.917019 40.251677 5.569104 5.290532 -110912.759890
37.017992 37.219249 10.309381 4.488772 -110198.830999
32.995386 30.535012 7.178490 4.089253 -110642.607474
40.942995 44.504291 6.850016 8.320339 -110588.377584
32.536064 38.034873 5.508259 5.284828 -110550.548032
43.168247 39.878765 5.848265 6.394270 -110473.082418
30.718453 30.447647 4.857330 6.373670 -110324.922490
42.316713 42.388982 7.373592 8.002862 -110336.034322
34.101862 29.746140 8.879198 6.186374 -109514.008720
34.699965 27.587000 3.144949 5.895133 -110798.511163
48.777393 31.119891 2.872823 8.209857 -110924.616920
32.459719 28.183337 10.586036 4.215375 -110593.209607
39.393471 20.865341 6.623297 7.229592 -110801.376221
40.297317 37.404470 8.466963 7.252917 -109385.093449
35.086410 43.750256 9.389424 7.813934 -110653.959741
40.927988 20.203943 6.175681 7.172189 -110984.030511
47.828947 41.563232 6.443417 7.368186 -111024.374897
38.928201 45.915021 5.022409 7.088251 -110956.835065
35.987593 35.017371 8.253700 8.474517 -108720.259099
42.367731 28.615306 6.177041 5.281197 -110552.722728
29.110527 25.728153 5.853617 7.355109 -110490.506760
42.619446 38.218634 5.160367 6.876387 -110231.888226
31.129251 38.859468 9.082090 6.482158 -110106.576783
24.269956 39.847095 4.659361 8.512744 -110978.434170
42.291476 40.989488 4.636193 9.438562 -110034.167773
49.511348 37.469233 4.410260 8.807511 -110759.861726
40.280041 39.935694 4.944170 4.182571 -111068.498303
41.263354 33.885385 7.842862 4.352335 -110493.360489
37.837047 30.413910 5.298400 5.237579 -110340.070992
36.384164 43.159490 6.138996 6.987902 -110452.165990
39.947426 32.292981 3.413158 7.448352 -110192.307739
29.667948 28.444865 6.501968 8.589913 -109813.170303
43.157060 30.872909 3.765855 4.756725 -111033.389747
23.300629 33.944225 5.664680 8.197139 -110924.243396
26.638081 26.969131 3.737825 6.823602 -110997.814664
29.911765 40.437130 4.549729 6.261298 -110796.535440
31.179370 32.318708 6.694662 4.226591 -110726.895439
26.532621 29.768827 3.176803 7.135729 -110927.834841
42.924002 31.094271 6.166088 6.492525 -110042.997904
47.788553 42.323410 5.959706 7.313044 -111078.494666
28.115016 28.324319 6.407106 7.062446 -110407.530327
28.614345 30.724771 10.013972 4.824291 -110729.677621
32.315091 34.122491 4.212405 5.609794 -110536.291416
43.736285 35.447326 5.847007 6.258063 -110272.628432
29.877144 35.687378 6.406632 7.721473 -109793.873369
30.998559 33.415601 7.879729 5.438462 -110117.393123
26.579024 30.163625 6.013597 5.000897 -111077.678522
30.225029 26.630923 4.489188 7.561540 -110390.034538
43.189365 22.197135 5.742870 9.016613 -110522.200700
31.273024 32.667949 7.398006 9.683890 -109121.710763
44.221737 24.226790 5.737845 5.911229 -110954.056592
44.393489 23.864417 5.483430 8.721639 -110446.978706
40.813400 22.256022 7.540620 6.275925 -110840.460756
49.030841 33.559255 6.148887 8.587734 -110573.594811
48.859034 28.170563 4.562461 7.796725 -110860.475810
28.954049 25.796924 6.281927 8.662991 -110250.567217
37.373297 44.368954 7.564684 6.464749 -110771.211873
35.114696 38.162350 6.029709 8.779017 -109302.752972
33.659206 35.821982 6.701550 7.911907 -109225.944502
42.061035 36.647639 3.910438 6.102271 -110584.389327
29.650673 38.061125 4.517354 6.582340 -110560.358102
35.624518 37.375413 7.638206 8.172783 -109075.879802
46.048242 29.092475 3.405228 6.012912 -111035.201729
39.415512 36.346225 2.138248 7.938083 -110667.238744
46.276330 28.500373 3.294567 7.678587 -110759.610318
42.247234 27.068371 4.114729 5.933425 -110749.435113
37.023081 27.290159 6.642573 6.216544 -109958.290432
36.964513 27.605310 3.738667 5.666966 -110686.060692
45.675026 33.327660 5.413031 7.315983 -110263.762048
43.824384 21.607992 5.046281 7.012776 -111003.384854
31.720772 28.029429 10.120793 5.400595 -110243.545939
39.898592 39.177422 2.380666 7.457082 -110768.171475
36.967749 30.917061 5.135723 5.849458 -110105.663389
42.884132 28.988160 6.283749 5.980435 -110318.518004
25.133773 32.140130 5.283570 7.921772 -110632.728412
26.228415 36.495759 5.685517 7.765526 -110524.131746
38.358183 27.314650 5.914113 4.323022 -110803.984498
48.852785 39.967486 5.685056 7.076688 -111058.872137
43.365111 37.475980 5.804239 4.681184 -110849.349619
35.547147 39.757174 2.773074 6.488134 -110825.750183
29.968660 34.578379 3.103607 6.749523 -110690.203073
38.544997 27.059566 5.020556 5.022925 -110698.319064
43.952540 27.104426 4.290506 8.143257 -110304.797733
40.520054 32.471334 4.367217 5.194333 -110607.478469
32.708811 36.531183 7.188289 6.335199 -109782.624879
49.210071 32.508309 2.838310 7.495404 -111074.255415
26.053329 37.069852 3.710113 7.369127 -110855.481711
38.215224 32.057033 2.833973 4.827043 -111014.005772
25.469732 35.245074 6.026581 6.470699 -110843.836557
41.210747 35.106950 6.384670 5.497748 -110182.189527
34.617535 21.036046 4.963428 8.025254 -110648.967251
41.667928 31.432781 4.445231 6.712285 -110186.840109
31.163359 32.685867 7.718274 6.473718 -109719.724561
34.531866 30.859916 7.266476 5.737141 -109780.151192
35.521945 43.494541 6.640123 8.834197 -110189.941096
44.264785 26.679852 4.195088 9.275797 -110174.541634
35.187503 22.912554 6.313956 5.560657 -110822.174410
40.622997 25.867568 6.449943 6.739849 -110161.492351
36.742220 35.491039 4.404084 6.944014 -109943.525995
27.942415 37.571863 4.953205 4.938946 -111053.141787
41.731674 33.042108 4.241419 4.152566 -111037.737514
48.235814 33.803452 4.222164 6.120473 -111044.730022
46.032937 35.238880 4.536899 8.454245 -110222.759492
42.506615 27.692756 8.438108 6.560801 -110048.039005
45.465621 28.137001 5.205938 5.476608 -110922.016459
31.523823 38.486994 4.259260 7.703949 -110207.361848
35.008414 22.791594 5.794107 5.447550 -110903.688590
31.333935 31.041283 6.984085 5.946731 -110022.734065
39.770634 35.734725 2.560598 7.073584 -110634.882717
31.951919 38.991405 3.945342 7.600273 -110320.197223
41.280415 32.959439 5.592110 4.097741 -110851.346305
35.218876 35.938551 2.260066 6.058780 -110930.683032
30.440758 25.548686 5.696701 5.192569 -110925.253034
45.865786 41.725431 5.798886 5.785459 -111065.640846
42.845321 41.582647 7.231005 6.213056 -110607.954203
29.009983 38.623860 2.690075 7.447227 -110871.955096
31.532895 25.394040 6.840143 4.856040 -110873.783759
45.241046 44.556383 5.633076 8.344410 -110909.880673
45.994442 27.035770 4.905575 7.110671 -110672.278206
41.433290 31.247996 4.921176 4.626196 -110777.585098
31.189797 42.962372 6.391500 9.701380 -110324.978799
30.878352 36.462261 2.634458 6.765858 -110816.356594
43.749237 31.516817 5.461423 7.074320 -110069.054182
46.655820 28.292682 5.326584 7.078592 -110641.346386
35.117966 28.973142 8.541152 2.881895 -111064.280351
43.946475 44.862882 6.892582 7.915101 -110967.970631
41.704117 39.699425 3.271144 9.708341 -110171.650183
34.306339 27.648462 3.595455 8.062750 -110156.553345
32.625206 29.356240 5.102970 5.378503 -110498.204832
44.744210 34.357925 4.257327 6.970367 -110444.558547
38.542540 29.310658 5.239018 4.781228 -110602.482230
35.624931 34.427077 6.145655 7.211113 -109350.159700
27.872360 27.602893 4.181027 6.431624 -110863.677466
39.467764 38.037994 8.892050 6.535984 -109583.011818
42.139391 20.062297 5.179231 7.090560 -111071.516422
30.029905 31.999000 6.318878 5.671730 -110343.851238
35.920938 31.334823 3.227176 5.364600 -110761.926313
31.229003 38.099079 4.868288 7.896763 -110016.864278
46.720364 41.975579 4.735962 8.309298 -110766.335233
32.570643 26.481989 6.393467 4.337734 -110902.156332
28.797122 31.077041 7.665791 6.979426 -110048.798003
27.415681 23.741890 6.715705 6.957839 -111043.620812
40.684227 38.596615 5.744733 5.054855 -110609.081830
35.175474 21.565557 9.108315 6.151969 -110963.743081
37.940466 28.264482 3.858400 6.099282 -110500.816637
41.756635 33.679331 3.387431 5.888337 -110697.094216
41.223402 32.472836 4.566950 8.328217 -109655.952844
26.860458 32.047051 4.950337 6.074761 -110798.898228
32.740777 36.330561 4.692818 4.660111 -110795.184576
37.391709 24.078315 4.753914 9.521447 -109904.059035
32.280266 25.834351 11.825351 5.863599 -110501.905000
26.889734 38.521537 2.513046 9.043047 -110836.615887
43.044402 25.042930 5.726546 5.955491 -110760.794294
43.200490 42.074877 6.188946 5.132441 -111004.949674
35.875310 21.849200 6.178804 5.958433 -110872.324142
26.582897 34.840668 4.061329 7.254846 -110693.789293
35.365491 30.530554 5.274874 6.135666 -109997.614015
31.267238 25.677239 5.492453 5.523268 -110772.560272
41.322408 29.507727 6.929926 6.785510 -109734.697306
40.215190 34.965909 6.422441 4.825383 -110385.696727
29.904469 40.940619 4.686642 6.063069 -110871.560418
26.369930 28.567878 5.102392 5.952540 -110992.803450
38.426132 23.167705 7.490428 6.130037 -110592.945479
26.907594 35.419425 6.059210 5.518425 -110853.629066
33.227734 37.409541 6.507042 9.462579 -109187.707933
32.428227 22.408586 2.481072 9.587741 -110760.581538
26.844788 30.692708 4.921897 7.059038 -110601.215648
31.051593 42.579899 6.406052 5.954355 -110872.557990
36.627883 36.259267 6.301294 5.406686 -110093.771865
25.562754 38.525519 6.403492 6.050438 -111062.383183
39.821212 35.655864 6.590922 3.245734 -111062.038051
41.868859 38.265935 5.391665 5.249679 -110639.965810
46.689131 42.276544 6.512601 7.040254 -110990.970206
34.455645 36.543923 7.022084 5.596261 -109969.189631
38.320394 36.738726 6.969785 6.667099 -109527.630750
45.343671 31.424538 4.013014 9.455314 -110049.606472
26.484699 31.842835 3.404071 7.229813 -110825.879755
34.786321 22.978808 5.975532 5.954432 -110740.313638
39.161610 41.306866 6.951131 7.521608 -109966.447814
32.880109 26.163554 5.121546 4.912305 -110853.010242
43.081099 38.064254 3.634540 5.823465 -110844.754402
44.339426 28.580059 4.492664 6.145075 -110698.749257
35.642457 33.034731 2.431569 7.572614 -110520.197565
30.544182 33.107598 5.727561 6.757222 -109993.783629
42.505349 33.543095 7.138543 5.239063 -110291.171313
39.748232 28.829176 9.365112 6.709174 -109456.988552
30.661799 35.777091 9.802320 5.503742 -110118.741272
39.744467 26.909023 3.678966 7.265658 -110385.742344
33.879461 33.770630 7.656530 7.269305 -109131.841187
37.655518 42.119162 6.472194 9.114589 -109832.607026
23.873907 32.560623 5.554893 6.904678 -111016.194307
34.006493 37.533164 9.342594 5.505409 -109898.713400
43.087752 30.556535 6.260973 5.822496 -110307.395519
34.491099 40.769248 3.306239 6.276046 -110818.664161
34.858679 37.110880 7.447152 5.990931 -109772.713676
37.032799 39.478266 4.128649 7.158636 -110242.725029
45.021386 40.738623 5.534365 6.581451 -110732.766032
33.715212 33.742503 9.705026 7.160739 -109006.441052
37.543074 31.316815 10.540872 6.864567 -108942.938755
35.014412 34.856091 10.017138 8.428646 -108767.350573
37.511395 36.324837 4.056178 5.023081 -110704.950444
41.359926 23.643355 9.894322 7.313413 -110608.131065
46.522153 29.687726 4.150189 7.234127 -110666.476247
33.881267 36.320363 9.495820 4.870907 -110064.323134
38.894474 47.685633 5.360605 8.402680 -111053.544278
33.818352 23.730538 6.665138 5.574434 -110728.002689
44.738901 33.383904 4.900767 5.977429 -110593.027070
34.489694 38.205197 4.534552 6.954341 -110121.958268
44.030716 34.528058 7.540272 5.926846 -110215.332044
33.957270 34.496675 5.968333 6.368511 -109767.315175
37.774759 30.364637 9.307378 6.422762 -109235.472008
38.247581 36.974868 5.417804 4.229847 -110792.586111
33.322758 30.156472 2.197563 7.379462 -110750.343930
47.894774 34.712206 2.708757 8.834496 -110778.100966
26.173765 30.558132 5.105822 7.279567 -110638.263265
38.403894 36.835083 2.572134 6.128275 -110833.967281
28.010706 32.305706 5.744248 8.044756 -110054.570503
34.166023 44.529688 3.595127 7.827101 -110820.539914
37.186288 39.082749 3.625286 5.799824 -110709.845679
30.966926 43.374767 5.917593 6.700338 -110848.430019
36.625164 24.018173 6.712050 4.597277 -110922.427977
38.736100 31.302775 3.894789 6.447612 -110269.347286
32.131005 33.139522 5.527635 4.084992 -110844.807398
44.718983 31.132284 9.319112 4.505126 -110793.496383
44.324483 32.169492 4.629553 5.828165 -110645.651398
40.951890 35.743199 6.677981 8.824545 -109124.310448
34.660783 39.085625 6.430961 6.156117 -110085.896416
45.618670 28.413598 5.641653 7.201336 -110429.382631
33.644330 25.413904 5.794380 5.981037 -110473.898073
36.685262 23.522670 4.277893 7.754132 -110411.653683
28.572679 27.698737 9.076115 4.478038 -111059.274984
34.898652 33.859226 5.227442 7.046950 -109652.327975
26.525283 29.890396 2.044231 9.806294 -110851.659077
40.759089 26.855189 10.057364 7.627119 -109751.382886
26.569913 30.268193 7.457868 5.781678 -110836.482450
35.963073 41.588531 8.871292 8.008232 -109922.287818
42.922975 30.172687 5.757841 7.511282 -109841.394138
39.387894 37.416005 6.950206 4.006749 -110756.099029
34.620746 25.764842 5.465894 9.114013 -109651.079196
42.280412 40.439791 4.913795 5.930305 -110695.877579
36.649317 24.721108 10.613782 5.326408 -110505.544175
41.434030 35.519204 5.642074 6.544953 -109959.109458
28.322562 41.743025 5.598644 7.531156 -110746.802707
39.272275 22.163478 8.685392 9.808196 -110568.880713
25.892511 34.849548 5.105799 5.957161 -110936.951971
36.564796 25.516227 6.387987 8.607672 -109603.649915
38.029306 32.313818 1.846835 6.321290 -111007.772338
30.148975 23.198869 8.858241 8.310306 -110829.080980
44.085796 31.081438 2.443579 7.599826 -110776.741463
31.261293 35.846308 5.060460 5.839383 -110403.183195
34.503605 36.422888 4.298160 6.271667 -110269.677440
35.969620 19.302688 3.078807 8.227811 -111017.520326
28.123715 30.025968 6.984073 5.209053 -110775.336981
29.474846 41.643553 6.115958 5.596104 -110982.068251
34.675398 38.357247 4.754096 5.815251 -110427.936877
27.693187 37.738246 4.401235 8.658961 -110348.068071
43.593346 22.084600 6.358555 6.263934 -111057.123137
35.378029 30.684733 4.735762 8.095030 -109539.529876
43.698185 36.999614 7.284295 6.411881 -110142.919050
29.326790 39.191822 6.890652 4.924837 -110888.639552
26.701577 35.653110 4.623588 6.862904 -110698.524898
42.648714 33.684489 7.683466 6.139778 -109893.800690
47.141293 27.555375 8.594533 5.819213 -111046.059098
38.318821 35.341642 4.700445 5.162322 -110491.234777
28.422877 40.036198 6.833020 7.278758 -110537.127476
25.933868 27.928577 4.914657 6.041662 -111068.968886
45.346088 24.555795 7.096769 7.433335 -110711.444683
33.427759 34.386635 8.172679 5.915431 -109619.269008
37.309527 28.783693 2.286308 9.587737 -110356.084046
44.289105 23.984096 5.436501 6.978410 -110757.212024
25.280160 32.029193 6.175658 5.564661 -111057.335889
31.545624 40.571428 3.682970 7.717276 -110526.254076
34.078906 39.786294 5.211597 6.657533 -110233.952882
36.064708 26.619674 8.027053 5.514276 -110159.781958
28.296608 28.782490 4.821797 8.596664 -110178.811349
44.136295 37.980931 3.799521 6.019866 -110833.430331
36.959535 34.830499 6.101260 7.896204 -109155.584841
36.474288 33.170584 2.578140 6.938887 -110576.718595
32.799368 32.673343 4.890044 5.382008 -110426.340337
38.325891 31.638814 9.049459 4.571747 -110081.546485
29.490660 31.123602 3.263945 6.442445 -110761.805231
28.051837 34.851313 5.588258 5.049936 -110870.480066
39.223268 33.131782 3.665869 6.308585 -110375.543727
40.184048 34.122401 5.049099 6.440330 -109990.807874
43.564166 26.557252 5.446068 7.122151 -110368.233325
43.330913 41.024658 4.313802 5.145920 -111076.581691
34.727439 35.122551 6.091275 5.087216 -110251.453676
32.202312 43.483968 6.378480 6.685067 -110760.638501
27.237219 36.929517 5.642865 6.029055 -110767.079860
36.870956 25.055186 3.450985 7.493260 -110501.536243
27.700479 34.240745 6.497890 8.073202 -110052.628801
38.801883 27.150051 5.650887 6.960186 -109938.471426
46.750567 39.809358 3.286877 8.736157 -110716.839383
28.653021 39.442436 6.229379 5.625790 -110828.656083
36.757539 42.061076 6.567945 6.020278 -110489.532677
41.292871 33.759409 9.131832 6.203208 -109547.541052
34.850048 28.143755 5.729634 6.331877 -110014.674352
44.849904 32.287112 4.545530 8.448035 -110035.838312
31.188578 41.881839 4.427944 8.497305 -110397.159666
31.440595 33.695314 5.260501 5.656261 -110356.384984
32.031205 21.417114 5.127298 7.261015 -110845.340901
33.121104 39.448589 3.922203 4.921504 -110985.804712
44.284295 37.077234 3.822072 9.480290 -110062.304269
44.149252 37.581118 6.236087 5.492980 -110625.965673
42.822234 30.310940 5.724077 8.414981 -109599.938608
48.607093 31.046374 3.635161 6.892158 -111010.841212
26.309666 29.035667 6.574639 6.115971 -110875.954419
37.560862 46.353307 6.805504 8.608583 -110866.069705
29.367090 21.413544 5.656990 8.069661 -110921.370894
32.820304 25.581296 9.177718 4.276233 -110859.565966
36.519246 35.147893 4.089461 4.916150 -110693.293383
28.661185 35.980686 5.205226 4.856978 -110930.872483
34.985276 38.468625 4.016670 5.437551 -110705.506624
31.696402 33.403514 5.447882 5.188665 -110468.805481
40.548523 46.026408 4.584916 8.384785 -110820.345328
45.463593 32.436884 2.538194 8.003802 -110754.016869
42.402100 38.558755 4.609917 7.353892 -110220.913110
29.209826 34.579580 3.675290 8.786054 -110174.009851
34.698525 28.483977 4.635083 3.898056 -111038.494738
45.291832 39.958974 8.125455 5.147192 -110966.046774
46.020478 43.560998 6.612747 8.662590 -110895.911151
34.409681 27.388387 3.211044 7.271636 -110474.971646
28.173729 40.244863 7.481966 8.762792 -110462.104784
32.952574 32.617193 8.066859 7.039619 -109246.585264
28.551293 31.179576 4.726824 6.946241 -110411.076756
38.170102 35.838919 4.049729 4.293385 -110944.248438
42.797127 40.047659 3.406996 5.979340 -110938.361114
34.715774 21.036555 4.349203 7.716850 -110759.235482
36.967829 39.212354 5.400065 4.955883 -110649.472755
39.586303 28.551674 5.902044 7.374242 -109653.755571
33.643432 32.920691 6.298969 7.894991 -109207.453928
29.093706 36.730478 6.370833 6.947895 -110183.257991
48.860356 41.719461 6.047675 8.831400 -111007.028514
26.165828 39.744998 6.403914 6.053231 -111070.492647
28.549642 28.953516 8.434023 5.848071 -110542.614537
46.746836 37.707428 4.571243 6.903339 -110746.607535
41.161750 42.551239 2.868450 6.859822 -110975.675159
43.158943 29.470199 5.486577 6.670029 -110206.916099
36.749108 31.089912 8.626961 7.359722 -108908.884722
34.089674 29.257879 6.980134 6.628352 -109623.332501
45.166804 33.520765 7.401505 3.934738 -111064.667407
27.744255 32.216272 10.789569 6.892180 -110446.949481
31.865309 42.542467 8.444614 5.102918 -110993.173072
38.796567 42.067767 4.258186 6.910948 -110567.114988
36.417922 28.419751 8.786676 9.022563 -108978.866608
41.037505 32.972025 8.072264 5.538568 -109886.885040
40.062333 19.773067 4.008150 7.617417 -110988.613250
32.261757 31.959807 6.294098 4.761226 -110470.335036
32.775325 32.628715 3.640102 7.902204 -110043.515614
30.771506 34.312109 5.078897 5.541853 -110497.480803
39.800835 48.096759 4.171118 8.847793 -111055.521736
26.063190 33.321326 4.521833 5.443209 -111075.267354
39.413699 30.975021 7.141345 5.475111 -109950.058453
45.311630 24.253218 4.884088 7.219946 -110814.433029
30.448087 39.079039 5.706260 4.532341 -110984.468447
35.348214 44.305344 7.503664 6.081535 -110870.408227
47.770652 40.330903 5.072781 6.536850 -111046.463312
43.485225 30.482770 5.799730 7.762936 -109825.626192
