170.779105 71.090289 5.799158 5.057497 -110281.756991
167.505945 73.802142 6.294297 2.452699 -110193.072704
159.808711 73.360510 2.810211 5.957843 -110183.700985
160.912692 68.283844 5.688325 4.929023 -110171.903648
163.066104 76.366969 6.514844 6.070542 -110129.702080
160.121752 66.854651 4.157878 5.676493 -110286.477656
164.568141 72.157373 6.831338 4.053848 -109797.144481
165.886981 73.151095 2.825697 3.480634 -110184.501282
165.503767 70.641712 6.559267 1.991567 -110211.151521
163.178672 77.567408 7.256021 3.584044 -110253.870584
166.296637 77.456031 9.427202 4.064547 -110288.803489
165.367175 77.737657 4.097369 4.054821 -110232.686809
163.870034 77.853574 3.409223 4.860841 -110216.961618
162.384652 71.801088 7.129211 4.080530 -109882.829034
169.432997 70.894441 4.901819 7.647686 -110272.339872
162.767115 69.170241 1.922659 9.732016 -110233.728053
165.396299 72.748283 8.896458 2.190876 -110051.100042
160.321183 75.259944 4.145268 4.091910 -110230.822099
166.718118 70.784127 5.049119 3.452836 -110050.713123
170.148509 72.818523 3.083251 7.672284 -110210.392347
169.960183 75.179336 4.027150 3.937910 -110285.500184
160.733970 76.337126 3.738419 4.588941 -110234.971839
164.703232 70.816397 8.524496 6.314872 -110146.241049
163.962907 77.031377 4.541373 5.118268 -110106.477211
164.892273 78.043994 2.334047 4.874779 -110282.281065
161.884747 76.599738 5.628861 3.278038 -110254.260502
167.107594 70.480712 5.671438 5.928485 -109985.316550
170.781641 70.958453 4.740186 6.110730 -110261.127371
167.773444 66.259892 3.470912 6.658669 -110276.854714
162.341602 67.538235 2.466579 4.642136 -110266.059086
164.111631 73.199838 3.872519 4.841921 -109968.721791
165.117450 68.328150 4.606831 7.308353 -110136.941367
167.646728 75.502728 3.624309 5.459338 -110104.873945
166.737253 73.150685 1.066047 7.957125 -110296.230384
158.272936 72.272391 5.647614 5.869678 -110293.310287
166.097979 72.383748 10.334139 4.267430 -109810.676717
161.168105 68.671202 5.896288 3.062491 -110256.334890
167.368251 67.111924 1.827080 7.194536 -110279.273018
166.195806 69.795587 1.457417 7.872858 -110247.225399
167.931295 70.574301 4.444485 4.731074 -110054.322144
169.961696 74.928747 4.207563 5.339920 -110200.750506
164.285583 73.366844 3.806813 2.753597 -110184.292893
164.085332 74.994875 3.194908 5.611163 -110056.641287
164.442125 68.931985 6.333815 4.688265 -109952.610195
161.706209 76.335853 3.871843 3.523500 -110266.873752
163.513935 71.557811 2.362961 3.758693 -110206.482089
162.100738 68.018146 10.610979 3.386329 -110263.813303
160.658186 67.303534 5.380172 5.449585 -110257.144275
159.291155 73.382464 2.654268 4.676453 -110274.534321
169.020632 76.387297 4.224227 4.065025 -110265.385334
167.809693 74.115988 3.578865 5.634537 -110065.607760
163.565765 66.963221 6.478014 5.547453 -110205.109198
166.890050 69.327904 2.833934 3.191973 -110278.920782
165.306496 76.141370 6.278721 5.369519 -110013.720745
160.768119 73.353508 6.987456 4.584841 -110048.632799
162.013180 74.908159 9.198530 3.533872 -110060.025567
161.430202 70.108721 5.538467 7.274127 -110176.386967
165.746695 69.117623 4.370883 3.126043 -110170.655127
168.047430 70.676718 4.409909 5.516810 -110041.478705
160.403502 74.043047 5.713395 5.597358 -110102.254001
159.717025 71.221583 7.302391 3.355401 -110235.875720
162.631722 69.333038 6.200188 6.270524 -110067.679864
162.774945 69.215186 3.239145 5.410343 -110094.284982
166.985273 77.658452 4.130047 5.863875 -110177.099121
171.448239 71.490738 4.266292 6.358374 -110296.221619
161.808290 75.727941 4.244354 8.932644 -110290.826378
167.533825 76.275857 5.721969 3.285970 -110222.522465
165.937323 66.673134 4.975729 5.892333 -110201.547550
163.250301 74.548021 3.032142 5.841780 -110065.287112
