370.889722 23.377962 10.566647 5.221981 -1706238546.211572
276.064700 24.931010 9.122068 9.157873 -1706201970.060794
64.447714 41.421540 8.184614 4.388488 -1706240121.358714
58.224579 44.225143 1.988531 9.034101 -1706240274.553880
327.818536 46.851108 9.471330 4.726003 -1706239030.716316
193.799678 60.857916 6.231607 6.650569 -1706237954.134369
115.370504 82.308472 5.364958 4.516466 -1706240147.822087
335.036946 93.717070 11.394935 6.371161 -1706236963.631199
54.451791 95.810884 8.872579 4.525049 -1706239597.246319
254.540688 116.606095 5.419558 5.109614 -1706239937.591879
269.760502 121.792235 5.419558 5.109614 -1706239937.591879
168.799950 127.867340 9.982795 8.408437 -1706202893.810344
244.555469 154.470758 6.458649 4.960695 -1706239914.422989
16.377470 199.139848 10.018459 7.204080 -1706220771.450635
315.828812 215.460884 10.964223 9.715215 -1704846225.054657
123.089339 222.706243 5.164496 3.014227 -1706240236.045487
185.706591 224.668381 9.288044 5.255258 -1706239260.358248
76.595435 242.419369 11.524408 8.494536 -1704125651.967964
143.195130 242.756763 6.743167 3.926416 -1706239897.633420
29.898802 251.097803 8.239701 3.485015 -1706240250.366207
296.445309 280.236715 11.499487 3.702828 -1706237968.928348
153.616872 295.065433 11.524408 8.494536 -1704125651.967964
67.875509 298.718483 11.524408 8.494536 -1704125651.967964
248.886210 329.973578 8.095553 7.754345 -1706235045.083228
386.431825 345.777195 9.263164 5.932703 -1706230393.928319
38.142749 356.507370 11.524408 8.494536 -1704125651.967964
124.129864 375.053707 11.524408 8.494536 -1704125651.967964
168.545427 391.923157 3.144325 4.860167 -1706240376.467901
