126.284890 220.565273 3.162776 4.587283 -1706240351.303514
122.608829 221.834979 3.093547 3.750138 -1706240298.554454
119.975478 220.662857 8.381697 2.827898 -1706240407.027884
125.629872 226.485048 4.524081 4.631949 -1706240410.569667
121.176710 223.499010 4.032947 4.597791 -1706240258.510814
121.488437 220.563136 4.837335 6.506922 -1706240394.779208
121.554682 220.868112 4.929532 5.208775 -1706240283.283682
120.755947 223.196849 2.538560 4.930437 -1706240341.618820
126.362218 221.520848 5.433970 3.891854 -1706240273.465463
124.228762 226.189953 7.417379 3.481706 -1706240351.824196
123.916900 224.382610 5.164496 3.014227 -1706240236.045487
