151.522587 43.500606 5.547368 9.523286 -112852.838810
143.609907 56.383352 5.547368 9.523286 -112852.838810
81.199969 136.329381 10.214775 8.146401 -108424.737200
32.380524 130.662015 10.214775 8.146401 -108424.737200
69.484786 151.490000 10.214775 8.146401 -108424.737200
14.795254 145.407109 10.214775 8.146401 -108424.737200
94.364739 168.828565 10.214775 8.146401 -108424.737200
70.876972 57.488193 8.622026 7.473923 -112019.219783
33.275168 178.317482 3.829468 3.322381 -114160.244837
120.688650 181.454461 1.389050 6.583436 -114189.472253
132.273165 142.987808 1.019802 6.113067 -114185.528464
135.091370 157.680530 1.211345 3.673614 -114192.616542
96.101543 83.742477 1.978894 3.405750 -114197.354736
