91.864368 36.205232 3.049867 5.780687 -103023.588907
86.455424 37.997358 3.154953 3.125044 -103024.087313
81.791922 30.750847 1.935131 2.552661 -103043.397856
91.301401 34.358284 2.584604 5.932022 -102988.825709
86.648715 30.548272 4.550580 4.192113 -102962.444107
88.865568 38.408047 2.809831 4.255269 -103016.441331
88.454877 37.263645 3.441412 3.188695 -103017.309989
83.482942 33.082735 3.410952 4.345327 -102966.305084
85.283823 32.990776 1.727691 7.939736 -102964.331872
87.837680 34.363756 2.890751 6.357856 -102954.655496
91.626607 31.628809 3.892511 3.584251 -103037.558221
88.579665 33.286089 1.249618 3.792807 -103019.760186
83.661480 27.775713 2.608788 4.806327 -102982.728314
87.531835 34.951330 2.884118 5.556534 -102952.319916
83.723506 28.248977 3.183041 4.765969 -102977.713401
88.051074 29.443003 4.066726 3.652726 -102995.368820
80.893178 28.425631 1.189772 5.801309 -103020.253329
82.709440 36.058854 5.202495 3.203947 -103042.743980
83.253862 26.150164 3.028503 3.389041 -103029.827914
81.651831 30.736657 5.690678 3.101102 -103044.286339
83.433527 29.148852 4.434976 5.004062 -103000.123698
87.636345 34.010694 2.944266 5.628245 -102944.935899
86.426808 34.487568 3.344701 6.380949 -102967.238580
87.987260 33.236386 6.631162 2.493577 -103019.913645
85.246455 29.193811 3.128661 5.093307 -102953.879052
88.558447 33.985700 2.850268 5.755001 -102951.520436
89.647266 23.933002 1.022565 5.358510 -103040.565026
84.092849 30.257379 3.538215 6.032032 -102970.788839
86.414271 29.229446 1.617327 5.457413 -102974.875784
88.234937 30.764979 2.118979 3.683260 -102999.389714
88.315836 36.828263 3.354064 3.625355 -103000.026041
92.223564 37.739813 2.502030 7.408174 -103042.318274
85.314419 32.067565 3.800538 2.249365 -103017.495821
86.396355 31.181667 3.402984 5.657668 -102939.795309
78.496672 27.016702 1.028179 8.669879 -103041.330153
88.235806 37.504216 1.370065 3.566667 -103033.711800
86.889607 29.171213 3.689994 5.022060 -102960.981514
89.582636 34.524002 3.277130 4.094695 -102981.315310
91.694400 31.695045 3.204711 3.732111 -103028.431109
88.547933 31.283550 3.884576 2.979894 -103003.290260
88.837200 30.756682 4.291672 4.218853 -102983.061913
85.480367 32.512589 3.727524 2.288411 -103015.090403
86.717749 25.771433 1.739655 6.684034 -102987.876710
86.427272 26.994432 2.008263 4.046872 -103009.890017
91.475222 35.723479 3.632255 2.686293 -103041.831251
86.607178 27.315882 1.350593 4.990748 -103005.100774
85.954381 26.284820 3.130642 2.795771 -103043.342720
89.242848 27.325357 1.572462 6.420761 -102987.432062
88.245920 31.921893 3.059423 5.981259 -102945.482178
90.789277 34.350060 3.141520 3.802115 -103004.956806
86.635590 26.699182 3.125563 4.995939 -102988.356305
89.139883 32.173256 2.215654 4.514569 -102977.477889
85.961856 25.792638 3.816653 5.078287 -103018.809080
84.972812 36.168641 7.456786 1.541313 -103043.229484
83.637917 36.039941 2.198694 3.510709 -103013.646510
84.981430 36.125846 4.713169 4.931430 -103016.990338
93.248404 38.221734 1.704455 5.029057 -103040.756794
90.996120 30.345944 2.885012 3.824361 -103021.226136
83.328019 26.876003 2.714571 6.439199 -102995.919503
83.488750 28.221343 4.015580 6.066908 -103025.611666
81.853763 29.438944 3.984785 3.469392 -103014.964715
89.694049 39.330934 3.215239 4.487923 -103041.208993
83.520361 34.311883 3.075106 3.051292 -103003.051398
85.514304 35.442088 1.892217 4.526836 -102984.291129
87.194673 28.997441 2.011640 5.034372 -102972.623340
91.026266 36.889266 3.064632 6.075630 -103020.785364
82.883127 35.817604 4.145980 4.610858 -103021.866654
92.595793 29.110053 2.596182 5.084828 -103027.780675
85.318593 35.411028 1.135689 5.854723 -102998.732449
87.103476 30.150879 4.080442 3.303481 -102987.440808
87.027641 38.040094 5.102514 2.875020 -103043.917413
79.981778 30.236231 2.605535 4.941166 -103027.446478
84.711690 25.203124 3.143903 7.030259 -103043.752443
88.995499 35.365524 5.969473 4.124686 -103039.279254
88.856441 27.863565 3.411747 3.696264 -103018.836954
94.167537 29.355288 1.539212 4.922896 -103044.387391
81.918154 32.665425 1.399781 5.024249 -103008.592808
