49.905607 331.575220 11.065940 9.198005 -1704041468.829726
76.033404 259.086640 11.065940 9.198005 -1704041468.829726
153.913858 296.318609 11.065940 9.198005 -1704041468.829726
122.160273 376.822092 11.065940 9.198005 -1704041468.829726
276.435496 24.550204 11.191969 6.964096 -1706197771.168790
315.844749 215.884111 11.815158 6.924176 -1704683480.270577
169.369758 128.565051 9.885837 5.844760 -1706204316.409770
185.777866 224.898641 11.895524 4.156471 -1706238944.723111
248.756345 330.108573 10.589878 3.912074 -1706234731.918699
16.498908 199.028636 11.325446 8.124335 -1706218649.185242
331.261378 49.137327 10.876258 3.621836 -1706239225.217933
193.250035 61.096649 11.692996 5.501797 -1706236265.147282
386.594809 345.688454 11.327299 9.928632 -1706231278.026285
53.349831 96.604309 8.272721 5.397348 -1706239596.538714
334.748485 93.655652 9.417009 6.849714 -1706237057.215816
295.261202 281.048002 10.760022 3.187720 -1706237976.261533
315.156076 41.208961 4.855983 4.102138 -1706240055.871989
243.987500 155.217376 7.129737 3.750288 -1706239855.424194
257.015814 116.263457 5.365930 7.378063 -1706239924.199226
141.384968 243.467779 7.911342 5.081816 -1706239920.702562
372.038594 22.356161 9.635346 3.477308 -1706238163.142628
60.964173 41.347633 9.098765 2.418633 -1706239968.002984
