17.187140 88.749427 5.278797 7.443110 -106427.442222
9.461367 82.439862 4.846181 6.929897 -106667.332337
14.615055 77.950732 2.367952 7.273126 -106788.474019
11.756119 91.971507 1.315312 4.951074 -106789.364791
8.763982 84.303352 3.064462 4.577405 -106732.880532
19.940553 94.098131 3.117085 4.588681 -106787.015789
17.421456 87.341026 1.978369 2.901449 -106782.305716
10.574140 91.745393 3.875071 1.707430 -106883.329842
15.873470 84.256113 1.483454 4.398082 -106760.779509
21.267001 93.039817 4.031765 5.891218 -106735.298357
13.824505 81.953130 2.529205 7.789545 -106596.950677
20.503146 86.173719 2.883735 3.450138 -106777.015612
20.196803 85.707002 5.818727 2.539972 -106798.893634
19.193075 86.101619 4.018963 5.085333 -106531.054527
22.616881 85.241540 5.149011 4.028037 -106842.285716
21.769054 83.833927 5.351334 5.463242 -106803.127488
22.363057 86.773527 6.246001 6.473313 -106834.930400
24.064084 89.986427 2.834674 8.136885 -106745.704300
12.902297 88.514199 4.507231 3.694651 -106491.865501
11.437496 80.495163 2.850710 8.989621 -106662.540399
21.160770 90.680081 2.658528 3.150072 -106830.219431
17.945342 80.831341 5.969529 6.474700 -106870.358909
20.114291 86.594112 2.319528 3.574896 -106777.054488
15.488809 86.461157 5.902680 5.679784 -106273.368258
20.121686 82.879373 4.978577 4.987928 -106747.172932
16.498076 82.333578 3.509385 7.466473 -106572.065808
7.448859 91.664392 1.332934 4.175761 -106884.975111
20.587746 83.338534 5.284615 3.487196 -106832.052042
14.271652 92.787837 4.309136 2.173195 -106833.335853
11.437977 84.635151 2.221696 5.209106 -106654.775526
8.406185 86.299474 2.886238 6.044104 -106642.146957
11.714120 84.924772 6.537696 3.656842 -106564.351498
22.195247 88.612725 4.599937 6.923614 -106683.037150
8.025181 84.473235 6.352464 5.403215 -106760.016793
24.251035 89.006988 3.476761 5.681449 -106804.056412
8.020300 92.323223 2.677183 4.256897 -106843.328260
9.181717 87.029864 2.662618 3.966151 -106745.329856
25.450191 89.701490 2.853300 5.125022 -106875.149189
17.298731 91.527201 3.183921 4.322531 -106615.985688
13.162664 95.659148 3.400554 3.797730 -106865.719836
19.279059 82.445444 6.017871 6.908333 -106825.618756
7.949948 83.506170 2.730393 3.469077 -106857.446179
19.881993 92.130245 6.844621 4.708189 -106691.123426
22.475006 87.170131 5.073100 6.097431 -106722.730437
18.042271 91.819146 5.816814 6.388700 -106541.337858
10.171469 84.966509 2.278822 5.166065 -106679.271439
14.411153 84.038835 3.246415 5.209848 -106533.898158
11.736794 86.892611 6.964752 7.344257 -106603.061616
11.822350 87.851355 2.535186 6.270546 -106529.519161
6.644946 90.957231 1.448926 7.280626 -106787.630601
18.010893 81.921886 3.620592 5.464809 -106683.816614
14.749551 98.360943 2.202725 9.934529 -106762.706495
17.976224 85.406683 4.174245 6.437543 -106447.806596
10.473355 88.860796 2.411378 6.166635 -106596.738505
16.680428 84.364452 5.237351 2.522181 -106711.271656
11.947197 93.618921 2.482515 5.640015 -106711.003050
6.354210 90.991473 3.917383 4.205568 -106881.463185
9.172839 80.190409 5.413805 4.961867 -106855.513961
14.384023 86.503526 1.363406 8.822081 -106639.374127
14.540170 93.415819 3.960662 5.223348 -106607.002002
7.679613 77.169255 2.883947 6.610732 -106870.465686
12.171940 95.264652 4.172465 5.064496 -106802.822166
5.287776 86.261225 5.153927 5.214686 -106883.249495
12.667190 76.936519 3.032930 5.241033 -106882.082848
13.260269 76.286900 1.160797 6.973667 -106869.108159
10.311632 87.961179 3.024232 2.117892 -106844.023122
10.752508 80.073510 4.595773 3.913659 -106835.033727
22.167592 83.884741 4.631602 4.057717 -106852.648897
16.852007 93.386142 3.011038 4.330632 -106706.256385
26.455140 89.739907 1.211128 6.250640 -106882.896581
17.920202 89.366077 2.568461 8.556167 -106522.014864
17.509166 92.798939 3.580456 6.861991 -106558.016252
19.213960 91.905374 4.072370 3.323574 -106733.609982
17.304737 89.227163 2.983712 4.210535 -106577.381790
19.791207 89.901940 3.233923 4.758558 -106619.495643
11.552354 90.032816 2.797500 2.820688 -106768.283250
14.954373 83.177565 2.837906 3.129544 -106773.792761
15.978445 85.630517 5.215471 5.486132 -106335.796630
16.084125 82.638843 5.553118 7.088614 -106607.478775
19.319909 93.228026 6.176690 5.776286 -106727.619946
19.976569 93.950718 3.358266 3.442260 -106837.640537
21.668328 97.556597 1.412967 7.336825 -106853.426060
10.122523 79.564782 1.237711 4.494984 -106878.048078
19.848821 88.327832 2.725701 6.611367 -106565.913113
9.143017 89.137678 4.923314 4.109226 -106663.888516
11.509472 82.637714 6.845346 3.514742 -106744.985304
16.216338 81.551237 2.947054 8.593244 -106620.841086
13.602225 87.264638 6.807634 3.085794 -106438.152828
18.285520 92.023310 1.906904 5.817046 -106686.086832
7.567568 93.220829 4.159634 5.821704 -106849.018810
14.235350 92.059978 3.144971 2.088754 -106843.636272
22.795151 86.156017 4.992249 4.417716 -106805.149697
12.379071 86.560723 5.956632 7.023224 -106420.580700
5.093572 89.731830 4.363808 9.917567 -106842.961408
13.673744 83.898901 4.996400 9.421049 -106716.876175
14.461149 80.792924 1.595895 7.479239 -106718.430767
13.665383 92.326832 3.854302 2.776267 -106761.248642
7.484301 82.626181 6.330275 5.826642 -106883.572980
18.650703 85.885559 6.339458 2.234908 -106747.816236
19.965314 93.744239 3.212446 4.361414 -106782.675207
12.534902 85.477133 5.600016 1.662426 -106825.412359
15.175350 88.595004 5.523063 5.925258 -106269.177000
0.419970 79.449330 1.780496 9.343680 -106853.326517
11.166798 84.679406 2.220763 6.231073 -106611.729968
8.249327 90.417675 2.455290 4.669266 -106776.409565
9.516083 83.259334 2.040995 8.138125 -106644.517043
9.548527 81.450496 3.668325 3.207793 -106863.655011
20.472218 89.746090 10.304094 4.023028 -106774.059827
16.953444 87.879168 4.480683 3.815045 -106469.994786
12.671401 83.305469 2.563521 3.372767 -106780.020625
16.556878 82.146411 5.465321 5.549276 -106617.131051
17.017402 87.251355 5.841808 7.483656 -106461.442981
14.931907 85.117013 4.681089 5.760671 -106363.493538
26.818268 88.397172 2.592329 9.105158 -106847.942996
16.600448 80.752800 2.243754 5.910278 -106739.231267
13.771961 86.488786 2.736773 6.187485 -106476.130628
17.292720 81.730843 1.842936 4.525718 -106802.993593
14.241145 91.013838 3.976161 5.282152 -106451.916917
16.941246 85.597811 5.241492 6.256300 -106374.449104
14.074683 89.734127 2.653871 6.202721 -106498.086918
7.885872 80.387598 3.348044 5.089853 -106825.042069
15.027688 91.496524 2.285850 5.662539 -106603.019656
9.889327 83.412459 5.321491 4.703028 -106659.604830
8.213544 78.291550 2.250800 5.616666 -106851.026561
19.419046 80.142841 3.158392 4.891883 -106859.485923
13.204377 87.602875 3.398138 5.061520 -106451.835408
11.704294 89.472940 5.312499 3.597171 -106533.269536
19.065853 82.349258 6.240434 4.387004 -106784.821799
15.082219 101.723253 1.828062 8.848113 -106866.365462
18.088140 83.642389 8.126370 4.049221 -106659.307685
19.082525 94.990178 5.721305 3.818805 -106863.441820
13.200968 91.192658 5.358127 1.849022 -106799.632505
11.839170 83.784208 4.818101 5.459248 -106499.116195
9.991449 91.820326 7.321265 1.729025 -106879.162885
16.443101 83.571945 3.844070 5.116381 -106544.998464
20.768798 88.001584 3.435292 3.933431 -106704.582337
21.780715 91.044759 5.678873 4.484720 -106756.253765
6.132843 86.431487 3.727380 5.483383 -106772.411745
8.978179 89.757220 2.223602 5.303024 -106718.190399
21.331287 95.176881 3.959537 7.579170 -106829.470764
19.834340 91.698836 6.247305 2.771755 -106777.319046
15.406026 80.809099 4.955273 3.336401 -106819.951537
16.853044 92.865150 7.715375 2.183427 -106793.111650
11.320539 87.785388 3.817155 3.749460 -106597.669176
22.899528 92.583737 2.774929 9.496842 -106739.520298
17.827470 85.027310 4.389764 3.481229 -106625.789782
6.458287 89.275050 4.160368 4.878050 -106811.737571
15.971119 87.583080 5.293873 6.078185 -106283.714782
13.121547 91.289900 3.019694 3.004974 -106739.126586
12.927470 97.002720 4.034684 7.409480 -106846.648840
6.912001 87.139105 4.745350 3.406269 -106848.958498
11.199267 86.512646 1.858538 4.094205 -106739.384314
12.693212 80.074158 3.462610 7.503092 -106676.640357
16.724279 83.155933 4.006547 2.889673 -106763.028748
13.360291 86.392006 4.599031 7.163120 -106364.220415
11.386558 90.157655 4.842640 5.808786 -106460.616171
4.495378 84.751087 4.320116 7.175240 -106826.325740
23.615063 94.214504 2.370357 5.127628 -106881.292985
15.264690 88.269472 5.426151 6.809182 -106318.748261
16.619872 95.967813 4.395576 4.853829 -106821.076696
13.174515 82.525574 6.217083 5.928080 -106571.594546
10.927441 80.635777 5.209620 6.565363 -106746.076458
17.438434 80.858713 4.493746 5.613012 -106738.361482
13.284124 90.615653 2.862114 2.770970 -106750.135979
16.804728 93.730045 3.085886 8.640369 -106605.202008
15.607701 81.836361 1.200098 5.409092 -106800.904116
12.357090 78.886306 3.787572 4.131078 -106848.721532
7.666772 80.489967 2.380995 4.728520 -106848.610552
13.244567 86.058330 4.601373 1.596456 -106823.387740
14.020815 88.451223 1.753083 3.737452 -106723.331604
18.176337 94.022640 4.485752 4.102563 -106741.262311
17.473204 91.179944 4.038656 9.069974 -106575.990222
12.099227 94.774786 1.764223 4.048276 -106860.383797
17.573067 95.502820 4.184454 4.451619 -106811.667125
12.252182 90.002379 4.429477 3.721342 -106553.996480
24.633224 87.491176 1.283662 5.332832 -106867.035439
15.137355 82.253195 2.674155 3.833070 -106757.725742
21.179524 86.510773 2.819880 2.296089 -106880.092235
9.168724 76.473671 1.333137 9.182636 -106823.478097
13.038161 84.843582 2.566340 4.071213 -106666.176125
9.867912 90.930692 6.124498 2.252184 -106813.838653
19.112665 95.714084 3.659762 3.602859 -106878.527781
13.162948 82.912791 9.750136 2.710982 -106804.133894
23.401389 86.060843 4.293997 5.630106 -106789.062562
6.278508 82.927452 2.939038 4.995911 -106826.710672
13.706064 79.906681 3.952511 7.497740 -106704.667595
5.066566 86.944339 4.746510 9.207635 -106844.328571
14.891773 78.178629 2.746575 8.440673 -106767.639889
12.555595 86.608135 5.716404 7.127970 -106409.554126
5.403707 82.556052 1.171983 5.423547 -106877.428482
19.109657 89.496624 1.060005 3.290250 -106859.261395
13.446839 90.248985 2.510074 3.075402 -106732.078462
19.009290 88.835076 5.560654 3.334896 -106584.590561
8.739440 83.987599 7.112309 3.684353 -106821.868484
7.364816 86.647092 6.519744 4.019015 -106822.952113
21.443417 88.927798 3.106947 2.529282 -106854.242182
7.913613 85.075455 1.685032 4.416457 -106826.095353
12.388488 87.731563 4.383819 3.691502 -106519.427438
22.061131 81.137462 1.119645 8.933546 -106813.781666
23.799314 87.968384 1.074361 7.180394 -106818.592786
7.424152 79.461102 3.469194 7.164391 -106808.167364
18.001078 80.110184 1.975949 4.543279 -106857.220430
17.243812 84.028857 4.263394 1.440017 -106872.313208
14.972729 86.838595 5.333844 5.584353 -106273.180637
20.804788 93.409112 3.741862 4.231749 -106798.182344
13.343969 91.102986 6.209853 1.182299 -106873.057875
16.191080 81.351305 4.591386 4.438850 -106719.562967
13.354730 94.892021 4.337860 5.923607 -106715.684349
9.800912 82.469034 4.676573 2.588633 -106881.008615
24.441852 87.455447 4.463744 5.102168 -106860.550210
12.606084 82.506178 6.300967 6.465205 -106620.083464
7.150192 83.801511 6.036792 5.099909 -106841.566993
19.599147 89.176648 1.332798 2.872060 -106864.920382
10.931991 85.104929 2.205117 5.994698 -106621.044760
16.907576 86.770631 3.183332 6.774947 -106434.788858
17.322842 89.405534 5.921467 1.119795 -106865.934166
16.331943 94.792697 6.178059 5.272167 -106768.844059
7.995459 89.779445 5.574256 2.588756 -106855.246137
19.788586 85.350448 6.611700 4.006299 -106633.331788
24.070677 87.597968 2.896809 7.786931 -106742.996614
12.212274 89.945145 3.626012 5.827818 -106464.653351
16.168939 88.011228 3.329515 4.271748 -106504.183193
19.155106 93.977430 4.503650 5.026475 -106723.943879
16.422088 90.623601 3.866550 5.132786 -106452.875126
7.496953 88.254056 2.354384 6.944046 -106680.168127
21.074331 86.086808 4.003973 4.822620 -106663.777715
11.355126 87.139765 1.626855 2.516908 -106854.776722
16.671017 78.259091 2.239864 6.057779 -106838.034508
17.750857 94.974318 5.448005 6.200866 -106780.227204
8.195177 82.861834 3.023722 7.278840 -106660.063936
15.565354 93.392231 3.488898 2.041097 -106871.796451
14.968539 84.872849 4.111605 4.354182 -106494.673542
12.369487 88.247092 8.203903 4.274659 -106325.939508
16.528449 87.616927 1.415810 5.731979 -106680.611541
16.572293 80.682635 1.285931 5.024945 -106838.965476
18.639884 89.461472 4.002007 2.214026 -106788.729358
14.050407 83.814306 2.781031 5.032793 -106596.401039
9.859764 77.960027 3.633847 5.024348 -106868.799178
15.360262 95.990989 2.664890 3.866967 -106864.323647
9.662049 92.293497 6.719723 3.397788 -106822.853130
4.422792 85.116004 3.959942 6.691545 -106820.518011
23.137360 86.492379 2.236828 5.655274 -106775.298987
17.808767 85.990172 5.238941 3.043090 -106605.917315
13.887972 78.933261 1.853840 5.872915 -106805.217523
20.722189 92.240449 4.003997 6.286204 -106659.483671
15.255885 81.094554 4.225351 6.166983 -106641.386861
13.127325 82.503294 6.515428 5.794382 -106586.929017
6.636620 87.745037 4.049584 5.974121 -106726.982098
10.111937 88.678013 5.214125 9.494136 -106765.460195
17.502991 82.430782 4.704146 4.820002 -106651.060731
12.520888 77.526291 4.082354 6.094018 -106876.879839
14.903065 80.224645 4.421909 2.781897 -106876.336809
7.776686 81.656646 2.092114 3.997341 -106868.308264
16.589759 80.868751 5.258296 4.693169 -106763.438866
16.696528 90.684623 4.406401 2.511796 -106706.160799
11.290089 94.691949 4.058665 5.998367 -106753.359306
16.192415 86.735976 4.235391 7.629801 -106390.857272
9.030937 82.614651 2.864095 5.554304 -106709.353251
24.290206 84.586373 1.399189 6.992444 -106827.002343
24.769331 91.438030 3.156633 5.690968 -106855.398806
16.569971 90.880437 6.499731 5.058483 -106372.842194
13.010351 92.563085 2.566866 4.483286 -106699.252779
9.096877 89.966368 1.440258 5.681784 -106769.694305
18.657994 94.017995 2.008571 5.898389 -106740.347715
18.636293 85.249814 4.891715 1.962219 -106822.579346
10.134512 89.286856 1.789749 3.161664 -106825.700966
11.848991 86.291284 4.471817 3.735601 -106557.522155
13.920060 84.945585 4.154948 3.930515 -106539.848305
9.934403 90.687826 5.237277 7.927397 -106669.197080
5.981152 90.472886 2.399609 4.574669 -106864.580178
14.745469 84.228225 6.050693 3.008049 -106614.155111
20.479011 95.450285 4.048096 5.571110 -106839.024037
6.929290 82.331417 1.396535 5.646663 -106836.490758
13.037124 81.651767 6.652105 7.550659 -106876.915677
18.185369 88.131388 4.518253 4.542647 -106448.680050
9.785758 87.306190 7.424483 4.183379 -106585.222638
17.268982 80.072862 1.511831 4.218791 -106876.563882
18.088531 86.965630 4.088245 4.317398 -106503.391108
9.799928 88.513987 4.635561 2.672118 -106757.837865
10.178749 82.952608 2.621559 5.076375 -106705.078185
19.506039 84.369563 4.516992 6.496927 -106575.324381
12.745990 92.253520 2.262068 4.877839 -106692.765390
9.913726 86.554348 2.354316 6.318252 -106608.002229
15.549090 94.435375 7.613395 3.500651 -106817.736049
13.744005 77.485587 2.349836 6.734496 -106816.661364
17.576373 86.227022 5.561487 6.366531 -106384.993589
4.711934 90.864168 3.265241 6.962340 -106825.563418
11.914958 81.445914 5.496551 3.707932 -106771.124595
7.245023 90.172143 2.438171 3.195564 -106878.440393
9.219577 80.832784 4.685087 8.020266 -106789.616589
23.576789 87.250168 2.316114 4.970460 -106812.253712
8.052152 88.370139 6.804519 4.042513 -106767.001519
10.203227 82.075752 5.290874 6.050796 -106669.843534
18.602754 83.284253 5.698223 2.438550 -106819.618837
11.663024 85.495350 8.137161 6.928493 -106742.687547
13.377514 92.171672 1.285021 5.567275 -106757.849505
10.638595 88.443085 5.559213 5.008883 -106463.177744
11.146769 79.753043 4.439488 4.764142 -106798.584081
6.107442 87.483258 3.018618 6.105929 -106746.876391
8.155133 86.098525 1.501838 5.218359 -106790.876921
11.312947 90.880382 10.917110 4.456430 -106750.339659
16.640467 85.251671 4.624063 2.752762 -106661.878252
14.742655 81.603888 6.091731 5.850644 -106654.690630
19.736347 89.866835 3.544596 2.653477 -106790.507132
18.904950 84.707841 5.677714 5.227913 -106536.475063
14.705546 83.308751 6.702336 4.745424 -106500.675221
19.222549 90.743493 2.753444 4.141968 -106691.090693
14.320126 91.194011 4.452751 4.127421 -106509.007229
12.390377 96.100641 1.006380 6.281626 -106853.946263
19.840968 79.549980 2.482721 5.811584 -106854.273769
18.039819 85.770497 3.589317 3.549500 -106642.674043
11.183378 88.994016 2.599515 2.866004 -106772.272599
18.377659 88.422269 3.914024 4.728302 -106486.240809
20.767841 84.610003 2.017748 6.305716 -106710.066943
10.966290 89.436894 3.779241 6.261846 -106483.723429
12.371562 87.884216 3.586706 3.529386 -106596.044349
11.444729 91.209426 6.396416 4.773418 -106537.371418
9.529032 78.203278 1.453744 6.349748 -106839.469764
13.171547 81.801573 3.853942 2.656378 -106846.316740
2.770419 81.612312 1.516559 7.584373 -106849.970019
21.527462 94.632136 4.518667 7.462407 -106863.415859
22.906229 92.934887 4.350943 4.762752 -106863.815503
4.393457 85.776205 4.761200 6.236673 -106880.238981
10.756340 90.991006 6.933923 2.546201 -106740.919756
17.470373 91.651702 4.147680 7.114332 -106492.837829
6.258179 83.150349 4.821921 5.907219 -106826.254610
9.884553 85.415418 4.019108 5.586496 -106548.429481
22.474031 87.008782 4.331390 3.720238 -106803.465049
21.523773 88.333536 3.306302 4.426077 -106711.920387
22.095159 91.366606 7.410164 4.484786 -106882.550549
11.989933 83.135159 2.542301 2.833633 -106841.290297
16.492768 89.431210 3.513746 6.267096 -106410.357741
24.339862 88.833767 2.790244 5.642001 -106805.594482
1.936258 81.833209 2.975794 7.394320 -106868.401060
4.846424 81.570346 1.161570 7.154183 -106846.931659
21.693310 82.757633 2.273664 4.238009 -106860.635629
21.890179 88.804882 1.264337 3.506612 -106875.355698
13.796470 88.746663 2.671544 3.027763 -106697.335395
23.569174 86.861981 5.107136 5.005991 -106832.525310
7.304920 81.884465 4.459671 7.395150 -106772.949331
14.140144 93.839166 3.211554 3.460980 -106786.043780
17.916800 96.272287 1.222841 5.634713 -106854.560454
21.380511 88.992257 3.989520 6.366766 -106605.667351
19.041499 85.195690 7.391225 4.183006 -106572.695205
16.295791 80.022807 3.397980 3.479646 -106864.605879
17.330346 81.194607 2.576746 3.412327 -106850.145309
18.280676 79.680543 4.816153 5.616392 -106884.910019
11.902221 92.932197 7.178699 3.841623 -106722.081125
12.174344 94.064870 4.338254 2.495518 -106878.814489
18.097629 91.469058 4.359743 5.340843 -106507.183574
14.729453 90.239936 4.055082 4.893618 -106424.714525
18.024730 90.858423 6.893970 7.622306 -106766.340130
7.263567 78.791366 3.482937 7.167822 -106838.793931
20.915109 93.649937 1.472019 4.033005 -106872.459468
12.460062 82.297173 8.681402 3.391838 -106787.853687
17.726742 87.586806 5.015583 1.923952 -106765.400384
16.954963 88.777367 1.985215 5.788343 -106597.280826
12.990327 85.433135 5.942942 8.150617 -106597.198787
21.926597 85.159352 5.479752 3.678828 -106824.896770
7.877053 81.814662 6.128372 4.719748 -106884.374722
17.949041 86.374045 4.980155 5.884220 -106389.305831
9.278306 84.399502 4.284189 5.500182 -106609.527035
20.395978 87.445381 5.815492 4.171181 -106599.171023
15.079769 82.451125 3.619919 3.165973 -106767.993354
23.255327 95.273879 2.108659 7.512599 -106819.591542
15.239252 82.030885 4.105264 3.187753 -106773.152264
8.588358 89.196988 3.464371 3.961267 -106745.114506
10.452679 78.256031 1.469913 9.345803 -106769.914047
19.523116 88.418625 3.641709 4.398060 -106588.571835
14.745253 83.528083 2.961832 5.679982 -106554.846409
9.283852 90.943060 1.327053 3.738652 -106859.426340
6.361544 79.372110 2.279220 6.430175 -106833.372814
10.163796 82.783182 2.715013 3.089571 -106850.752749
17.965950 94.474548 3.400327 5.885451 -106689.936518
17.009058 89.848218 9.627274 4.852315 -106396.014570
12.909308 81.139920 4.766885 3.642700 -106775.776095
12.103722 81.805766 5.573892 4.005734 -106718.807967
10.633322 79.912257 4.422621 4.914690 -106793.148657
9.556531 90.728968 5.099764 4.231963 -106676.581123
20.573222 86.759141 4.890819 7.219640 -106597.208155
10.546505 84.225748 5.186758 4.225253 -106623.546942
4.870173 78.331993 2.913915 6.838446 -106882.930676
14.937713 85.734253 4.796479 1.138116 -106871.284506
13.805490 87.593673 4.846985 7.794056 -106397.670019
19.996959 83.613145 6.503235 3.384832 -106803.285497
8.674816 89.484912 2.365515 2.652166 -106863.856572
19.924353 88.395811 1.933363 6.887654 -106638.651820
12.427010 83.645483 6.144790 4.497764 -106528.819412
14.428673 86.730488 6.596574 7.500502 -106501.245904
13.603656 86.339183 4.220069 1.179272 -106875.286155
20.345110 87.606111 3.345165 9.175821 -106598.541331
13.357793 93.890925 2.458527 6.460956 -106666.573931
12.485608 87.475783 1.436249 6.308001 -106669.613281
21.243222 90.195003 3.604188 6.491887 -106618.155909
11.335603 81.821322 6.538375 6.177664 -106730.367323
21.205811 95.109891 3.718082 7.324171 -106801.964266
