183.766157 147.759678 8.419916 1.850699 -102191.735941
182.552330 146.573743 4.312987 4.791924 -102149.637667
182.470453 146.913901 3.769260 3.774343 -102164.787819
181.444237 143.245182 3.266350 3.632993 -102261.313693
185.753930 141.956899 5.083384 2.899491 -102268.541687
187.237024 143.564383 2.166251 4.130491 -102282.011055
183.724746 142.850489 4.563600 4.167911 -102182.784413
182.308290 148.229421 1.747779 4.797556 -102276.843437
180.702652 147.207226 4.198998 2.190929 -102319.815709
184.994944 141.792067 5.740860 3.228393 -102249.577287
186.615657 145.717334 3.191467 6.458335 -102237.206166
185.067598 147.390773 3.615283 2.767182 -102207.549985
183.699951 148.780949 5.157473 3.869323 -102167.830382
181.165600 145.858443 7.180732 2.180618 -102251.960786
185.800255 149.187168 2.756938 3.119775 -102281.431721
183.187532 143.181783 1.706474 4.664762 -102277.606258
185.576163 149.020255 3.281142 5.168404 -102228.126254
187.279983 149.160358 4.523293 2.742824 -102300.672378
181.475203 143.724180 4.761175 3.814606 -102212.699220
185.344308 148.249106 1.947059 4.066398 -102265.424248
183.782195 140.393141 4.116594 4.655727 -102319.308601
184.514515 145.518960 4.711677 2.750483 -102140.674289
184.468966 139.891484 2.583485 6.279569 -102317.392798
182.143957 149.163842 3.983749 3.440696 -102249.824756
182.151218 147.927955 4.693408 4.954703 -102201.526328
182.410580 146.462112 1.028817 4.846448 -102316.357063
183.584486 149.153204 3.592779 2.716596 -102264.749342
184.392479 149.098479 3.253578 2.983646 -102254.375939
181.002926 141.743169 2.518476 4.352012 -102318.259814
185.865017 150.669495 4.779096 3.456249 -102304.434264
188.574051 149.108215 3.300667 5.180471 -102307.520078
184.356613 143.810949 2.503779 5.862080 -102220.844398
185.838537 144.632827 7.555583 4.077991 -102148.889536
185.801134 148.599208 4.723234 2.249596 -102258.929500
182.415345 149.086086 4.807348 4.770419 -102236.789485
185.589804 147.453200 3.667776 5.177107 -102178.536247
184.189261 145.252903 4.808309 2.104922 -102207.516705
179.031062 147.166143 3.002195 5.204940 -102304.704421
181.053398 146.199970 2.821250 4.119232 -102236.113706
181.859751 143.379803 6.581614 4.454881 -102257.501629
188.022321 145.074193 2.804389 4.207772 -102261.830159
184.880133 144.909943 4.050245 4.856753 -102138.413325
182.472732 147.270722 5.512208 2.847697 -102159.920497
185.644852 140.530475 2.307616 6.137701 -102300.832404
182.399979 150.661368 4.137513 4.961715 -102317.071857
180.265124 147.626232 3.603792 4.723281 -102258.691202
