134.095221 183.233820 4.898468 4.799834 -105461.796507
132.768217 181.940522 6.161397 4.467986 -105401.730729
130.493169 183.388847 4.768980 5.638661 -105444.604528
129.174749 182.475110 4.868472 4.921853 -105467.064501
132.749173 182.017800 5.266086 3.639754 -105428.906920
131.054499 184.675198 4.848432 5.544887 -105451.814232
131.771844 182.952241 4.600873 5.062740 -105410.824008
130.033272 182.501503 5.219996 4.938526 -105430.388058
132.963300 183.484951 6.579147 4.248173 -105399.849829
132.292831 182.530495 3.944144 5.160296 -105434.750599
132.670848 182.839079 4.749467 3.526705 -105447.954000
132.787283 184.390058 5.527965 3.493501 -105443.318821
130.647540 183.428626 7.700476 4.813663 -105458.566069
132.972661 183.508185 5.902175 3.950359 -105405.461326
131.032220 186.058037 5.310939 4.437176 -105463.279062
131.789146 183.235288 4.099473 5.616760 -105437.513331
130.914646 184.438813 4.053418 5.410318 -105448.196760
131.343149 182.691763 6.039547 5.115440 -105414.997531
132.006931 182.651608 4.820358 4.410471 -105403.177294
129.939712 182.464159 3.832959 5.801278 -105468.169568
131.805330 182.955148 4.902413 5.341883 -105417.194216
131.466961 180.412083 4.792043 5.203694 -105458.926427
133.026797 180.864485 8.166620 3.298518 -105445.189917
