6.000000 0.000000 4.000000 81045.000000 246.341626
9.000000 3.000000 1.000000 152250.000000 378.678626
7.000000 2.000000 3.000000 145579.000000 365.416063
7.000000 0.000000 3.000000 73946.000000 221.941502
9.000000 1.000000 1.000000 108204.000000 298.778000
7.000000 0.000000 3.000000 84638.000000 252.973870
7.000000 5.000000 3.000000 216314.000000 484.059819
8.000000 0.000000 2.000000 83080.000000 244.801355
7.000000 8.000000 3.000000 181376.000000 428.583509
9.000000 9.000000 1.000000 83084.000000 251.823944
9.000000 1.000000 1.000000 160154.000000 402.492576
8.000000 1.000000 2.000000 96927.000000 276.578659
8.000000 9.000000 2.000000 93522.000000 263.721396
8.000000 4.000000 2.000000 72109.000000 219.929580
8.000000 0.000000 2.000000 88402.000000 255.290635
7.000000 0.000000 3.000000 90816.000000 257.908862
7.000000 1.000000 3.000000 83616.000000 247.175278
7.000000 12.000000 3.000000 77131.000000 234.470408
6.000000 17.000000 4.000000 60127.000000 193.431938
9.000000 5.000000 1.000000 98730.000000 279.649585
9.000000 4.000000 1.000000 135355.000000 351.697582
9.000000 3.000000 1.000000 179546.000000 427.729934
8.000000 1.000000 2.000000 215258.000000 494.659231
8.000000 17.000000 2.000000 118895.000000 326.530824
8.000000 1.000000 2.000000 72041.000000 222.145335
6.000000 4.000000 4.000000 77857.000000 238.343172
6.000000 6.000000 4.000000 87331.000000 257.269893
6.000000 6.000000 4.000000 148373.000000 369.604799
7.000000 2.000000 3.000000 81757.000000 246.259103
7.000000 4.000000 3.000000 120147.000000 322.295175
7.000000 3.000000 3.000000 108345.000000 301.841569
8.000000 0.000000 2.000000 75902.000000 228.345060
7.000000 7.000000 3.000000 83788.000000 252.735082
7.000000 0.000000 3.000000 95575.000000 269.343748
7.000000 3.000000 3.000000 119283.000000 345.223705
7.000000 2.000000 3.000000 81518.000000 242.036086
10.000000 1.000000 0.000000 106516.000000 293.238999
6.000000 0.000000 4.000000 101535.000000 282.166366
8.000000 2.000000 2.000000 92934.000000 258.971003
9.000000 4.000000 1.000000 91114.000000 259.619191
8.000000 0.000000 2.000000 117707.000000 295.122431
6.000000 14.000000 4.000000 146250.000000 348.770389
5.000000 0.000000 5.000000 122661.000000 308.056433
7.000000 5.000000 3.000000 106381.000000 275.375548
7.000000 0.000000 3.000000 72462.000000 207.770790
8.000000 1.000000 2.000000 109615.000000 279.299941
7.000000 0.000000 3.000000 85427.000000 232.266300
8.000000 1.000000 2.000000 98993.000000 259.984828
7.000000 0.000000 3.000000 93496.000000 251.342057
9.000000 2.000000 1.000000 119618.000000 303.130950
