5.000000 1.000000 5.000000 65892.000000 213.480121
7.000000 0.000000 3.000000 83649.000000 265.568223
5.000000 0.000000 5.000000 91990.000000 279.294962
6.000000 0.000000 4.000000 240565.000000 620.380543
8.000000 0.000000 2.000000 91193.000000 273.362013
7.000000 1.000000 3.000000 65161.000000 207.268815
8.000000 0.000000 2.000000 59812.000000 189.829878
6.000000 0.000000 4.000000 134032.000000 359.187692
6.000000 7.000000 4.000000 58542.000000 190.049208
7.000000 0.000000 3.000000 72976.000000 223.837752
6.000000 0.000000 4.000000 75182.000000 234.904000
8.000000 0.000000 2.000000 79085.000000 238.411877
9.000000 0.000000 1.000000 69724.000000 216.330907
7.000000 3.000000 3.000000 67452.000000 214.988350
8.000000 3.000000 2.000000 80298.000000 244.536881
8.000000 0.000000 2.000000 62208.000000 199.402493
6.000000 0.000000 4.000000 96701.000000 294.455916
5.000000 0.000000 5.000000 85795.000000 259.811152
8.000000 0.000000 2.000000 57797.000000 184.575790
7.000000 0.000000 3.000000 68855.000000 202.365568
5.000000 0.000000 5.000000 138176.000000 407.743022
8.000000 0.000000 2.000000 73843.000000 230.443643
9.000000 0.000000 1.000000 123143.000000 344.981064
6.000000 0.000000 4.000000 185958.000000 478.889091
8.000000 0.000000 2.000000 117927.000000 335.464140
6.000000 0.000000 4.000000 101895.000000 298.640942
6.000000 0.000000 4.000000 116991.000000 340.668498
4.000000 0.000000 6.000000 93361.000000 312.308059
6.000000 0.000000 4.000000 102682.000000 298.717151
8.000000 1.000000 2.000000 74174.000000 229.465002
7.000000 0.000000 3.000000 67656.000000 213.294231
7.000000 0.000000 3.000000 81611.000000 249.971461
8.000000 6.000000 2.000000 98992.000000 287.500914
6.000000 0.000000 4.000000 112437.000000 325.395582
7.000000 1.000000 3.000000 80802.000000 244.202358
7.000000 0.000000 3.000000 61809.000000 199.355376
7.000000 0.000000 3.000000 111075.000000 321.742947
6.000000 0.000000 4.000000 96577.000000 286.204149
9.000000 0.000000 1.000000 103543.000000 299.735555
9.000000 0.000000 1.000000 99859.000000 289.486072
7.000000 0.000000 3.000000 102058.000000 300.946188
4.000000 0.000000 6.000000 123416.000000 360.715682
5.000000 0.000000 5.000000 93562.000000 283.728626
4.000000 0.000000 6.000000 112703.000000 351.497013
6.000000 0.000000 4.000000 65591.000000 213.886671
8.000000 0.000000 2.000000 84819.000000 257.819080
5.000000 0.000000 5.000000 145120.000000 405.077890
7.000000 0.000000 3.000000 90172.000000 263.804812
5.000000 0.000000 5.000000 85462.000000 264.040163
8.000000 0.000000 2.000000 104046.000000 281.135610
8.000000 0.000000 2.000000 55663.000000 164.833840
7.000000 0.000000 3.000000 92004.000000 256.883359
8.000000 0.000000 2.000000 64678.000000 190.238715
6.000000 2.000000 4.000000 70949.000000 204.768896
5.000000 0.000000 5.000000 159532.000000 393.026234
6.000000 0.000000 4.000000 130809.000000 342.871794
6.000000 0.000000 4.000000 77585.000000 222.491966
5.000000 0.000000 5.000000 118948.000000 317.562187
6.000000 0.000000 4.000000 188903.000000 456.812081
7.000000 1.000000 3.000000 83505.000000 230.654963
6.000000 0.000000 4.000000 96167.000000 256.746149
7.000000 0.000000 3.000000 95624.000000 260.393098
7.000000 0.000000 3.000000 86989.000000 242.117943
4.000000 0.000000 6.000000 99510.000000 287.923363
5.000000 4.000000 5.000000 69919.000000 199.379269
8.000000 0.000000 2.000000 65741.000000 192.598107
6.000000 2.000000 4.000000 74979.000000 211.675660
5.000000 0.000000 5.000000 142609.000000 351.798447
8.000000 0.000000 2.000000 79994.000000 225.569900
6.000000 0.000000 4.000000 140498.000000 352.416994
5.000000 0.000000 5.000000 98445.000000 276.924987
8.000000 0.000000 2.000000 134464.000000 343.270061
7.000000 0.000000 3.000000 60337.000000 178.180079
5.000000 0.000000 5.000000 73165.000000 212.288589
5.000000 0.000000 5.000000 84816.000000 244.147219
8.000000 0.000000 2.000000 70460.000000 201.023668
6.000000 0.000000 4.000000 88208.000000 248.557560
5.000000 2.000000 5.000000 83814.000000 232.214681
6.000000 0.000000 4.000000 72548.000000 209.356335
6.000000 0.000000 4.000000 156733.000000 407.543883
4.000000 0.000000 6.000000 66761.000000 195.410339
6.000000 0.000000 4.000000 62717.000000 185.055429
6.000000 0.000000 4.000000 87851.000000 242.679494
8.000000 0.000000 2.000000 75945.000000 217.784372
7.000000 0.000000 3.000000 124392.000000 327.094299
6.000000 4.000000 4.000000 53784.000000 161.767478
6.000000 0.000000 4.000000 77697.000000 221.615342
6.000000 0.000000 4.000000 136270.000000 347.571586
7.000000 0.000000 3.000000 132236.000000 334.060953
7.000000 0.000000 3.000000 64013.000000 188.965300
6.000000 0.000000 4.000000 94642.000000 269.433088
7.000000 3.000000 3.000000 88714.000000 242.018670
4.000000 0.000000 6.000000 121375.000000 332.182957
5.000000 1.000000 5.000000 60258.000000 180.576620
8.000000 2.000000 2.000000 57436.000000 170.075732
7.000000 0.000000 3.000000 136506.000000 336.694823
5.000000 0.000000 5.000000 86460.000000 244.701864
9.000000 0.000000 1.000000 79293.000000 221.839843
8.000000 0.000000 2.000000 84458.000000 234.873697
7.000000 0.000000 3.000000 248423.000000 536.369604
