6.000000 0.000000 4.000000 55440.000000 217.334769
8.000000 4.000000 2.000000 68545.000000 399.722841
9.000000 1.000000 1.000000 82341.000000 588.483961
8.000000 6.000000 2.000000 43319.000000 337.614448
9.000000 0.000000 1.000000 68678.000000 488.294544
7.000000 0.000000 3.000000 48123.000000 372.366271
4.000000 0.000000 6.000000 94169.000000 641.552080
5.000000 0.000000 5.000000 59623.000000 453.052955
7.000000 0.000000 3.000000 68232.000000 503.708510
4.000000 0.000000 6.000000 54275.000000 372.338905
9.000000 0.000000 1.000000 98017.000000 588.714925
8.000000 0.000000 2.000000 61555.000000 404.313968
7.000000 2.000000 3.000000 51819.000000 351.832570
8.000000 2.000000 2.000000 50938.000000 345.277774
7.000000 0.000000 3.000000 53382.000000 360.880627
6.000000 0.000000 4.000000 62499.000000 414.106703
7.000000 0.000000 3.000000 61292.000000 408.082182
7.000000 5.000000 3.000000 53276.000000 369.277423
8.000000 8.000000 2.000000 37045.000000 273.379474
8.000000 1.000000 2.000000 59791.000000 408.006976
9.000000 4.000000 1.000000 64001.000000 414.659884
8.000000 4.000000 2.000000 67159.000000 445.164123
7.000000 1.000000 3.000000 92146.000000 557.430745
7.000000 0.000000 3.000000 87634.000000 522.738771
7.000000 0.000000 3.000000 42562.000000 291.049282
5.000000 0.000000 5.000000 49602.000000 336.832227
7.000000 6.000000 3.000000 49931.000000 340.431892
8.000000 0.000000 2.000000 68677.000000 449.046207
5.000000 2.000000 5.000000 57910.000000 388.830771
5.000000 0.000000 5.000000 61240.000000 390.849452
7.000000 0.000000 3.000000 84372.000000 515.774511
8.000000 1.000000 2.000000 50688.000000 347.870481
6.000000 0.000000 4.000000 64977.000000 429.607845
7.000000 0.000000 3.000000 64850.000000 418.031082
5.000000 3.000000 5.000000 43453.000000 303.454282
6.000000 0.000000 4.000000 61472.000000 405.718104
8.000000 0.000000 2.000000 49518.000000 343.303820
6.000000 0.000000 4.000000 56223.000000 371.040959
8.000000 4.000000 2.000000 50667.000000 339.211194
8.000000 0.000000 2.000000 55550.000000 369.642643
8.000000 0.000000 2.000000 58729.000000 385.572895
5.000000 4.000000 5.000000 77888.000000 466.941466
6.000000 0.000000 4.000000 56836.000000 386.241636
6.000000 0.000000 4.000000 60573.000000 407.744416
8.000000 0.000000 2.000000 52853.000000 361.749855
6.000000 0.000000 4.000000 55287.000000 381.727791
5.000000 1.000000 5.000000 57817.000000 369.157890
8.000000 0.000000 2.000000 63833.000000 410.103524
8.000000 0.000000 2.000000 49825.000000 350.067420
9.000000 0.000000 1.000000 85717.000000 516.061208
