6.000000 5.000000 4.000000 67562.000000 448.885515
8.000000 0.000000 2.000000 86184.000000 696.208709
8.000000 0.000000 2.000000 108853.000000 795.125449
7.000000 0.000000 3.000000 65088.000000 540.320072
6.000000 0.000000 4.000000 83652.000000 657.651649
7.000000 1.000000 3.000000 60738.000000 526.449415
6.000000 1.000000 4.000000 110558.000000 723.626320
7.000000 0.000000 3.000000 63206.000000 463.389323
7.000000 6.000000 3.000000 85240.000000 591.217862
6.000000 0.000000 4.000000 62708.000000 476.664936
10.000000 0.000000 0.000000 114101.000000 743.144916
8.000000 0.000000 2.000000 73578.000000 530.189881
8.000000 3.000000 2.000000 75636.000000 537.853769
8.000000 0.000000 2.000000 69792.000000 511.027984
8.000000 1.000000 2.000000 66029.000000 484.941706
6.000000 0.000000 4.000000 75706.000000 543.482093
7.000000 0.000000 3.000000 77680.000000 552.315975
6.000000 6.000000 4.000000 66112.000000 483.827320
8.000000 10.000000 2.000000 49703.000000 384.436741
8.000000 0.000000 2.000000 77143.000000 550.540051
9.000000 0.000000 1.000000 86539.000000 591.537881
5.000000 0.000000 5.000000 99926.000000 678.293578
8.000000 0.000000 2.000000 119028.000000 766.188466
8.000000 0.000000 2.000000 96432.000000 641.985354
6.000000 0.000000 4.000000 58287.000000 435.353742
4.000000 3.000000 6.000000 61301.000000 451.041311
6.000000 2.000000 4.000000 66649.000000 485.618466
7.000000 2.000000 3.000000 88612.000000 577.603940
7.000000 2.000000 3.000000 65207.000000 484.243762
7.000000 1.000000 3.000000 73864.000000 519.250032
7.000000 0.000000 3.000000 85742.000000 586.998355
7.000000 1.000000 3.000000 67102.000000 497.223195
6.000000 0.000000 4.000000 76766.000000 555.207692
7.000000 0.000000 3.000000 83778.000000 579.603966
4.000000 0.000000 6.000000 89011.000000 642.714879
7.000000 1.000000 3.000000 68244.000000 485.942093
8.000000 2.000000 2.000000 66607.000000 430.424692
6.000000 2.000000 4.000000 70383.000000 440.831335
9.000000 6.000000 1.000000 63293.000000 387.055068
9.000000 0.000000 1.000000 67668.000000 392.530487
8.000000 1.000000 2.000000 71074.000000 408.072980
6.000000 6.000000 4.000000 90362.000000 476.388147
6.000000 0.000000 4.000000 70308.000000 390.309883
6.000000 2.000000 4.000000 72685.000000 419.164377
7.000000 0.000000 3.000000 71777.000000 389.563522
8.000000 2.000000 2.000000 64884.000000 370.002186
8.000000 0.000000 2.000000 64048.000000 349.579744
8.000000 0.000000 2.000000 75003.000000 412.970071
9.000000 2.000000 1.000000 59044.000000 334.709103
9.000000 1.000000 1.000000 100332.000000 485.976315
