5.000000 0.000000 5.000000 97947.000000 244.585386
7.000000 0.000000 3.000000 98138.000000 234.212060
6.000000 1.000000 4.000000 78423.000000 195.901954
8.000000 0.000000 2.000000 57516.000000 151.780294
7.000000 0.000000 3.000000 84228.000000 210.421803
6.000000 0.000000 4.000000 67912.000000 170.685946
5.000000 0.000000 5.000000 69706.000000 176.219838
7.000000 0.000000 3.000000 100261.000000 242.043392
4.000000 1.000000 6.000000 58712.000000 154.818666
5.000000 0.000000 5.000000 99723.000000 240.757769
5.000000 1.000000 5.000000 50138.000000 133.551265
7.000000 0.000000 3.000000 44952.000000 124.015060
7.000000 0.000000 3.000000 60270.000000 158.592909
5.000000 5.000000 5.000000 65434.000000 172.040566
8.000000 0.000000 2.000000 77652.000000 193.110201
9.000000 2.000000 1.000000 57220.000000 151.593335
6.000000 2.000000 4.000000 65190.000000 165.920039
7.000000 0.000000 3.000000 62627.000000 167.561515
7.000000 0.000000 3.000000 84629.000000 216.057957
5.000000 0.000000 5.000000 88599.000000 212.506820
7.000000 2.000000 3.000000 52382.000000 139.938744
8.000000 0.000000 2.000000 58407.000000 150.189322
7.000000 0.000000 3.000000 52482.000000 141.790562
6.000000 0.000000 4.000000 53707.000000 141.001474
7.000000 0.000000 3.000000 150570.000000 348.045461
7.000000 0.000000 3.000000 78499.000000 193.598766
5.000000 0.000000 5.000000 89946.000000 230.227001
6.000000 0.000000 4.000000 100156.000000 241.937599
7.000000 1.000000 3.000000 115266.000000 263.833738
6.000000 0.000000 4.000000 78413.000000 197.385679
6.000000 0.000000 4.000000 58011.000000 154.687151
6.000000 0.000000 4.000000 74901.000000 191.054121
9.000000 1.000000 1.000000 58416.000000 153.457811
7.000000 4.000000 3.000000 56410.000000 150.202280
7.000000 0.000000 3.000000 86625.000000 226.863784
7.000000 2.000000 3.000000 77260.000000 191.806178
9.000000 0.000000 1.000000 57615.000000 154.781240
8.000000 0.000000 2.000000 51084.000000 140.251285
9.000000 0.000000 1.000000 80754.000000 201.837756
6.000000 0.000000 4.000000 87466.000000 218.832465
5.000000 0.000000 5.000000 106317.000000 260.481142
6.000000 0.000000 4.000000 56750.000000 150.563269
7.000000 0.000000 3.000000 121796.000000 280.215201
5.000000 0.000000 5.000000 61214.000000 164.331830
3.000000 0.000000 7.000000 112204.000000 291.073643
5.000000 0.000000 5.000000 92193.000000 232.258944
7.000000 0.000000 3.000000 60318.000000 158.312529
8.000000 0.000000 2.000000 135112.000000 308.450029
8.000000 0.000000 2.000000 155675.000000 343.478393
8.000000 0.000000 2.000000 55133.000000 148.915984
7.000000 0.000000 3.000000 50833.000000 137.307566
7.000000 0.000000 3.000000 50479.000000 137.624442
7.000000 0.000000 3.000000 57248.000000 153.811478
6.000000 0.000000 4.000000 92017.000000 224.916122
4.000000 0.000000 6.000000 150943.000000 348.619239
6.000000 0.000000 4.000000 76613.000000 193.480567
7.000000 0.000000 3.000000 59918.000000 161.399802
5.000000 0.000000 5.000000 86561.000000 243.352601
6.000000 0.000000 4.000000 59148.000000 158.440877
7.000000 3.000000 3.000000 43064.000000 118.231352
7.000000 0.000000 3.000000 56612.000000 152.132105
7.000000 0.000000 3.000000 76107.000000 196.370418
6.000000 0.000000 4.000000 56882.000000 150.835699
4.000000 0.000000 6.000000 98275.000000 246.817503
6.000000 0.000000 4.000000 98828.000000 238.365669
6.000000 0.000000 4.000000 77216.000000 199.932739
7.000000 0.000000 3.000000 90712.000000 225.671576
8.000000 0.000000 2.000000 71440.000000 184.112565
6.000000 0.000000 4.000000 65147.000000 166.884462
5.000000 0.000000 5.000000 43908.000000 122.077823
7.000000 0.000000 3.000000 97904.000000 234.904384
5.000000 0.000000 5.000000 50544.000000 139.738450
7.000000 0.000000 3.000000 73912.000000 188.425031
6.000000 0.000000 4.000000 65681.000000 169.274162
6.000000 0.000000 4.000000 49518.000000 137.397170
7.000000 1.000000 3.000000 58313.000000 154.275797
4.000000 0.000000 6.000000 301472.000000 656.517705
6.000000 0.000000 4.000000 128202.000000 310.931152
6.000000 3.000000 4.000000 51248.000000 139.036202
7.000000 1.000000 3.000000 64122.000000 166.847208
7.000000 0.000000 3.000000 67058.000000 173.348059
8.000000 2.000000 2.000000 40655.000000 111.415222
5.000000 0.000000 5.000000 78282.000000 199.927390
5.000000 6.000000 5.000000 61328.000000 162.040781
6.000000 0.000000 4.000000 89102.000000 217.029423
4.000000 6.000000 6.000000 48567.000000 131.936315
7.000000 0.000000 3.000000 66004.000000 169.694526
6.000000 0.000000 4.000000 51054.000000 140.623425
7.000000 0.000000 3.000000 79374.000000 197.201020
7.000000 0.000000 3.000000 86873.000000 220.589174
6.000000 0.000000 4.000000 140788.000000 323.210889
8.000000 3.000000 2.000000 71973.000000 181.699225
8.000000 0.000000 2.000000 80700.000000 203.979416
9.000000 0.000000 1.000000 69876.000000 178.527426
6.000000 0.000000 4.000000 75679.000000 190.619415
7.000000 0.000000 3.000000 48861.000000 134.084639
6.000000 0.000000 4.000000 77780.000000 200.108355
7.000000 0.000000 3.000000 89296.000000 223.596825
6.000000 0.000000 4.000000 146229.000000 351.529766
5.000000 0.000000 5.000000 63302.000000 168.615105
