5.000000 0.000000 5.000000 138112.000000 341.136221
8.000000 10.000000 2.000000 129114.000000 312.639307
7.000000 1.000000 3.000000 122734.000000 303.573160
7.000000 0.000000 3.000000 159257.000000 388.075829
7.000000 0.000000 3.000000 93388.000000 297.787716
6.000000 3.000000 4.000000 64213.000000 367.323983
5.000000 10.000000 5.000000 190319.000000 1097.458363
5.000000 0.000000 5.000000 104425.000000 722.681425
5.000000 1.000000 5.000000 143211.000000 871.701979
4.000000 14.000000 6.000000 60417.000000 475.497951
9.000000 4.000000 1.000000 123674.000000 736.533433
7.000000 0.000000 3.000000 117018.000000 682.348918
5.000000 0.000000 5.000000 136086.000000 795.111740
8.000000 0.000000 2.000000 69973.000000 453.709607
8.000000 0.000000 2.000000 91118.000000 561.131667
6.000000 0.000000 4.000000 202364.000000 1107.901863
7.000000 0.000000 3.000000 81131.000000 514.340075
7.000000 5.000000 3.000000 65784.000000 437.311837
4.000000 0.000000 6.000000 99048.000000 673.887361
7.000000 0.000000 3.000000 126335.000000 742.185737
8.000000 9.000000 2.000000 119148.000000 672.596113
6.000000 8.000000 4.000000 154206.000000 823.692678
8.000000 4.000000 2.000000 188420.000000 953.298551
8.000000 2.000000 2.000000 122067.000000 687.894843
5.000000 0.000000 5.000000 71821.000000 470.318365
4.000000 0.000000 6.000000 86333.000000 566.112087
7.000000 3.000000 3.000000 74244.000000 476.482059
5.000000 0.000000 5.000000 235219.000000 1198.790445
6.000000 0.000000 4.000000 71382.000000 481.421594
7.000000 6.000000 3.000000 95470.000000 566.477193
6.000000 0.000000 4.000000 180539.000000 959.125026
7.000000 2.000000 3.000000 56039.000000 389.020400
6.000000 0.000000 4.000000 84181.000000 531.111949
6.000000 0.000000 4.000000 110634.000000 649.044173
4.000000 0.000000 6.000000 123781.000000 722.785682
7.000000 14.000000 3.000000 63802.000000 370.084831
6.000000 0.000000 4.000000 158324.000000 770.057218
6.000000 0.000000 4.000000 81890.000000 382.687177
8.000000 9.000000 2.000000 85742.000000 417.077427
8.000000 2.000000 2.000000 78603.000000 381.434651
5.000000 0.000000 5.000000 169606.000000 715.260757
7.000000 11.000000 3.000000 129091.000000 556.798161
6.000000 0.000000 4.000000 113403.000000 523.766040
5.000000 4.000000 5.000000 90407.000000 445.380116
7.000000 0.000000 3.000000 82014.000000 388.250256
8.000000 2.000000 2.000000 90558.000000 429.068036
6.000000 0.000000 4.000000 78629.000000 276.182277
8.000000 0.000000 2.000000 88352.000000 234.477758
7.000000 3.000000 3.000000 66834.000000 188.935988
8.000000 1.000000 2.000000 103808.000000 260.886438
