5.000000 0.000000 5.000000 125010.000000 934.767969
7.000000 1.000000 3.000000 87122.000000 668.851773
7.000000 1.000000 3.000000 104017.000000 780.571648
7.000000 0.000000 3.000000 111682.000000 856.375989
7.000000 0.000000 3.000000 85219.000000 628.920086
8.000000 0.000000 2.000000 65325.000000 488.839812
5.000000 0.000000 5.000000 123221.000000 785.228755
5.000000 0.000000 5.000000 100900.000000 724.216281
6.000000 0.000000 4.000000 84053.000000 607.212395
4.000000 0.000000 6.000000 65695.000000 500.785294
8.000000 11.000000 2.000000 105287.000000 720.352484
7.000000 0.000000 3.000000 92502.000000 636.419791
5.000000 0.000000 5.000000 114720.000000 836.926842
6.000000 0.000000 4.000000 125035.000000 866.917710
7.000000 0.000000 3.000000 81825.000000 591.045098
6.000000 0.000000 4.000000 188616.000000 1187.947018
6.000000 0.000000 4.000000 171029.000000 1062.078115
7.000000 5.000000 3.000000 66553.000000 491.168575
4.000000 0.000000 6.000000 104654.000000 780.588636
7.000000 0.000000 3.000000 85723.000000 613.215125
8.000000 1.000000 2.000000 87318.000000 627.733528
4.000000 0.000000 6.000000 126045.000000 857.470076
8.000000 0.000000 2.000000 143894.000000 902.988991
7.000000 0.000000 3.000000 108818.000000 726.588333
6.000000 0.000000 4.000000 73999.000000 549.811545
4.000000 0.000000 6.000000 85615.000000 616.626558
6.000000 0.000000 4.000000 89260.000000 622.739983
5.000000 0.000000 5.000000 149734.000000 858.570400
6.000000 0.000000 4.000000 72315.000000 486.943519
6.000000 0.000000 4.000000 78364.000000 440.501725
6.000000 0.000000 4.000000 163626.000000 793.533477
7.000000 0.000000 3.000000 63902.000000 366.418071
5.000000 0.000000 5.000000 106763.000000 557.849141
6.000000 0.000000 4.000000 97069.000000 532.916598
4.000000 0.000000 6.000000 109144.000000 596.360786
5.000000 0.000000 5.000000 148830.000000 753.450831
6.000000 0.000000 4.000000 126124.000000 609.075252
5.000000 0.000000 5.000000 103905.000000 318.157552
8.000000 0.000000 2.000000 63772.000000 205.028075
5.000000 0.000000 5.000000 92216.000000 286.769182
5.000000 0.000000 5.000000 119965.000000 336.939169
5.000000 13.000000 5.000000 92466.000000 259.891486
6.000000 0.000000 4.000000 70656.000000 217.842261
6.000000 2.000000 4.000000 73736.000000 217.379235
7.000000 0.000000 3.000000 87829.000000 253.773286
5.000000 0.000000 5.000000 76795.000000 240.032855
5.000000 0.000000 5.000000 90871.000000 268.312001
8.000000 0.000000 2.000000 77539.000000 231.720683
6.000000 0.000000 4.000000 63453.000000 194.298040
8.000000 1.000000 2.000000 90115.000000 254.268825
