6.000000 0.000000 4.000000 72328.000000 583.946950
7.000000 2.000000 3.000000 89700.000000 695.617400
8.000000 1.000000 2.000000 101814.000000 760.172642
7.000000 0.000000 3.000000 64759.000000 549.264363
6.000000 0.000000 4.000000 85431.000000 663.865249
6.000000 2.000000 4.000000 57868.000000 484.508871
5.000000 1.000000 5.000000 113902.000000 731.755064
7.000000 0.000000 3.000000 63650.000000 469.613907
6.000000 1.000000 4.000000 87479.000000 605.823696
4.000000 3.000000 6.000000 65594.000000 484.431971
9.000000 6.000000 1.000000 105547.000000 708.036094
7.000000 0.000000 3.000000 72825.000000 519.819709
5.000000 0.000000 5.000000 72807.000000 534.269899
8.000000 2.000000 2.000000 65946.000000 486.491236
8.000000 0.000000 2.000000 70376.000000 515.720097
6.000000 0.000000 4.000000 82733.000000 581.102690
8.000000 0.000000 2.000000 77930.000000 563.168201
9.000000 1.000000 1.000000 66069.000000 467.709015
5.000000 0.000000 5.000000 78360.000000 583.804035
7.000000 0.000000 3.000000 76320.000000 546.006281
8.000000 5.000000 2.000000 89189.000000 598.726266
5.000000 0.000000 5.000000 81399.000000 594.293714
8.000000 0.000000 2.000000 119868.000000 773.352138
8.000000 1.000000 2.000000 94663.000000 632.011789
7.000000 0.000000 3.000000 60143.000000 442.324807
4.000000 1.000000 6.000000 61719.000000 463.028201
7.000000 0.000000 3.000000 71835.000000 519.734303
6.000000 0.000000 4.000000 87015.000000 608.811414
6.000000 0.000000 4.000000 70533.000000 508.464852
6.000000 0.000000 4.000000 75593.000000 549.102121
7.000000 0.000000 3.000000 96695.000000 674.263071
7.000000 0.000000 3.000000 67065.000000 492.250462
6.000000 0.000000 4.000000 75961.000000 541.207970
7.000000 0.000000 3.000000 80924.000000 568.087986
4.000000 9.000000 6.000000 84897.000000 619.293902
6.000000 1.000000 4.000000 63775.000000 420.303458
7.000000 1.000000 3.000000 66646.000000 444.232319
6.000000 0.000000 4.000000 70286.000000 416.759710
8.000000 0.000000 2.000000 64344.000000 379.994366
7.000000 0.000000 3.000000 67522.000000 390.996104
6.000000 0.000000 4.000000 71119.000000 407.790293
7.000000 7.000000 3.000000 92437.000000 484.794207
6.000000 0.000000 4.000000 74100.000000 403.229754
6.000000 2.000000 4.000000 72952.000000 419.674631
7.000000 0.000000 3.000000 64066.000000 375.250495
7.000000 0.000000 3.000000 63732.000000 355.261368
7.000000 1.000000 3.000000 64792.000000 387.096582
8.000000 0.000000 2.000000 75765.000000 426.792561
7.000000 0.000000 3.000000 61859.000000 337.583051
8.000000 0.000000 2.000000 100299.000000 287.903962
