6.000000 0.000000 4.000000 61176.000000 417.061521
7.000000 1.000000 3.000000 69240.000000 526.257385
7.000000 1.000000 3.000000 82754.000000 594.798259
7.000000 0.000000 3.000000 43035.000000 342.521520
6.000000 0.000000 4.000000 66802.000000 501.224105
7.000000 3.000000 3.000000 45070.000000 359.778249
5.000000 0.000000 5.000000 93183.000000 644.215684
5.000000 0.000000 5.000000 60672.000000 459.014164
6.000000 0.000000 4.000000 68308.000000 460.355797
5.000000 13.000000 5.000000 45962.000000 334.256394
9.000000 0.000000 1.000000 97896.000000 613.319044
7.000000 0.000000 3.000000 61419.000000 413.223567
5.000000 0.000000 5.000000 54900.000000 391.342389
7.000000 0.000000 3.000000 61488.000000 422.092085
8.000000 0.000000 2.000000 58418.000000 400.917374
7.000000 0.000000 3.000000 63998.000000 433.530287
8.000000 0.000000 2.000000 60953.000000 412.265610
7.000000 0.000000 3.000000 58348.000000 406.780383
5.000000 0.000000 5.000000 63568.000000 454.607110
7.000000 0.000000 3.000000 60851.000000 420.666851
7.000000 0.000000 3.000000 71088.000000 467.163703
4.000000 0.000000 6.000000 69431.000000 478.231790
9.000000 7.000000 1.000000 95846.000000 589.395764
8.000000 3.000000 2.000000 79679.000000 508.353509
7.000000 0.000000 3.000000 46343.000000 327.003015
4.000000 0.000000 6.000000 53246.000000 373.223076
7.000000 0.000000 3.000000 58259.000000 396.883832
6.000000 3.000000 4.000000 71614.000000 469.351859
7.000000 0.000000 3.000000 52957.000000 378.159574
6.000000 0.000000 4.000000 58741.000000 399.639982
7.000000 4.000000 3.000000 60258.000000 410.099154
7.000000 0.000000 3.000000 54969.000000 365.853841
6.000000 0.000000 4.000000 54605.000000 388.773277
7.000000 0.000000 3.000000 63491.000000 426.977281
4.000000 0.000000 6.000000 66757.000000 474.747976
6.000000 0.000000 4.000000 60339.000000 413.150583
7.000000 1.000000 3.000000 49740.000000 352.269207
6.000000 0.000000 4.000000 58281.000000 398.193922
8.000000 0.000000 2.000000 49161.000000 342.130327
7.000000 0.000000 3.000000 53744.000000 385.347630
6.000000 0.000000 4.000000 59062.000000 407.995785
7.000000 12.000000 3.000000 74585.000000 482.794907
5.000000 0.000000 5.000000 58444.000000 393.346854
7.000000 0.000000 3.000000 61066.000000 410.542721
7.000000 0.000000 3.000000 53810.000000 363.114263
6.000000 0.000000 4.000000 54962.000000 381.438732
6.000000 0.000000 4.000000 56764.000000 370.560095
8.000000 0.000000 2.000000 63522.000000 379.375858
7.000000 1.000000 3.000000 46325.000000 295.599574
8.000000 0.000000 2.000000 72284.000000 425.219938
