1.000000 5.000000 9.000000
8.000000 4.000000 2.000000
8.000000 0.000000 2.000000
9.000000 12.000000 1.000000
7.000000 0.000000 3.000000
5.000000 0.000000 5.000000
5.000000 2.000000 5.000000
5.000000 2.000000 5.000000
8.000000 3.000000 2.000000
7.000000 0.000000 3.000000
7.000000 0.000000 3.000000
7.000000 0.000000 3.000000
8.000000 4.000000 2.000000
9.000000 81.000000 1.000000
7.000000 0.000000 3.000000
7.000000 3.000000 3.000000
7.000000 1.000000 3.000000
6.000000 2.000000 4.000000
5.000000 1.000000 5.000000
8.000000 0.000000 2.000000
9.000000 0.000000 1.000000
7.000000 2.000000 3.000000
6.000000 0.000000 4.000000
8.000000 1.000000 2.000000
4.000000 1.000000 6.000000
5.000000 1.000000 5.000000
9.000000 4.000000 1.000000
7.000000 0.000000 3.000000
6.000000 1.000000 4.000000
6.000000 0.000000 4.000000
8.000000 1.000000 2.000000
7.000000 1.000000 3.000000
7.000000 1.000000 3.000000
6.000000 6.000000 4.000000
5.000000 1.000000 5.000000
4.000000 56.000000 6.000000
7.000000 1.000000 3.000000
6.000000 1.000000 4.000000
8.000000 2.000000 2.000000
6.000000 1.000000 4.000000
9.000000 0.000000 1.000000
8.000000 0.000000 2.000000
8.000000 2.000000 2.000000
8.000000 48.000000 2.000000
5.000000 1.000000 5.000000
8.000000 2.000000 2.000000
7.000000 2.000000 3.000000
7.000000 5.000000 3.000000
7.000000 2.000000 3.000000
5.000000 0.000000 5.000000
7.000000 2.000000 3.000000
7.000000 0.000000 3.000000
9.000000 6.000000 1.000000
7.000000 1.000000 3.000000
4.000000 0.000000 6.000000
7.000000 1.000000 3.000000
7.000000 2.000000 3.000000
6.000000 1.000000 4.000000
5.000000 0.000000 5.000000
8.000000 1.000000 2.000000
9.000000 13.000000 1.000000
7.000000 0.000000 3.000000
8.000000 1.000000 2.000000
6.000000 3.000000 4.000000
9.000000 1.000000 1.000000
9.000000 3.000000 1.000000
4.000000 0.000000 6.000000
5.000000 0.000000 5.000000
6.000000 0.000000 4.000000
7.000000 0.000000 3.000000
7.000000 1.000000 3.000000
6.000000 0.000000 4.000000
7.000000 1.000000 3.000000
6.000000 1.000000 4.000000
7.000000 3.000000 3.000000
