7.000000 1.000000 3.000000 244.939336
8.000000 4.000000 2.000000 193.740055
6.000000 1.000000 4.000000 238.108355
6.000000 1.000000 4.000000 237.642820
7.000000 1.000000 3.000000 280.998059
7.000000 0.000000 3.000000 366.823251
9.000000 1.000000 1.000000 191.151890
5.000000 0.000000 5.000000 552.887588
5.000000 0.000000 5.000000 403.841368
10.000000 1.000000 0.000000 190.443754
7.000000 0.000000 3.000000 333.420993
7.000000 1.000000 3.000000 188.617232
8.000000 1.000000 2.000000 277.680453
6.000000 0.000000 4.000000 382.915877
7.000000 4.000000 3.000000 205.959519
6.000000 0.000000 4.000000 180.519778
8.000000 0.000000 2.000000 168.750655
6.000000 0.000000 4.000000 315.702286
8.000000 1.000000 2.000000 159.624340
8.000000 1.000000 2.000000 263.764111
7.000000 0.000000 3.000000 288.418644
7.000000 0.000000 3.000000 215.345873
8.000000 2.000000 2.000000 159.897671
8.000000 4.000000 2.000000 233.804823
9.000000 2.000000 1.000000 192.656731
6.000000 0.000000 4.000000 179.296849
6.000000 1.000000 4.000000 171.268020
8.000000 0.000000 2.000000 179.366766
6.000000 1.000000 4.000000 148.787495
7.000000 1.000000 3.000000 243.160841
6.000000 1.000000 4.000000 231.004116
8.000000 2.000000 2.000000 226.174629
8.000000 1.000000 2.000000 170.126791
8.000000 0.000000 2.000000 183.863235
7.000000 1.000000 3.000000 206.083523
3.000000 0.000000 7.000000 383.422805
6.000000 3.000000 4.000000 191.814763
6.000000 0.000000 4.000000 238.632124
7.000000 0.000000 3.000000 242.303575
9.000000 3.000000 1.000000 143.358854
7.000000 2.000000 3.000000 231.919098
7.000000 2.000000 3.000000 254.930971
5.000000 0.000000 5.000000 342.882071
5.000000 3.000000 5.000000 171.383385
5.000000 1.000000 5.000000 218.848193
6.000000 2.000000 4.000000 197.550095
6.000000 1.000000 4.000000 185.826325
7.000000 6.000000 3.000000 131.325122
8.000000 5.000000 2.000000 182.982966
7.000000 0.000000 3.000000 185.176953
6.000000 1.000000 4.000000 189.049423
8.000000 0.000000 2.000000 229.410826
6.000000 1.000000 4.000000 243.402244
4.000000 0.000000 6.000000 265.785309
7.000000 1.000000 3.000000 200.336948
6.000000 0.000000 4.000000 205.402788
7.000000 2.000000 3.000000 149.473912
6.000000 0.000000 4.000000 163.477000
9.000000 1.000000 1.000000 143.891227
7.000000 1.000000 3.000000 217.289948
8.000000 2.000000 2.000000 232.554270
6.000000 0.000000 4.000000 289.774346
8.000000 18.000000 2.000000 140.566495
6.000000 1.000000 4.000000 214.247329
9.000000 2.000000 1.000000 262.866997
10.000000 1.000000 0.000000 456.188804
8.000000 1.000000 2.000000 167.144630
6.000000 0.000000 4.000000 376.899094
9.000000 4.000000 1.000000 152.576859
6.000000 8.000000 4.000000 242.715286
5.000000 0.000000 5.000000 196.022069
9.000000 0.000000 1.000000 220.964562
6.000000 1.000000 4.000000 185.929593
5.000000 0.000000 5.000000 272.960582
6.000000 0.000000 4.000000 490.842571
5.000000 0.000000 5.000000 254.173733
6.000000 1.000000 4.000000 169.160948
7.000000 0.000000 3.000000 199.547646
7.000000 1.000000 3.000000 206.044730
7.000000 2.000000 3.000000 212.090296
10.000000 2.000000 0.000000 183.360558
8.000000 0.000000 2.000000 306.513566
5.000000 0.000000 5.000000 222.802256
5.000000 0.000000 5.000000 195.349736
9.000000 2.000000 1.000000 182.290215
6.000000 5.000000 4.000000 208.136750
6.000000 0.000000 4.000000 144.958088
8.000000 4.000000 2.000000 140.928437
9.000000 3.000000 1.000000 183.535795
8.000000 22.000000 2.000000 174.811635
6.000000 2.000000 4.000000 150.934808
5.000000 3.000000 5.000000 176.980961
7.000000 3.000000 3.000000 222.627126
6.000000 1.000000 4.000000 238.174822
10.000000 5.000000 0.000000 187.174945
6.000000 0.000000 4.000000 196.051702
5.000000 1.000000 5.000000 169.250332
4.000000 0.000000 6.000000 386.565887
7.000000 0.000000 3.000000 229.612739
8.000000 5.000000 2.000000 168.470102
