6.000000 1.000000 4.000000 64558.000000 184.915226
8.000000 3.000000 2.000000 123060.000000 306.794121
7.000000 10.000000 3.000000 112779.000000 287.775573
7.000000 0.000000 3.000000 61638.000000 181.742604
8.000000 4.000000 2.000000 75741.000000 206.330292
8.000000 0.000000 2.000000 72107.000000 200.549021
6.000000 8.000000 4.000000 173426.000000 388.840677
6.000000 1.000000 4.000000 60691.000000 179.274580
6.000000 5.000000 4.000000 146566.000000 346.756129
5.000000 6.000000 5.000000 65220.000000 198.153110
9.000000 13.000000 1.000000 130614.000000 323.449362
7.000000 1.000000 3.000000 72657.000000 208.087925
5.000000 2.000000 5.000000 70564.000000 201.600768
7.000000 5.000000 3.000000 61512.000000 184.050942
8.000000 1.000000 2.000000 77246.000000 216.042659
8.000000 0.000000 2.000000 70474.000000 204.945653
7.000000 1.000000 3.000000 67623.000000 196.340275
7.000000 1.000000 3.000000 66353.000000 195.146375
5.000000 7.000000 5.000000 47778.000000 151.281451
8.000000 9.000000 2.000000 76235.000000 220.795354
7.000000 2.000000 3.000000 127267.000000 318.737721
6.000000 5.000000 4.000000 148760.000000 356.379421
8.000000 1.000000 2.000000 224338.000000 488.958689
8.000000 2.000000 2.000000 125162.000000 323.931593
7.000000 0.000000 3.000000 54965.000000 168.610966
4.000000 0.000000 6.000000 61757.000000 187.803256
6.000000 13.000000 4.000000 70277.000000 203.397196
6.000000 0.000000 4.000000 139751.000000 345.292166
7.000000 1.000000 3.000000 64387.000000 197.196490
6.000000 0.000000 4.000000 90806.000000 248.674144
7.000000 10.000000 3.000000 82200.000000 234.248655
7.000000 4.000000 3.000000 56563.000000 171.211935
6.000000 4.000000 4.000000 67778.000000 198.278969
7.000000 0.000000 3.000000 77174.000000 213.348202
5.000000 10.000000 5.000000 102416.000000 283.276101
6.000000 8.000000 4.000000 63296.000000 184.705958
8.000000 8.000000 2.000000 74349.000000 210.643108
6.000000 0.000000 4.000000 81995.000000 225.743790
7.000000 0.000000 3.000000 94941.000000 305.340204
8.000000 1.000000 2.000000 72447.000000 238.109979
6.000000 0.000000 4.000000 91778.000000 300.144309
6.000000 15.000000 4.000000 132693.000000 481.782433
7.000000 6.000000 3.000000 100753.000000 400.423852
6.000000 4.000000 4.000000 88778.000000 351.491621
7.000000 0.000000 3.000000 67153.000000 292.961723
8.000000 0.000000 2.000000 83209.000000 348.229508
7.000000 0.000000 3.000000 75194.000000 308.681193
8.000000 1.000000 2.000000 79237.000000 326.846534
7.000000 0.000000 3.000000 72020.000000 310.565800
8.000000 5.000000 2.000000 92865.000000 382.477391
