7.000000 7.000000 3.000000 61813.000000 180.384277
7.000000 2.000000 3.000000 135342.000000 330.793461
7.000000 31.000000 3.000000 108562.000000 279.125901
7.000000 0.000000 3.000000 60989.000000 174.630801
8.000000 0.000000 2.000000 77834.000000 266.289138
7.000000 2.000000 3.000000 63546.000000 214.777672
6.000000 6.000000 4.000000 182461.000000 531.927542
6.000000 0.000000 4.000000 59813.000000 265.151986
5.000000 1.000000 5.000000 161200.000000 553.705170
5.000000 8.000000 5.000000 60944.000000 278.818729
7.000000 23.000000 3.000000 114674.000000 432.135825
7.000000 0.000000 3.000000 77805.000000 335.649989
5.000000 0.000000 5.000000 91051.000000 378.737786
8.000000 2.000000 2.000000 60926.000000 275.419542
8.000000 2.000000 2.000000 69382.000000 296.571972
7.000000 0.000000 3.000000 77107.000000 288.409667
7.000000 0.000000 3.000000 70902.000000 256.469380
8.000000 10.000000 2.000000 66705.000000 242.664825
4.000000 6.000000 6.000000 46832.000000 184.444067
7.000000 7.000000 3.000000 76998.000000 270.738110
8.000000 15.000000 2.000000 127482.000000 389.768410
6.000000 7.000000 4.000000 160671.000000 461.814107
8.000000 2.000000 2.000000 211756.000000 581.392744
8.000000 2.000000 2.000000 128772.000000 400.635293
7.000000 0.000000 3.000000 53247.000000 198.548415
4.000000 0.000000 6.000000 60993.000000 223.827298
7.000000 0.000000 3.000000 74222.000000 263.402648
6.000000 0.000000 4.000000 144760.000000 434.212208
7.000000 1.000000 3.000000 63883.000000 233.504566
6.000000 0.000000 4.000000 94632.000000 314.719559
7.000000 5.000000 3.000000 76452.000000 264.044926
7.000000 0.000000 3.000000 62300.000000 229.841255
6.000000 0.000000 4.000000 72608.000000 266.328731
7.000000 0.000000 3.000000 78816.000000 271.589033
5.000000 7.000000 5.000000 97143.000000 344.039164
7.000000 9.000000 3.000000 64566.000000 234.856189
7.000000 3.000000 3.000000 84970.000000 288.241073
6.000000 0.000000 4.000000 80078.000000 246.231443
7.000000 0.000000 3.000000 90884.000000 237.852681
7.000000 0.000000 3.000000 76923.000000 212.833315
6.000000 0.000000 4.000000 104983.000000 263.213875
5.000000 18.000000 5.000000 137448.000000 327.717082
6.000000 0.000000 4.000000 99872.000000 265.083516
7.000000 4.000000 3.000000 87594.000000 234.573945
7.000000 0.000000 3.000000 58144.000000 172.539065
8.000000 0.000000 2.000000 96244.000000 252.497281
6.000000 0.000000 4.000000 79733.000000 216.182715
8.000000 1.000000 2.000000 96440.000000 246.611026
7.000000 2.000000 3.000000 73574.000000 210.436956
8.000000 8.000000 2.000000 91126.000000 247.790513
