5.000000 0.000000 5.000000 102571.000000 717.145372
7.000000 0.000000 3.000000 77514.000000 562.047982
7.000000 0.000000 3.000000 129571.000000 854.275997
7.000000 0.000000 3.000000 80915.000000 581.036509
8.000000 0.000000 2.000000 60744.000000 455.549232
7.000000 0.000000 3.000000 48551.000000 384.941953
5.000000 2.000000 5.000000 88378.000000 561.978601
5.000000 0.000000 5.000000 78113.000000 518.146840
6.000000 0.000000 4.000000 74717.000000 490.918333
4.000000 0.000000 6.000000 52878.000000 366.751679
8.000000 0.000000 2.000000 147069.000000 831.096451
7.000000 0.000000 3.000000 68726.000000 444.905222
5.000000 0.000000 5.000000 153385.000000 910.458392
6.000000 0.000000 4.000000 94461.000000 599.910577
8.000000 0.000000 2.000000 63608.000000 421.232910
6.000000 0.000000 4.000000 141088.000000 837.119987
8.000000 0.000000 2.000000 61135.000000 410.006915
6.000000 0.000000 4.000000 203763.000000 1154.922684
4.000000 0.000000 6.000000 115908.000000 746.274477
7.000000 0.000000 3.000000 70631.000000 466.843644
6.000000 0.000000 4.000000 81601.000000 521.001308
4.000000 0.000000 6.000000 102111.000000 684.534783
8.000000 1.000000 2.000000 101356.000000 606.909688
8.000000 0.000000 2.000000 79304.000000 511.087686
5.000000 0.000000 5.000000 58496.000000 403.363741
4.000000 0.000000 6.000000 63641.000000 447.685941
7.000000 0.000000 3.000000 54794.000000 374.742915
5.000000 0.000000 5.000000 138088.000000 819.889610
5.000000 0.000000 5.000000 71297.000000 485.743247
6.000000 0.000000 4.000000 61721.000000 407.203583
6.000000 0.000000 4.000000 121372.000000 718.013797
7.000000 0.000000 3.000000 61435.000000 416.342934
5.000000 0.000000 5.000000 82763.000000 544.710232
6.000000 0.000000 4.000000 77938.000000 494.975411
4.000000 0.000000 6.000000 95608.000000 594.467469
5.000000 0.000000 5.000000 109193.000000 592.243164
7.000000 1.000000 3.000000 50510.000000 301.012851
5.000000 0.000000 5.000000 78402.000000 403.155164
9.000000 4.000000 1.000000 52194.000000 276.119943
5.000000 0.000000 5.000000 74262.000000 370.600011
6.000000 0.000000 4.000000 66320.000000 348.060272
5.000000 8.000000 5.000000 75296.000000 368.627358
6.000000 0.000000 4.000000 59154.000000 313.706810
7.000000 1.000000 3.000000 60529.000000 319.539990
8.000000 0.000000 2.000000 70750.000000 368.265834
6.000000 0.000000 4.000000 55363.000000 295.566133
5.000000 0.000000 5.000000 74219.000000 374.233281
8.000000 0.000000 2.000000 62506.000000 316.012001
6.000000 0.000000 4.000000 49272.000000 264.356809
8.000000 2.000000 2.000000 72429.000000 368.427504
