4.000000 0.000000 6.000000 140.635089
8.000000 2.000000 2.000000 59.984875
4.000000 1.000000 6.000000 107.903923
7.000000 2.000000 3.000000 79.799341
7.000000 1.000000 3.000000 102.400411
4.000000 0.000000 6.000000 147.909285
5.000000 0.000000 5.000000 75.118377
3.000000 0.000000 7.000000 101.857459
8.000000 1.000000 2.000000 66.282173
5.000000 1.000000 5.000000 113.231781
7.000000 3.000000 3.000000 91.211948
6.000000 0.000000 4.000000 100.436424
5.000000 3.000000 5.000000 93.714951
3.000000 0.000000 7.000000 95.433293
5.000000 1.000000 5.000000 144.645104
6.000000 1.000000 4.000000 57.714955
6.000000 1.000000 4.000000 109.941599
4.000000 1.000000 6.000000 66.983491
5.000000 0.000000 5.000000 89.877425
5.000000 0.000000 5.000000 50.940426
7.000000 1.000000 3.000000 86.159343
7.000000 4.000000 3.000000 63.457842
6.000000 0.000000 4.000000 147.565535
4.000000 0.000000 6.000000 177.939927
5.000000 3.000000 5.000000 76.513948
4.000000 2.000000 6.000000 79.782900
7.000000 3.000000 3.000000 70.501772
5.000000 1.000000 5.000000 68.527681
3.000000 1.000000 7.000000 129.732277
6.000000 0.000000 4.000000 56.484408
7.000000 0.000000 3.000000 147.004247
4.000000 0.000000 6.000000 101.225241
6.000000 1.000000 4.000000 173.023427
8.000000 2.000000 2.000000 77.731541
5.000000 0.000000 5.000000 67.227079
6.000000 0.000000 4.000000 93.969425
7.000000 0.000000 3.000000 86.885576
7.000000 0.000000 3.000000 95.769889
6.000000 0.000000 4.000000 303.677541
5.000000 0.000000 5.000000 71.731809
6.000000 0.000000 4.000000 185.491429
5.000000 1.000000 5.000000 55.218722
7.000000 1.000000 3.000000 88.793116
7.000000 2.000000 3.000000 101.006564
6.000000 0.000000 4.000000 93.952661
6.000000 1.000000 4.000000 61.271374
7.000000 1.000000 3.000000 66.123146
7.000000 1.000000 3.000000 123.035431
8.000000 4.000000 2.000000 71.474622
4.000000 0.000000 6.000000 83.477261
6.000000 0.000000 4.000000 145.217414
6.000000 3.000000 4.000000 60.429085
8.000000 2.000000 2.000000 60.833710
6.000000 2.000000 4.000000 113.563242
8.000000 5.000000 2.000000 77.455895
6.000000 4.000000 4.000000 68.234037
6.000000 1.000000 4.000000 94.605022
8.000000 14.000000 2.000000 77.035553
7.000000 1.000000 3.000000 58.099601
4.000000 0.000000 6.000000 130.277134
5.000000 0.000000 5.000000 81.956930
7.000000 2.000000 3.000000 77.607078
7.000000 1.000000 3.000000 95.054238
5.000000 1.000000 5.000000 97.759590
5.000000 3.000000 5.000000 95.602774
6.000000 2.000000 4.000000 64.667681
5.000000 2.000000 5.000000 76.459002
5.000000 0.000000 5.000000 96.782500
3.000000 1.000000 7.000000 122.289736
4.000000 0.000000 6.000000 276.744504
5.000000 2.000000 5.000000 65.241438
5.000000 0.000000 5.000000 176.440905
8.000000 1.000000 2.000000 92.010714
6.000000 0.000000 4.000000 89.771746
5.000000 1.000000 5.000000 64.741628
7.000000 2.000000 3.000000 108.097946
6.000000 1.000000 4.000000 74.737868
8.000000 1.000000 2.000000 76.068165
9.000000 5.000000 1.000000 89.662611
5.000000 0.000000 5.000000 113.184305
6.000000 0.000000 4.000000 57.703992
6.000000 0.000000 4.000000 142.131533
4.000000 1.000000 6.000000 93.237458
4.000000 1.000000 6.000000 79.787249
6.000000 0.000000 4.000000 90.788668
6.000000 0.000000 4.000000 87.994373
7.000000 1.000000 3.000000 95.575764
6.000000 4.000000 4.000000 66.100634
6.000000 2.000000 4.000000 77.841035
8.000000 3.000000 2.000000 71.354529
5.000000 0.000000 5.000000 300.272352
5.000000 1.000000 5.000000 88.296259
8.000000 1.000000 2.000000 89.944301
7.000000 2.000000 3.000000 72.396602
7.000000 1.000000 3.000000 59.914050
7.000000 4.000000 3.000000 57.262645
5.000000 0.000000 5.000000 85.426787
8.000000 0.000000 2.000000 94.968979
4.000000 0.000000 6.000000 101.200320
6.000000 0.000000 4.000000 79.524191
