6.000000 0.000000 4.000000 89799.000000 265.512789
7.000000 2.000000 3.000000 146214.000000 388.390791
7.000000 1.000000 3.000000 140099.000000 408.870516
7.000000 4.000000 3.000000 72884.000000 287.611572
8.000000 8.000000 2.000000 95941.000000 347.514198
7.000000 0.000000 3.000000 89765.000000 418.360900
5.000000 3.000000 5.000000 218626.000000 771.862616
6.000000 0.000000 4.000000 83615.000000 397.761945
6.000000 11.000000 4.000000 162963.000000 626.010228
4.000000 4.000000 6.000000 77870.000000 391.098821
9.000000 21.000000 1.000000 148353.000000 599.372280
6.000000 1.000000 4.000000 97399.000000 379.024527
5.000000 0.000000 5.000000 100943.000000 391.379464
8.000000 2.000000 2.000000 76644.000000 319.476133
7.000000 1.000000 3.000000 92229.000000 348.058546
7.000000 0.000000 3.000000 90065.000000 343.286788
8.000000 1.000000 2.000000 82843.000000 327.850992
8.000000 10.000000 2.000000 83423.000000 333.728625
5.000000 0.000000 5.000000 95401.000000 395.701986
7.000000 0.000000 3.000000 116024.000000 416.783445
8.000000 22.000000 2.000000 140538.000000 479.993507
6.000000 0.000000 4.000000 159718.000000 518.223978
9.000000 6.000000 1.000000 225774.000000 668.002443
8.000000 5.000000 2.000000 132531.000000 455.653939
6.000000 2.000000 4.000000 68268.000000 277.170951
4.000000 0.000000 6.000000 78871.000000 323.335674
6.000000 8.000000 4.000000 89076.000000 342.221154
6.000000 0.000000 4.000000 171050.000000 498.535979
7.000000 0.000000 3.000000 83674.000000 269.606284
7.000000 6.000000 3.000000 111099.000000 321.423719
7.000000 4.000000 3.000000 111866.000000 321.695052
7.000000 4.000000 3.000000 75900.000000 242.677363
6.000000 13.000000 4.000000 92713.000000 284.233557
7.000000 0.000000 3.000000 98950.000000 294.944679
5.000000 3.000000 5.000000 115883.000000 355.718198
6.000000 7.000000 4.000000 80923.000000 253.306961
7.000000 2.000000 3.000000 96289.000000 288.364509
6.000000 0.000000 4.000000 104286.000000 302.536994
9.000000 8.000000 1.000000 94785.000000 277.018834
8.000000 1.000000 2.000000 99488.000000 283.627930
6.000000 7.000000 4.000000 109981.000000 309.935824
5.000000 17.000000 5.000000 168226.000000 448.408060
6.000000 1.000000 4.000000 110095.000000 327.602359
7.000000 3.000000 3.000000 110316.000000 314.628734
7.000000 2.000000 3.000000 66838.000000 281.134512
8.000000 6.000000 2.000000 99527.000000 703.199736
7.000000 0.000000 3.000000 86007.000000 682.753917
8.000000 0.000000 2.000000 109016.000000 803.798314
7.000000 5.000000 3.000000 85479.000000 699.385718
8.000000 4.000000 2.000000 129249.000000 926.994117
