5.000000 0.000000 5.000000 163351.000000 448.850936
7.000000 2.000000 3.000000 185324.000000 444.883570
7.000000 1.000000 3.000000 152001.000000 387.535512
7.000000 3.000000 3.000000 74261.000000 258.456342
8.000000 0.000000 2.000000 111805.000000 614.010438
7.000000 0.000000 3.000000 89466.000000 690.989189
6.000000 5.000000 4.000000 226748.000000 1298.218588
5.000000 0.000000 5.000000 132961.000000 965.922204
6.000000 4.000000 4.000000 219229.000000 1179.483620
3.000000 9.000000 7.000000 82230.000000 573.761173
9.000000 16.000000 1.000000 156291.000000 896.480858
7.000000 0.000000 3.000000 151675.000000 898.098550
6.000000 2.000000 4.000000 93497.000000 612.752056
8.000000 2.000000 2.000000 78044.000000 560.899931
7.000000 0.000000 3.000000 123171.000000 771.142928
6.000000 0.000000 4.000000 166802.000000 982.926572
8.000000 0.000000 2.000000 84316.000000 585.423412
7.000000 3.000000 3.000000 88021.000000 600.228788
4.000000 0.000000 6.000000 100344.000000 710.521551
7.000000 0.000000 3.000000 145155.000000 892.067976
6.000000 3.000000 4.000000 146832.000000 862.889940
6.000000 5.000000 4.000000 181518.000000 1008.470221
8.000000 1.000000 2.000000 229622.000000 1188.884350
8.000000 1.000000 2.000000 156231.000000 899.195540
6.000000 0.000000 4.000000 94707.000000 642.259976
4.000000 0.000000 6.000000 104494.000000 707.115336
6.000000 7.000000 4.000000 84638.000000 584.292559
6.000000 0.000000 4.000000 211401.000000 1153.995805
8.000000 12.000000 2.000000 77609.000000 521.447714
7.000000 5.000000 3.000000 108459.000000 617.331432
7.000000 6.000000 3.000000 107529.000000 598.029274
7.000000 3.000000 3.000000 75722.000000 415.733062
5.000000 0.000000 5.000000 132659.000000 656.127941
6.000000 0.000000 4.000000 124958.000000 603.017358
5.000000 5.000000 5.000000 112889.000000 598.158746
7.000000 12.000000 3.000000 80629.000000 436.541156
7.000000 0.000000 3.000000 140971.000000 706.633021
5.000000 1.000000 5.000000 106068.000000 531.971946
8.000000 0.000000 2.000000 98388.000000 456.087311
8.000000 8.000000 2.000000 91274.000000 272.417638
6.000000 1.000000 4.000000 100253.000000 284.793639
6.000000 21.000000 4.000000 155171.000000 392.628316
7.000000 6.000000 3.000000 113277.000000 298.617013
7.000000 10.000000 3.000000 99243.000000 264.403285
7.000000 0.000000 3.000000 104511.000000 285.659712
7.000000 0.000000 3.000000 131244.000000 327.479243
7.000000 0.000000 3.000000 91701.000000 251.378435
8.000000 0.000000 2.000000 100662.000000 265.272613
7.000000 0.000000 3.000000 88340.000000 241.660619
8.000000 6.000000 2.000000 118093.000000 303.096387
