150.414507 91.587797 4.204577 3.857771 -103575.909899
152.066784 93.611921 2.092735 5.420979 -103582.906428
152.079418 91.696462 3.126332 4.712000 -103550.497979
157.923363 92.635007 3.785928 4.925714 -103599.356838
156.809535 94.147811 3.255124 3.978391 -103592.220994
157.046520 94.211199 2.785697 4.233354 -103599.322488
152.542796 94.032960 3.054392 3.782330 -103582.534929
154.896820 90.297448 3.915288 5.960597 -103588.594821
153.811772 91.190072 4.044456 4.818697 -103540.886292
156.439638 90.054597 2.474667 5.997480 -103585.250124
152.668457 93.563160 2.984182 4.152022 -103567.528866
154.041394 92.250997 1.936487 5.569492 -103576.420469
154.834529 92.378834 2.051844 5.057927 -103577.792213
154.636775 90.594589 6.118887 2.872551 -103579.059427
153.353272 90.645260 5.286668 4.991470 -103582.475801
151.657454 90.193917 4.231623 3.405902 -103577.210937
150.725276 93.896958 3.388521 5.616103 -103592.485708
156.732139 92.725929 4.029011 5.371236 -103586.383621
153.988821 92.635962 3.112028 5.494731 -103549.192331
155.374296 91.869169 4.072179 4.375129 -103547.333216
154.675597 89.806904 3.995255 4.522633 -103567.917960
156.365819 90.158432 2.893658 4.398899 -103591.687410
153.820833 90.935864 2.508292 5.438841 -103559.825070
151.221778 94.679801 3.060440 4.662749 -103593.004687
152.436054 92.293372 4.522883 3.379224 -103552.899541
155.593237 94.568957 2.493024 6.065022 -103588.836083
151.222338 93.286013 2.708509 6.172101 -103580.622389
157.531960 91.490402 3.316924 4.618895 -103590.279618
152.592745 93.855187 4.973314 4.323144 -103565.116718
155.869480 90.228717 5.143087 4.411801 -103595.390787
152.281453 89.295438 2.859434 6.297377 -103585.998511
153.995597 90.125624 1.544768 6.361161 -103597.289635
153.617816 89.647465 4.169126 4.990538 -103570.294685
154.529493 92.489342 2.506334 3.965780 -103577.333845
151.795706 91.335668 4.397744 3.540518 -103557.641276
153.856610 91.511721 2.077763 7.153756 -103579.846961
151.156032 92.610135 1.795918 6.784858 -103594.188697
156.162729 91.772616 2.845478 4.552040 -103571.262248
155.845722 93.654065 1.947521 5.955055 -103589.349129
154.116398 92.253900 1.798299 4.815095 -103589.949091
152.403482 89.706366 2.625261 4.578808 -103577.759948
156.786381 91.092090 4.439831 4.246326 -103585.163026
151.240914 92.682128 3.497501 3.894303 -103570.011487
153.318065 89.943291 3.874557 3.565015 -103571.782611
154.297592 94.494002 4.012618 3.272831 -103584.374063
154.394369 91.835071 3.768138 4.321172 -103539.526688
151.943305 91.420178 3.001794 3.969041 -103567.101406
156.039219 91.339247 3.370076 3.970884 -103573.322636
156.186905 93.176830 3.016205 5.444724 -103569.525491
154.705888 94.985511 2.207816 6.567445 -103597.374799
155.975411 91.233083 3.707144 4.368868 -103563.165318
155.532314 92.830315 2.473178 5.030924 -103569.114279
154.857519 92.368924 2.981145 7.146274 -103593.946369
149.885309 91.819399 3.169089 4.862544 -103581.489427
153.134338 93.843022 2.232190 4.823330 -103580.269805
151.876603 89.725559 2.495046 6.238497 -103580.523883
154.565836 90.689297 1.966234 5.668186 -103579.776754
151.592187 90.155490 4.055027 3.045101 -103594.270961
153.645796 91.267868 2.924764 6.880845 -103579.899080
152.933653 92.118207 2.773767 4.512855 -103555.890158
156.314374 92.299234 5.739135 3.778432 -103577.985443
152.429251 93.814084 2.677554 4.063426 -103582.432018
155.196185 92.867239 3.703443 3.295765 -103572.084808
154.138355 91.499318 3.242884 4.768583 -103544.053458
153.412964 90.918758 2.452123 6.832360 -103574.301254
153.136042 93.067222 6.897092 3.655392 -103569.089049
152.726463 93.383819 4.339398 2.620524 -103596.731392
150.652539 92.862778 3.206598 5.095619 -103572.794006
154.051325 94.862348 3.840788 4.314303 -103574.068951
151.289463 89.023361 3.879014 4.008010 -103591.507179
154.424235 91.687106 1.713649 7.172632 -103587.952809
155.320623 94.099044 2.793738 6.312574 -103584.222778
156.575308 89.071574 2.663400 5.721342 -103599.414825
153.259912 92.289476 1.978214 5.693388 -103574.289617
151.933914 90.451187 2.959591 4.257438 -103568.439771
153.787203 90.695084 4.116191 3.473727 -103559.422122
150.401953 93.629628 3.986518 5.166519 -103597.620929
152.330013 88.748714 2.262701 5.924312 -103591.557086
153.852439 95.149981 3.842743 4.906473 -103585.981087
152.265665 89.782731 3.266367 3.365920 -103593.392168
152.351321 91.923266 3.544496 5.706426 -103557.569377
152.290973 92.387971 2.448930 5.892983 -103564.400244
155.714383 91.839709 3.295306 5.138201 -103556.154425
151.892370 88.826834 2.922936 5.500426 -103586.268610
156.996001 90.335683 2.613531 5.835438 -103587.926154
153.408341 93.644455 3.279721 3.517898 -103574.933837
154.036533 94.540693 2.123253 5.524899 -103586.904619
154.066072 92.971211 2.188369 6.470064 -103573.462502
151.525465 92.636668 3.152228 5.222888 -103558.941446
151.857616 94.009416 3.312169 4.213065 -103574.770164
154.718227 95.420358 4.050789 3.750270 -103595.826370
155.844523 91.864621 4.584405 3.743627 -103559.866225
155.581587 90.518585 3.754328 5.741520 -103579.632582
151.408456 94.195099 4.861984 3.609987 -103593.241717
152.237668 91.522513 4.200360 3.553329 -103553.080205
152.650777 93.535955 4.222612 4.719694 -103553.973956
150.995779 93.237154 3.436415 5.214674 -103572.289131
153.794907 92.917614 3.247805 4.505889 -103546.257791
152.977977 89.033181 1.844752 6.823431 -103596.774126
151.360482 94.921060 3.318154 4.584026 -103596.005597
152.149497 92.482830 4.213413 3.106026 -103571.354942
153.099505 90.265489 1.704872 5.357791 -103594.271497
155.019067 91.201819 1.868319 4.927936 -103590.302773
154.577827 91.823272 5.241741 4.768893 -103562.285276
153.042742 93.243411 4.187191 3.925749 -103546.134193
154.860764 92.044815 2.053689 5.688623 -103573.616181
156.073944 91.629043 2.213263 5.580423 -103577.437262
151.933797 89.327290 3.167977 4.718750 -103575.329635
153.450272 92.017431 2.805382 3.131908 -103592.986125
149.962442 91.640715 2.968864 5.284816 -103581.112545
151.001639 89.225266 4.226158 4.150573 -103589.995460
151.119621 90.019162 3.468780 4.581215 -103570.341429
155.064447 89.181839 3.823522 4.072087 -103592.480349
150.625283 91.243070 2.184054 4.771202 -103590.003665
