188.270840 75.933298 3.668158 9.344828 -109036.094870
197.539325 72.584890 6.815960 6.251910 -108824.881002
192.949374 83.575106 4.687363 4.480117 -108905.642641
197.409118 85.673407 5.410575 5.029979 -108907.697500
197.018898 77.612949 1.597191 4.298469 -109072.734449
192.686874 74.883125 4.392397 6.705842 -108794.903213
191.140663 78.647908 3.074849 2.900386 -109152.318283
193.122911 88.054433 3.815352 7.423933 -109048.932034
192.364668 82.207895 6.607702 7.394459 -108869.244650
196.845901 77.473602 8.842566 5.623274 -108357.288338
191.808348 72.941482 7.013565 5.569816 -109095.617076
194.953295 84.570698 8.371220 3.963743 -108880.080371
195.748895 75.956645 8.231812 4.445377 -108530.810936
194.936435 77.102379 2.477652 6.506746 -108836.054413
197.193182 83.637901 7.132946 6.772780 -108620.702365
195.454357 81.487056 3.297878 3.321981 -108948.119585
190.693566 80.356878 5.549004 4.043763 -108971.489709
191.964405 83.028204 5.492156 5.110152 -108871.593224
197.247375 85.814535 2.344382 7.945991 -108940.643114
191.514478 74.738719 3.695679 3.548643 -109115.267961
190.647571 79.068610 1.743254 5.032779 -109098.788882
188.886004 80.329891 2.181661 6.564729 -109052.252950
198.321155 85.852682 1.064682 6.899899 -109159.914776
196.693254 77.078199 1.656344 5.519403 -109010.231783
196.002208 79.469416 10.337168 3.273271 -108414.715664
196.258848 73.298631 6.448785 5.899612 -108773.937104
190.719352 77.618221 2.077803 9.237410 -108932.312200
198.291584 87.508676 8.973304 5.855421 -109141.953714
199.567132 76.381507 5.989693 3.314669 -108929.449654
197.672257 75.268799 3.445249 6.619930 -108762.118446
199.679639 83.667877 3.845554 6.276358 -108819.712019
197.657538 82.602930 7.472898 4.028416 -108645.063856
192.850000 85.893157 3.374526 3.913412 -109142.962983
189.424110 74.025226 2.809420 6.393310 -109057.133799
192.403301 82.376346 7.090079 6.249948 -108815.880867
190.207390 76.943297 2.852246 5.962249 -108971.073962
194.155396 77.064199 5.780199 5.657734 -108562.265290
191.092348 76.461991 6.008800 7.542210 -108912.995156
192.781292 83.886477 1.571503 5.562985 -109100.203363
194.496033 78.789477 2.251461 6.404911 -108863.927603
190.483858 80.046233 8.705612 3.880505 -109039.254192
190.866625 82.452007 2.962668 5.113729 -109019.018776
193.533260 76.507454 8.737875 6.421371 -108778.085455
197.780790 89.095597 4.722505 7.587413 -109009.690081
190.375572 77.324613 5.737678 9.478366 -109155.416923
196.281802 80.804356 1.828253 4.991772 -108995.427500
187.420621 80.112523 2.952813 5.769289 -109128.685110
199.177499 84.793412 3.113094 3.886133 -109115.399646
197.235269 73.547234 3.673621 3.867385 -109022.310360
197.357519 74.313866 4.604899 2.507277 -109100.602416
195.740211 76.524902 2.371136 4.053058 -108988.337746
197.092376 74.334774 7.765783 7.705662 -108756.844411
196.969176 82.622310 3.788955 3.103551 -108985.939218
191.508723 83.492566 1.528983 6.703235 -109080.239152
195.113361 73.115672 4.732119 7.316816 -108807.571680
190.119639 79.547526 3.076085 6.528204 -108919.411097
192.147104 76.721317 5.429215 2.374146 -109103.521157
198.372179 86.636894 5.095793 8.918497 -108803.440284
193.604528 93.195975 2.712060 9.437347 -109125.859652
188.887172 80.842190 6.399549 5.195455 -109119.160601
195.644607 72.063470 9.604903 4.435457 -109122.664830
190.614596 77.439860 3.179703 3.401852 -109130.003848
193.283336 77.712013 5.491074 2.523243 -108979.317057
193.873717 74.704688 9.241768 4.398703 -108807.394087
199.183072 79.895865 2.252806 5.053461 -108982.102787
192.026633 84.100174 4.908746 8.395733 -108921.324275
197.621067 69.007015 5.473727 8.792050 -109131.048840
192.125234 81.702999 5.155556 8.829789 -108858.098526
196.036624 81.694419 2.860302 4.291880 -108906.732573
198.351122 81.395249 4.443757 5.139172 -108696.680587
199.334408 78.594162 2.742310 6.446747 -108834.766421
197.073968 73.054490 5.320752 5.622304 -108818.402086
193.239521 75.211908 4.423078 3.951163 -108918.594720
196.245957 71.249169 4.344529 3.403362 -109163.668482
195.624447 78.644575 3.211604 4.418131 -108808.920872
195.410654 87.905793 3.714042 5.693581 -109076.395522
191.106887 77.663769 6.704681 7.226670 -108913.189340
192.616412 82.909347 6.110691 6.063319 -108786.921668
189.538823 82.680941 5.100858 4.447780 -109126.608630
199.563982 79.176323 5.070847 3.660270 -108862.503524
196.399659 78.161655 2.081409 3.090450 -109082.493405
197.274894 82.236695 4.713248 9.847033 -108647.049090
192.291192 76.688000 2.299895 4.341328 -109041.695478
191.820413 74.748382 1.551732 5.569579 -109107.239289
194.261194 77.541917 2.877897 3.255584 -109002.752119
197.438654 83.604503 3.843560 4.192004 -108920.522206
196.400231 73.365806 6.356375 3.165364 -108998.011070
189.434904 78.758412 6.637235 4.994275 -109034.075057
199.845492 71.626768 3.024604 4.492246 -109155.508310
193.683337 84.982339 5.584684 5.039190 -108915.129387
198.551988 77.141472 2.896974 3.245663 -109058.449590
199.919511 77.005326 2.951701 6.457197 -108843.375144
197.401643 78.415448 1.544099 4.106459 -109091.114567
197.720154 71.798061 6.701854 3.054613 -109150.067753
195.630634 79.554701 3.465677 3.792842 -108836.482033
189.803605 74.697096 5.901846 4.232725 -109152.101051
196.201586 84.030119 6.562848 4.116182 -108789.651103
193.071811 72.705665 2.966306 3.711076 -109150.389582
188.600388 79.768426 5.255462 6.836725 -109038.176606
193.253556 79.035142 1.989762 9.665968 -108881.744086
198.579257 74.032479 6.322716 3.104081 -109017.893122
187.099054 77.420121 3.479872 5.735556 -109142.767404
187.827918 79.332889 4.035548 7.288031 -109036.976452
190.726503 81.866957 3.165167 5.052610 -109001.595474
197.055040 73.218247 5.137232 3.824161 -108972.671378
193.530037 78.959200 2.111640 5.539389 -108934.021766
196.611529 71.363712 7.847429 5.628066 -109068.013212
195.477046 89.040017 5.414318 7.050983 -109123.835497
189.745081 76.700582 2.474313 7.613328 -108960.738196
197.278291 73.724218 6.545188 7.848292 -108736.103902
194.279793 74.448723 5.967724 7.549672 -108776.372173
187.909377 77.901933 2.507976 7.866557 -109022.548237
191.976116 77.746965 3.731962 3.253807 -109034.302795
188.130231 74.884759 5.160646 6.387602 -109151.321389
197.444185 73.755553 2.721940 4.504446 -109031.790299
193.053306 74.100478 7.302925 5.051752 -108880.418605
192.722905 83.038594 2.962998 5.141080 -108949.764082
193.467048 82.670213 5.891294 3.692744 -108844.688431
197.030065 78.018239 5.454614 7.851280 -108500.960655
195.599184 75.831531 2.281667 5.976563 -108909.440187
193.261711 82.535577 4.779705 4.277077 -108836.101220
191.338747 87.381084 2.620532 7.530658 -109072.751318
196.744433 84.011491 1.339109 4.452433 -109156.591117
191.476689 83.161735 6.357371 4.725396 -108953.004382
192.042846 84.431835 5.255531 4.461902 -109013.778942
192.130230 78.789070 6.301552 3.061133 -108922.817390
192.087909 72.044631 2.014692 5.015366 -109156.948521
188.628825 76.891161 3.237852 6.919998 -108996.724048
196.331287 82.032262 1.158884 5.306650 -109114.681024
194.485697 86.270630 4.543458 4.742796 -109027.977547
194.420323 71.242837 5.079998 7.278120 -108997.042546
199.131231 87.729638 2.283446 6.051062 -109123.159339
193.965777 85.147471 2.924129 5.059406 -109016.709352
195.062174 79.399139 2.281902 7.771329 -108826.381218
191.190558 76.880420 3.332905 4.294477 -109007.772495
196.109921 75.629110 7.564209 3.953299 -108628.206746
186.788244 77.554530 3.506569 6.304534 -109131.536237
199.258156 78.959177 7.030788 4.009253 -108630.133481
199.683923 79.984970 7.822577 2.987125 -108855.300959
195.452224 74.928522 5.223197 5.157536 -108701.247599
195.986191 91.305794 4.032424 7.329430 -109156.094693
193.707384 73.853486 4.476130 5.817293 -108837.091262
186.546517 76.814258 2.858751 6.438637 -109141.144122
192.554686 76.969235 2.723193 4.871184 -108940.513751
193.396756 81.132572 2.407285 3.575077 -109050.780437
197.550357 82.304784 7.083495 3.346071 -108741.716666
188.287704 78.555400 4.156947 5.866447 -109046.990427
189.326307 76.655706 3.664650 6.456413 -108964.218957
187.185732 71.125286 2.257578 8.452380 -109154.181760
192.531601 77.501178 6.533879 4.976839 -108666.997244
196.858811 89.586715 3.432916 5.992885 -109140.056957
195.891746 75.607173 2.757242 5.242359 -108885.500130
190.025280 82.915967 4.853413 5.406172 -109022.115409
198.639692 76.324150 2.470104 4.759389 -108983.765862
193.923041 78.242547 5.456009 6.766379 -108566.841843
193.288965 75.575789 3.081255 6.694237 -108824.154582
198.191241 79.553606 3.561027 7.925134 -108644.903676
192.616829 79.755666 3.890220 8.394744 -108730.569720
195.809994 87.536593 3.184647 6.118680 -109040.209734
196.444200 77.097089 4.002656 7.672803 -108616.428122
197.334253 89.541474 4.409046 6.352398 -109113.009063
191.476320 71.482811 3.815318 4.896265 -109149.545353
195.467482 86.731277 3.427800 5.595889 -109019.419887
197.872769 85.704442 3.986723 5.571800 -108930.806634
188.036772 73.228111 2.896473 7.925532 -109084.223253
191.223128 82.198803 7.545135 5.488840 -108938.784037
196.334912 87.516638 3.344571 5.541713 -109067.163259
188.475025 82.927992 5.241698 6.700327 -109148.048307
199.397704 74.377099 7.625095 6.477491 -108611.760257
198.907225 73.558446 3.798394 6.649898 -108831.826479
197.921362 73.399209 4.149405 3.381278 -109072.487364
190.519536 72.962253 4.298365 5.813394 -109057.284085
189.811079 81.099768 7.287193 6.615311 -109123.084837
194.389281 89.394372 3.917675 6.221427 -109148.771100
194.362200 74.888748 1.155026 8.973432 -109059.233072
199.733028 79.649925 1.823018 5.334522 -109045.176856
187.151259 79.932359 2.668996 5.773177 -109147.077585
189.559387 75.002568 3.079671 6.402202 -109011.516274
191.565116 71.162683 3.378786 5.538764 -109126.316401
197.565344 77.418396 5.176695 6.125238 -108518.352311
197.058378 90.798595 3.728341 7.137940 -109121.449899
197.328288 78.377048 2.252630 2.992841 -109087.083556
184.807697 80.158086 1.237143 9.972058 -109155.641205
190.516311 76.296188 2.773530 4.401291 -109083.889291
198.170216 82.697268 3.108654 4.509478 -108938.367038
189.725146 85.328920 4.367843 7.546618 -109094.860137
191.852853 84.836656 2.857170 6.830148 -108977.710959
199.370342 88.556191 4.237626 7.812181 -108953.355490
193.273243 74.779181 3.325024 3.837380 -109021.458387
197.190163 79.960409 7.818878 3.188209 -108591.439731
195.696922 81.334285 4.278467 1.855974 -109105.380532
192.774052 76.070680 5.100526 7.722747 -108747.636400
198.279860 87.469633 3.742109 4.555757 -109137.037631
196.522559 84.604435 3.814763 3.745567 -109010.877371
194.752120 76.536629 5.405803 6.421428 -108573.755025
191.867018 86.874647 3.462762 7.212515 -109036.790864
193.436746 79.168061 3.452810 2.623165 -109058.186146
192.061703 77.225025 3.998260 2.346928 -109145.918612
194.873609 90.530680 4.154017 7.452385 -109142.696094
196.885661 76.839897 4.199623 3.696381 -108826.296649
191.119855 79.281851 2.107609 3.375088 -109163.687304
193.789410 81.768830 5.037560 6.229622 -108645.696182
195.205833 78.395489 5.753185 6.304403 -108477.460771
197.660641 75.538202 2.510251 6.744334 -108869.393977
190.691167 71.516737 2.234423 7.607986 -109076.036769
193.862854 89.229805 4.601146 8.456329 -109104.234318
192.329319 82.663831 5.823671 3.472379 -108971.396632
192.725550 78.822170 1.672608 4.542398 -109070.501046
195.641765 77.705180 3.167685 3.755720 -108890.373188
198.908426 91.488085 3.426823 8.697638 -109049.649706
196.215511 82.524981 6.039274 5.362445 -108575.845296
189.838696 72.991668 5.128555 7.991715 -109140.617712
198.240807 74.079177 4.566517 7.470463 -108704.844294
191.718196 73.675846 5.861133 5.831450 -108965.159734
195.349762 74.520103 4.724828 5.269214 -108757.266451
198.867417 75.342099 11.810412 6.885511 -108760.829898
198.094862 74.763087 1.564724 7.980598 -109009.207147
190.403522 75.039286 4.502127 8.431578 -108954.178505
191.489754 84.659373 4.953354 8.009335 -108981.479274
192.395390 87.398993 4.952136 9.871864 -109148.835008
190.774464 76.707775 1.763246 6.453351 -109038.979172
193.047277 83.957761 2.562591 4.654755 -109042.487828
195.741232 74.712518 3.533697 3.605112 -108982.299927
192.051366 73.726669 4.065270 4.355622 -109040.421463
188.021911 81.397561 2.525004 5.221349 -109158.262551
195.676259 79.199019 4.695513 4.157681 -108654.116994
