105.159965 296.725826 10.178412 9.193934 -540535321.433704
120.170739 303.048002 7.778684 8.747598 -540528268.240917
112.661319 301.189602 5.980540 8.429381 -540533897.351542
120.902243 297.995031 6.613354 7.501750 -540528466.881385
121.944664 301.151850 8.102062 7.977295 -540527489.525632
117.926932 302.123884 5.249503 7.446126 -540535237.005915
121.311804 303.031760 9.632018 5.267271 -540535303.622701
115.328381 283.114953 10.216830 8.302263 -540536947.400025
112.969399 290.873150 5.765817 5.901338 -540536722.504017
126.255080 295.191137 7.928772 6.487351 -540535562.872934
115.080324 299.744682 8.345732 9.871711 -540522209.805853
117.752707 304.297250 9.781975 6.118616 -540534808.796615
116.861975 293.031588 3.864563 8.149673 -540535526.157178
110.662020 297.366024 5.764136 7.393606 -540535603.061768
115.409122 298.660885 7.730527 8.210106 -540524781.481423
115.704076 294.304149 8.125502 6.244518 -540525369.389351
120.174200 288.662658 8.726744 6.261195 -540534390.845917
130.716894 295.792455 11.752339 8.009321 -540535578.132995
111.798813 305.151562 5.946523 9.359782 -540537158.589292
125.950378 294.987629 8.307100 8.102727 -540530183.003965
116.297412 295.033928 3.244855 7.477737 -540537535.525669
111.738758 290.175402 7.635630 4.900393 -540538009.669779
111.801447 302.487082 11.635818 6.417030 -540534270.265729
119.246105 302.227027 9.012084 9.599558 -540522304.170954
127.086269 293.003996 10.190553 8.661038 -540529151.921149
122.804118 299.812525 5.467408 8.337655 -540532833.576332
113.682805 286.692607 5.700860 8.129466 -540537584.008219
111.456621 292.649128 7.264881 4.530104 -540537911.314241
115.419246 297.327985 4.664693 6.476103 -540534907.661334
115.345597 289.181883 7.432859 7.680456 -540530743.197037
125.733806 298.839438 11.873023 5.030138 -540534459.153690
120.821055 292.778719 11.011474 5.822505 -540523999.769817
113.954125 289.926260 9.752568 8.236298 -540524510.507267
113.068879 293.795684 11.567443 4.478535 -540528296.850035
125.031599 302.230337 6.568977 9.084349 -540532409.957356
124.031517 289.861071 11.085703 6.057211 -540535674.377017
125.010049 295.839929 11.154911 8.667264 -540520965.285624
127.825248 297.858140 7.058705 8.696827 -540533704.422207
118.477641 296.598222 10.931456 7.460275 -540514282.406871
