123.066815 109.830682 11.844083 7.000108 -539069832.033427
125.712383 187.399840 11.844083 7.000108 -539069832.033427
113.763706 56.378943 11.844083 7.000108 -539069832.033427
270.023183 157.428550 11.977111 9.609887 -540308909.992323
211.384034 140.112466 11.977111 9.609887 -540308909.992323
239.552704 143.780844 11.977111 9.609887 -540308909.992323
331.072250 225.894906 11.857280 7.527889 -540421557.033188
366.247927 306.022433 11.656615 9.361237 -540488779.889460
359.019701 281.852493 11.656615 9.361237 -540488779.889460
196.587300 14.827559 10.475258 7.560656 -540244751.765754
203.956542 48.777255 10.475258 7.560656 -540244751.765754
364.700827 78.748462 11.637687 9.069510 -540500854.884737
331.505505 331.144572 11.021474 8.924986 -540409229.657350
279.970443 282.425370 11.021474 8.924986 -540409229.657350
284.650679 241.980614 11.021474 8.924986 -540409229.657350
299.629516 307.669817 11.021474 8.924986 -540409229.657350
351.632550 38.235595 11.192011 8.102205 -540443095.610569
206.654864 343.308892 11.702057 9.309343 -540477507.661219
320.642763 388.361381 10.288407 7.366388 -540206186.428594
269.082462 70.243544 11.525112 8.414454 -540400473.411959
293.649538 48.281941 11.525112 8.414454 -540400473.411959
23.526104 60.907117 10.891859 9.523745 -540246586.901231
237.981773 387.807922 11.232188 9.963985 -540114997.468619
1.025571 382.602433 10.849595 7.988519 -540520428.598605
239.591196 254.510214 11.844847 8.535907 -540479448.472719
141.302777 240.279508 10.819697 8.535231 -540522326.978883
127.444820 393.822777 11.632470 8.910194 -540512011.553431
395.189542 158.278988 11.320587 3.702774 -540527110.064760
85.436516 260.715413 10.561666 6.000041 -540532543.860850
5.143332 274.455838 11.656931 8.106171 -540515194.024228
7.519946 148.951206 11.801950 8.879566 -540412227.627815
118.296752 296.224704 10.931456 7.460275 -540514282.406871
