153.018383 175.684497 8.872984 8.765247 -106328.883156
188.546679 160.742772 8.872984 8.765247 -106328.883156
135.900289 181.342444 8.872984 8.765247 -106328.883156
185.182077 88.138907 6.749906 8.841048 -105853.137299
113.805163 61.373116 5.626918 5.356822 -107701.379940
89.295638 56.359335 5.626918 5.356822 -107701.379940
106.558818 54.010288 5.626918 5.356822 -107701.379940
31.276704 16.814358 9.006815 8.131518 -106060.285889
33.710710 32.172511 9.006815 8.131518 -106060.285889
41.460022 153.084136 2.570350 7.564733 -107961.906199
136.233667 4.224218 5.208685 4.616025 -108097.996872
97.753211 15.410883 2.591941 5.288624 -108160.014584
