93.814471 18.914880 1.453166 4.935320 -108224.865234
99.035558 15.756186 3.375558 4.429866 -108163.566620
91.641369 12.556130 3.965174 2.830974 -108260.360467
93.507927 12.276786 3.406861 4.993364 -108227.493609
93.361599 18.933104 2.371276 4.845574 -108224.848382
100.484843 10.981693 3.054847 6.709939 -108221.709639
103.035077 13.649814 4.203423 2.477197 -108248.995628
101.625025 18.324268 5.246781 2.838624 -108230.510852
94.409239 16.554694 3.025571 4.822730 -108198.031157
101.460600 5.989871 1.662653 6.345210 -108243.111500
99.432130 20.103375 4.597031 2.196891 -108257.430117
95.121580 13.416831 2.661753 4.309359 -108192.010816
102.229270 14.398886 2.110424 4.198670 -108204.474954
96.515945 14.889540 1.739583 2.700756 -108235.773180
95.745157 15.912163 3.872796 2.503798 -108230.561228
100.962919 11.303260 4.350463 5.470884 -108258.235949
96.622994 14.744061 2.095297 6.087596 -108167.709638
100.070134 18.264916 5.422628 2.412823 -108227.162864
98.289483 18.151822 6.286559 2.737683 -108233.688985
97.726907 10.834985 3.497138 4.692667 -108203.577572
91.435371 15.250775 1.445744 2.863613 -108260.234658
95.205870 19.347356 1.780006 4.661746 -108216.863627
106.366616 16.194239 2.150863 4.467841 -108255.157975
97.829896 10.400300 1.719599 6.085373 -108197.321625
93.279500 11.495473 3.535107 2.664621 -108240.175794
96.027599 18.869098 4.145931 3.218151 -108236.144777
100.306813 19.366691 2.070359 5.038962 -108200.894291
93.137703 21.505169 1.142409 5.515830 -108240.926269
95.906638 11.576407 4.512286 3.182280 -108221.984001
103.425637 21.038539 2.038877 3.965506 -108251.825523
94.731221 12.507626 5.387784 2.932898 -108238.369380
103.560308 16.966122 2.801332 1.905252 -108255.942991
102.511989 17.556692 2.171631 2.235374 -108245.962169
96.335392 12.278378 1.757170 9.838557 -108218.031347
100.708952 13.783430 3.840915 2.575103 -108218.981034
95.845377 17.173728 1.678961 3.126333 -108234.800038
91.594151 12.449788 2.295473 3.999282 -108239.264000
98.501457 20.532636 2.727617 5.495719 -108211.743528
103.597997 6.624813 1.521697 8.322180 -108240.248268
103.580770 17.944381 1.616997 4.048729 -108232.180465
100.179202 20.634812 3.526679 5.450966 -108247.898299
91.413663 13.645925 2.293493 2.639207 -108257.654489
96.599106 19.657367 1.893611 3.177605 -108238.725031
98.215361 20.319687 4.452130 2.406926 -108254.942355
98.596206 21.556744 2.369161 2.598085 -108254.630648
100.604980 11.382302 3.307250 5.309800 -108203.052548
101.785026 11.051550 1.583669 2.805930 -108250.834496
98.610032 19.116296 2.310763 7.973493 -108213.498464
95.628204 13.328296 6.290213 2.274055 -108249.969000
91.127012 11.730350 2.214498 3.931017 -108248.077679
99.777096 18.131169 3.210110 4.287675 -108184.751552
100.973519 21.830222 2.644554 4.170805 -108247.278619
95.884513 9.581307 1.598867 5.473245 -108218.761014
97.280892 14.150688 2.749741 5.192796 -108162.730660
93.084282 13.832176 4.361826 2.729699 -108251.606039
92.534072 21.279728 2.578727 4.801986 -108257.542310
99.487696 10.601544 2.830470 6.175097 -108202.948455
93.733014 13.059442 2.460934 4.176941 -108210.969318
97.748760 15.016915 2.591941 5.288624 -108160.014584
96.727346 11.602386 4.535177 2.435532 -108235.262992
102.352019 15.544907 4.761548 3.614026 -108219.463918
98.229484 21.437983 3.943352 4.089501 -108252.497903
102.348654 13.664537 3.532019 3.513744 -108215.043060
93.943582 18.652222 2.323000 6.431193 -108207.249178
94.433358 10.248661 3.822227 3.401235 -108238.191154
100.951252 14.271131 3.422175 5.205159 -108180.549948
100.277613 22.434846 1.145715 5.034056 -108245.051888
100.328396 17.300317 4.078730 1.989338 -108226.889300
98.097722 13.757685 3.327802 6.477567 -108190.485833
88.459849 13.511608 1.589014 4.712178 -108260.753772
100.987498 9.126044 2.987660 5.001792 -108233.225213
96.930617 11.599097 2.048698 5.640061 -108186.049437
101.797841 14.687880 1.224800 6.286176 -108200.545084
99.224956 17.346739 6.409962 3.548661 -108229.784881
96.891404 22.047488 1.207392 3.673856 -108251.405591
100.193919 14.569218 4.902767 4.348038 -108196.176620
94.681866 14.056580 4.018424 3.668556 -108209.952845
91.603708 16.678031 2.524348 4.203838 -108243.054199
91.863566 16.772591 2.348826 3.689622 -108247.934441
93.224304 8.183284 2.057049 5.058384 -108260.089733
96.537574 17.732150 1.646086 2.909306 -108238.361651
100.418998 22.565478 2.269133 3.662297 -108255.813965
95.940438 11.973363 5.900977 2.275616 -108244.456713
95.711974 15.793733 5.315737 3.516773 -108223.511829
100.370815 23.252368 1.839023 4.084207 -108258.900479
95.352118 18.013693 4.319280 4.687621 -108228.879424
102.771570 15.794185 3.351678 1.396011 -108259.594817
96.906209 13.618417 2.493694 5.113801 -108169.072188
92.267282 11.326757 2.717596 4.128981 -108240.238966
98.016310 15.396674 4.191290 6.133185 -108220.550727
97.478064 20.788202 2.863041 5.349494 -108218.231126
95.479730 10.972273 1.435097 3.574495 -108234.443977
99.815611 7.241638 2.157785 5.106758 -108240.479754
106.283552 13.988988 1.999859 5.744571 -108243.913890
104.000790 19.256458 2.142619 3.384631 -108245.884839
95.350812 16.224961 2.152965 4.241884 -108199.381804
103.566518 14.697677 4.100141 3.437619 -108239.168542
