198.205168 178.048434 3.348667 5.592851 -101727.579542
198.982297 170.741136 6.622797 5.925805 -101760.755828
196.600713 173.449407 5.183988 1.457308 -101782.694295
197.065663 175.013193 3.652000 3.546348 -101690.364665
195.044904 167.241836 2.158505 4.602457 -101816.266247
197.290704 170.223256 3.671203 5.692494 -101723.755463
198.098118 172.646324 3.974156 8.752251 -101825.535301
198.818348 173.892516 5.652889 7.274074 -101795.970580
197.546151 167.912218 3.042842 4.809121 -101774.893316
195.812679 176.081165 11.860216 1.389799 -101824.614835
