44.779920 189.828744 10.204292 8.682438 -102249.487092
80.593817 188.134023 10.204292 8.682438 -102249.487092
19.766357 42.922123 4.085387 3.225804 -105650.194219
123.803607 138.120543 2.879617 8.172943 -105510.714305
169.990903 171.416966 8.754799 7.517723 -103024.897451
90.764158 114.550164 1.058472 5.934682 -105749.110655
73.448543 151.583535 1.822584 2.584378 -105750.058354
75.227319 105.337987 1.414776 2.668557 -105754.672264
45.554115 110.684896 1.218572 3.764865 -105754.488110
140.783595 185.417184 1.109637 3.611082 -105755.850030
92.051152 75.344321 1.222453 3.496628 -105757.335221
