90.800184 193.305533 2.766546 3.337378 -103483.248664
91.365969 186.518887 4.647998 3.528549 -103367.692819
89.851983 181.171618 3.167770 5.800065 -103442.803709
89.224787 192.955823 3.968058 2.271175 -103488.161865
90.706693 198.005518 1.141357 7.371071 -103490.863296
88.363577 185.195268 6.384996 4.492724 -103402.366269
88.967964 189.344556 2.085092 4.235071 -103407.329523
90.985646 183.579083 2.018841 4.860198 -103417.598658
86.202377 196.542702 2.762797 9.003982 -103463.607330
81.584210 186.847324 3.083781 6.709494 -103455.139047
89.796568 194.376791 1.980977 4.490957 -103481.069142
89.050481 192.122496 1.966200 6.381944 -103408.591369
94.446237 182.238926 3.173834 4.636447 -103483.845375
88.011441 181.916166 3.815587 2.807900 -103487.309841
88.378659 190.640569 6.311294 3.149309 -103418.609961
81.262930 188.350142 2.570289 3.729126 -103494.506530
92.876928 195.361095 2.782823 6.841741 -103488.477649
90.325242 190.651816 5.413201 3.448828 -103406.763429
88.982476 189.624260 2.153025 3.688547 -103423.799031
88.274422 191.825859 4.401285 2.247895 -103470.939473
85.067889 182.130155 3.882624 6.699863 -103488.951713
92.392867 183.124207 2.134799 5.341780 -103426.010881
86.368647 187.148136 6.933714 4.228743 -103440.321142
88.724685 184.504376 1.786608 7.115670 -103384.855324
86.982644 184.838538 5.673806 4.522252 -103411.269624
90.921361 185.374254 2.069169 5.554047 -103384.877122
87.962694 188.074540 4.888160 1.356844 -103496.596559
87.962078 192.514377 5.205928 4.679152 -103473.311582
92.528621 187.963522 6.138100 2.324885 -103453.658206
85.436189 184.431226 3.875425 5.208546 -103404.591295
81.939833 186.567345 3.255900 6.185619 -103450.677285
87.258897 181.829311 3.465346 5.173736 -103436.775201
86.567999 189.350796 6.794852 2.159968 -103479.408657
86.529675 182.971334 3.111958 4.235907 -103435.008055
93.381839 188.311604 3.471254 6.400855 -103413.459646
85.731436 187.496881 2.901902 3.409214 -103435.246046
100.461776 192.162737 1.402611 8.968793 -103494.927876
96.332026 184.752380 2.777631 4.360967 -103494.491073
84.821938 183.785964 2.516968 4.355083 -103445.536739
89.086510 179.534665 3.409712 5.522950 -103500.707787
92.245570 182.264575 3.391693 4.353761 -103443.438772
88.148356 181.755884 3.464352 4.645546 -103438.663789
89.123697 180.711317 3.066816 3.856225 -103474.729543
91.526105 190.899091 3.269882 3.727426 -103427.546835
82.848652 190.930054 3.747450 4.997731 -103476.077501
84.954452 186.362398 4.301678 3.483561 -103439.583146
92.029788 187.348348 2.362531 3.972985 -103411.254759
86.139808 190.388689 2.940372 2.850719 -103467.826035
92.309058 185.635070 2.514187 2.751987 -103457.598520
92.617934 180.738810 1.142107 5.079028 -103489.353299
89.184682 189.569184 5.407728 3.908565 -103364.906680
84.237065 189.008407 1.302000 4.538928 -103467.200521
82.333908 186.621741 4.530928 3.608726 -103494.047480
88.284872 182.295668 4.234357 6.783429 -103484.586630
91.966771 196.106227 2.338645 6.538343 -103483.810929
87.655431 183.319899 3.409886 2.161574 -103493.613929
89.008434 183.471183 2.259281 3.458112 -103445.551422
90.710061 183.952369 8.981524 3.069567 -103475.422575
98.093062 184.304957 1.375290 7.338092 -103486.697356
80.030861 185.532714 1.082735 5.069390 -103498.322012
83.784713 186.660450 2.060667 6.338182 -103403.801910
89.880347 186.771670 5.671520 5.229404 -103380.823195
85.661691 186.727719 4.583163 5.208532 -103386.904468
92.335899 184.913868 3.213407 2.921815 -103439.729529
87.684924 186.301450 6.287259 4.744967 -103398.906042
86.189773 183.103564 1.307997 4.096782 -103479.579507
95.665642 192.407679 1.999649 5.648385 -103485.981902
86.538388 194.870350 1.611883 5.452027 -103475.586719
95.973905 186.838384 1.126772 6.210675 -103471.083006
93.587551 186.999570 4.102859 4.349867 -103411.682600
95.181034 188.917269 2.900065 5.510357 -103447.113997
89.840249 181.358298 5.888018 3.561764 -103500.827834
86.841275 188.383015 3.352518 5.476685 -103351.254086
84.584711 190.193762 4.494893 5.498604 -103446.642246
86.615309 181.447989 3.866945 4.175152 -103479.149281
88.475370 183.419836 6.824618 2.928392 -103458.513401
83.966566 184.106906 3.737372 6.059220 -103441.620609
92.513392 179.933783 3.058649 5.701720 -103499.318521
97.188627 184.217252 2.213566 6.700406 -103488.040851
90.764145 181.914575 1.954630 6.232130 -103425.495996
88.421137 191.766147 3.956907 1.989134 -103483.165200
91.987190 183.542513 1.581690 4.706946 -103445.816097
87.978147 188.384798 3.782374 2.836591 -103415.312921
87.733425 185.883846 6.357522 4.879219 -103416.175428
93.321766 186.189378 6.920374 4.254461 -103497.420302
80.421464 183.267452 2.444123 5.181978 -103493.067892
82.823323 193.730726 1.613282 5.045103 -103491.069897
85.034916 180.690784 3.075631 4.444209 -103496.773542
85.233513 191.226211 3.332993 3.108871 -103477.279003
85.958872 183.664358 4.472100 5.670136 -103436.227761
84.096597 186.597285 3.393776 5.133647 -103405.569600
89.758563 192.020841 2.648098 4.438542 -103426.208509
91.784638 181.394468 3.920357 2.852203 -103482.592203
90.039552 182.939792 3.402837 4.209077 -103408.272561
86.620404 184.957774 2.604106 5.101878 -103383.687612
85.844646 182.710617 4.762076 5.042634 -103471.992558
89.288133 184.152205 3.215692 3.194724 -103420.491735
89.594149 186.409452 1.612810 4.838959 -103410.558393
97.165702 193.528040 2.362370 9.541947 -103500.104352
82.422513 193.445740 2.293272 4.638863 -103498.295396
81.976683 186.135289 1.311762 6.017155 -103457.532346
95.062193 185.288917 3.915540 2.803995 -103499.951406
87.597975 188.687559 2.097365 4.939342 -103389.035006
91.589817 190.939458 4.462654 6.732456 -103481.313726
84.519393 187.571894 4.677690 4.895309 -103420.304348
90.824350 186.044646 1.258152 2.274049 -103500.774620
94.350505 188.676268 2.460314 3.474592 -103470.660131
90.187843 190.318618 3.273737 2.623075 -103445.447554
93.068383 184.010611 2.688600 3.939742 -103438.481755
85.234266 190.865012 3.883211 4.172470 -103438.125326
89.672428 182.067459 3.444203 2.847367 -103465.991924
88.754320 183.448554 3.411259 6.616261 -103394.453807
87.793558 190.881741 5.395302 5.469621 -103450.952714
85.616753 184.607620 3.476926 3.367495 -103452.431256
88.262325 184.447718 5.907373 3.697196 -103400.524160
92.282618 189.838493 3.077534 7.296323 -103407.263724
92.118661 193.367179 2.029551 4.180903 -103485.221412
89.645971 182.977501 4.582553 3.425430 -103422.186149
86.431329 191.510182 4.058503 4.097751 -103432.006325
91.811559 189.577800 4.710603 3.799735 -103397.845697
84.388650 198.064308 1.817327 8.410847 -103467.483215
93.157724 186.924188 3.265326 2.157623 -103483.522046
85.561606 185.169283 3.627947 3.865150 -103423.078750
94.065931 185.758301 4.150759 2.643222 -103476.827931
87.770926 188.992943 3.163153 5.306027 -103350.673313
90.768006 190.112832 4.840694 4.714597 -103388.912792
87.423260 183.290193 3.173272 3.149282 -103457.819558
81.587274 189.748983 2.541915 4.274127 -103485.269137
88.579496 179.957753 1.902175 5.941342 -103459.730442
96.220935 194.899140 1.247687 7.688246 -103486.714219
86.330364 192.391239 4.195916 3.020604 -103480.820662
86.951848 183.415543 5.549220 3.882627 -103453.572747
78.505666 186.139689 1.453226 6.441385 -103488.252658
90.452648 193.819337 2.293454 7.215554 -103427.987516
81.441190 194.219419 1.925485 5.639142 -103494.361249
85.902785 190.636023 3.717047 5.813213 -103400.404364
79.586716 183.804362 2.157240 7.140575 -103480.204308
92.391493 187.913465 9.074105 2.075895 -103483.325924
90.300974 182.771955 2.249812 4.585463 -103424.599346
83.206916 182.168792 3.812339 5.078582 -103499.265896
90.955424 184.680696 2.727109 9.246687 -103439.857277
82.237135 186.910044 3.619065 6.254494 -103457.891375
87.243997 186.654101 9.654340 1.746104 -103491.083506
89.333395 186.814475 5.709868 4.390975 -103343.290939
80.064621 187.954257 2.530631 4.451347 -103495.335287
83.767250 180.516247 1.700762 5.749877 -103476.908342
83.145658 191.944745 1.439592 6.964098 -103444.818089
87.510768 187.363339 2.008482 5.726482 -103374.655712
85.619884 185.740822 1.442252 3.980444 -103464.019136
89.338827 192.274354 6.155375 4.409185 -103500.236792
84.194193 192.408919 3.257096 3.779338 -103490.062940
91.722741 191.538620 3.140166 5.201533 -103418.359370
86.518035 195.444908 3.498846 7.533548 -103489.914367
90.822921 182.106570 5.396788 4.893567 -103492.597996
81.537447 196.244756 1.200879 7.293571 -103489.072470
94.711125 185.121329 1.482898 5.736384 -103452.578801
81.094210 194.660855 2.171406 6.932578 -103485.424402
85.513031 186.606801 5.041148 5.842900 -103433.308730
89.167344 194.060744 1.989081 3.177064 -103498.903540
93.059508 186.209980 2.051423 2.434355 -103488.362025
81.739662 189.034384 1.563516 5.394390 -103464.718336
84.565238 183.815848 3.437394 4.031130 -103455.824847
80.875218 185.088533 2.781035 5.601479 -103472.597216
94.822015 187.255336 3.431042 4.380208 -103446.258152
85.192224 194.711660 2.966697 5.874423 -103473.823643
92.317239 188.415736 2.596360 4.898338 -103390.111663
94.149133 184.315138 3.960429 2.506641 -103490.226455
89.706997 186.391344 4.850002 6.808823 -103450.870980
88.998312 198.350428 1.206220 6.591089 -103500.087707
86.857164 182.837217 4.604285 4.881989 -103441.090235
91.969314 186.052414 3.025992 4.217925 -103385.127305
93.781188 187.307799 3.923750 2.828733 -103463.342116
90.565803 189.040425 4.645818 3.524876 -103370.640236
77.227159 184.241036 1.267606 6.868440 -103501.371832
85.749219 192.205742 1.025811 9.599279 -103431.347937
87.245356 189.089032 2.792380 6.656104 -103356.855661
90.105644 193.670884 2.242599 4.578567 -103464.939351
91.737004 188.157218 4.826337 5.340236 -103387.992901
84.168741 182.111519 3.146987 6.445940 -103456.586060
93.829246 185.952934 5.859906 2.203778 -103489.492258
80.384628 191.877679 2.418072 6.037082 -103488.007660
86.268321 182.816260 2.844261 3.478540 -103471.155727
83.889455 189.035322 1.430622 3.978541 -103479.400825
95.061322 186.182202 3.226262 3.103745 -103486.764566
88.157393 186.500573 4.936212 4.048089 -103346.578622
90.356183 182.649665 3.442577 3.870266 -103423.145557
83.424760 192.329095 3.040273 4.714254 -103476.398607
92.964227 185.717421 1.950977 4.338290 -103432.556438
87.774346 183.256828 1.784553 5.532408 -103416.399055
86.200390 193.274066 3.034333 3.089266 -103494.360169
89.515897 182.163047 3.292895 4.647910 -103421.083163
85.978353 193.805280 2.779263 6.370025 -103440.768638
91.274572 185.797281 2.763882 4.523113 -103376.878314
94.224966 188.487444 3.310871 3.746255 -103450.314177
90.157204 192.762979 2.974327 7.685607 -103423.941669
91.720016 183.095290 1.421790 5.271658 -103446.285329
89.970074 191.651380 7.127477 2.953735 -103466.244450
88.603323 185.086461 1.795149 4.488141 -103416.336195
85.824797 187.004750 6.150028 4.803970 -103441.137562
93.561397 183.960243 2.805947 3.680180 -103453.375743
95.460857 193.554082 2.662573 8.749687 -103493.135653
92.911736 185.437604 3.126305 4.709495 -103396.956882
88.421464 180.825893 3.841050 5.349119 -103472.939005
84.184885 190.951229 4.893039 3.899783 -103490.441070
91.300484 197.463194 2.384095 7.123202 -103487.335604
92.897210 179.955242 1.664770 5.880225 -103480.286928
91.250032 190.044873 1.196634 5.263432 -103447.047969
89.385243 189.024766 3.968461 4.192721 -103350.842850
80.592528 185.931855 2.840401 3.808512 -103496.511601
81.958471 191.833073 2.852608 5.145532 -103482.762604
89.565178 186.230625 6.602189 3.152707 -103365.421112
90.848985 181.174133 4.040348 5.383709 -103476.019414
80.657232 189.908288 1.683245 5.688502 -103473.753676
86.782014 192.733581 4.787699 2.420869 -103496.682988
86.461687 187.695996 4.891061 3.483959 -103397.689012
87.202239 182.911074 1.801498 6.061854 -103414.134428
87.493548 192.506397 4.198235 4.955137 -103441.310169
88.620496 191.691509 2.285687 4.840956 -103417.344480
89.013710 190.841831 3.485401 5.625125 -103377.127517
90.106992 187.068955 3.212083 4.692478 -103344.901564
85.812677 189.012585 1.217501 7.881743 -103413.059002
89.767447 182.784859 2.875478 9.279528 -103473.150251
86.444350 183.255350 3.593884 5.187360 -103408.778480
86.701961 186.980926 7.535317 4.341807 -103468.866141
91.738766 185.671218 5.678104 4.315365 -103387.297590
89.237807 192.778717 2.913202 5.088863 -103427.459160
88.666932 188.324967 2.327290 7.636531 -103359.788700
90.467059 183.867415 2.139492 2.447765 -103476.955628
80.562857 188.026758 2.562387 7.207834 -103460.337066
80.295857 184.478349 1.324981 6.763867 -103469.410135
92.267844 186.624639 4.917445 4.872671 -103386.454134
99.586904 187.326964 1.545810 6.901823 -103500.628777
83.552787 186.004761 3.300023 2.765593 -103493.628074
81.642176 179.908141 1.794413 6.267262 -103492.469061
87.244593 191.179657 6.791028 3.094402 -103464.776038
83.495075 184.313334 4.639470 4.768074 -103480.523571
