29.273786 131.809698 3.292203 3.894938 -105038.261123
29.963682 124.068796 3.227578 5.078573 -105034.947433
27.820877 127.353688 6.907841 4.175185 -105055.782663
27.891853 136.287309 3.093942 4.471079 -105111.107922
36.810984 123.879813 2.878049 5.949341 -105065.879899
37.985937 130.904256 4.988430 4.392201 -105114.455601
33.299488 129.451839 6.069588 7.202302 -104919.856899
30.832491 124.077496 2.936728 3.942671 -105114.285310
33.484131 119.788668 2.661940 6.453739 -105077.936428
28.813072 129.193291 3.765543 3.483685 -105062.091697
28.160000 125.532689 4.766257 4.819811 -105030.594308
23.412310 125.692924 2.786919 7.801850 -105113.380261
28.593325 123.935298 2.996063 7.022308 -104981.202203
35.687211 136.236332 6.479457 4.617171 -105116.176567
30.852602 134.165671 3.806824 3.977100 -105020.274770
28.603954 121.401023 3.894882 7.012662 -105064.379625
32.312425 135.509797 8.496017 4.029860 -105077.978438
34.176853 129.977884 8.820616 3.902688 -105036.290474
36.826609 120.151451 3.028702 7.956269 -105060.624955
34.661602 127.632872 3.418935 5.915199 -104928.065394
25.371408 123.505545 2.881082 6.444588 -105108.273151
32.189760 130.147578 3.824341 3.057442 -105078.327594
34.688172 128.149111 2.377361 6.492614 -104957.701064
37.205462 125.169720 2.539387 7.236027 -104994.536268
25.856744 127.232894 2.520160 7.428709 -105012.933592
23.701110 131.090703 2.914681 7.082700 -105096.183074
29.711732 127.307666 4.692503 3.150281 -105074.150805
30.818449 137.329293 1.689595 6.274335 -105095.264690
26.541939 131.567418 3.521912 4.727214 -105044.418695
30.810870 134.017212 3.115654 7.049282 -104904.302012
29.415957 132.491422 1.920680 4.025722 -105115.373472
32.849413 121.103005 2.822180 6.282764 -105046.473029
29.523916 132.100703 2.469120 5.286459 -104996.306552
29.647882 127.211805 6.095518 6.413911 -104940.955742
26.274185 131.407401 3.308186 5.754362 -105014.187543
29.957718 128.212683 2.596285 4.947920 -105005.943617
26.112441 129.822553 4.081399 6.867054 -104992.019015
35.199378 137.646598 3.206040 8.183854 -105041.735716
37.046535 129.911333 2.565244 7.030972 -104960.112980
31.195500 132.163831 2.732056 3.853371 -105059.692420
33.433484 125.708791 3.200486 4.538772 -105038.788699
32.811974 133.333633 2.949549 4.765106 -104992.690678
30.184592 129.329727 3.245515 3.976072 -105022.977545
27.490153 128.116871 3.442725 3.434858 -105114.364188
34.408012 134.246768 4.345214 6.718957 -104914.835081
29.536403 135.448117 5.136700 4.907813 -104997.237042
27.115805 129.927621 3.313753 5.188283 -105002.306674
41.497545 130.115727 4.179592 7.161254 -105115.624404
30.009544 126.988796 2.412807 3.687404 -105115.216298
33.607436 121.964027 3.134960 5.019202 -105084.541043
34.767931 126.890343 2.528309 5.764126 -104999.653471
33.747682 123.421876 3.857380 4.586590 -105068.138054
26.876583 134.403906 2.011604 6.995910 -105052.659557
28.679087 131.197327 4.153727 5.218992 -104918.742815
39.478431 133.322498 3.569914 5.776143 -105103.112488
35.727593 119.750006 3.152988 6.498271 -105101.852740
31.032172 131.839611 1.343631 7.478980 -105031.473320
35.564940 131.863344 3.843270 4.753998 -104993.575958
34.853883 135.220896 1.569690 5.972080 -105090.300002
28.688154 135.810827 4.068710 4.825622 -105040.912947
25.182365 125.360773 1.527856 7.068730 -105114.413781
32.116629 136.793928 7.614657 4.467773 -105114.668198
30.614829 135.510368 4.699956 4.616345 -104990.540269
31.605234 135.216718 3.042302 5.080219 -104999.599957
35.104091 131.334145 5.267945 5.545180 -104910.704424
30.660610 124.841740 2.233149 5.911806 -105021.058375
28.869485 124.562645 5.079272 5.165300 -105024.567684
34.732725 130.548135 4.203402 5.024958 -104933.219493
27.831648 135.511900 1.398322 6.851819 -105104.911652
28.627920 124.371667 3.829148 5.896154 -104997.123434
32.574315 132.682287 3.972513 5.952851 -104862.900758
25.442236 127.703488 4.570118 4.680214 -105105.737029
37.966480 126.549001 2.961140 5.874893 -105058.904643
31.608707 130.077726 2.143958 8.286179 -104899.493267
31.139440 121.539300 3.586427 6.326924 -105024.018922
31.929663 138.704829 2.141622 5.624652 -105114.933282
36.559968 128.524489 2.850499 5.974246 -104993.251997
27.821092 126.647296 4.646048 3.941280 -105068.362538
33.543579 127.701808 2.825033 4.104824 -105062.215456
32.784912 128.106460 7.138931 6.337180 -104970.762050
35.117318 124.506907 1.292122 7.637133 -105066.136863
36.256939 124.670863 5.416051 6.372431 -105064.543757
37.308195 128.406919 2.286249 5.207989 -105090.419230
27.332401 134.714156 5.106170 6.463977 -105060.275798
35.025794 132.858993 2.717104 4.713711 -105039.267015
36.876028 122.847425 2.892351 5.960531 -105085.526356
36.841071 122.694178 3.607526 5.745495 -105096.820581
35.738015 128.542287 3.160485 6.635413 -104918.679147
32.655875 134.770009 4.515901 3.619717 -105041.121248
33.833974 123.614977 6.035043 6.853743 -105086.152771
27.326720 129.042794 3.386668 5.403695 -104985.422583
28.742011 134.008389 3.440146 4.007666 -105058.686440
29.960848 130.390669 4.859288 6.039685 -104839.641580
32.641252 121.900587 2.101244 5.836250 -105081.102956
26.212965 134.773008 3.316053 7.659152 -105045.484775
33.341776 124.454298 5.542980 3.446300 -105114.032309
30.832583 131.188385 2.493581 5.061454 -104989.175297
33.112618 130.444636 6.128899 4.626433 -104888.327714
39.243001 127.075236 3.939658 8.490863 -104989.819202
38.778726 120.343626 1.977238 9.127864 -105049.185074
29.779080 132.372966 2.869518 4.870445 -104988.901634
32.016925 128.364754 6.749832 4.714249 -104899.619830
37.860348 122.638032 2.180181 6.973869 -105077.096645
30.573251 138.481886 4.631041 4.768869 -105118.189729
38.137763 125.221859 2.799987 7.134004 -105012.375998
31.020994 125.672883 4.779389 5.747758 -104913.696504
38.207440 132.620771 5.068601 6.001145 -105068.947431
29.801358 119.002847 2.433346 6.219774 -105118.134868
44.179769 128.636947 1.706927 8.123030 -105100.788662
27.757568 125.000334 4.482267 5.083982 -105045.881616
31.122359 131.877204 2.974081 3.363834 -105085.638922
35.105057 139.052276 2.881860 6.187887 -105109.290364
27.307741 125.227887 2.126296 6.748853 -105037.597824
34.732926 129.590518 2.380166 4.457044 -105068.882631
29.493068 132.858458 6.774953 5.331153 -104937.846673
32.435092 130.136658 2.393308 4.934843 -105006.262499
26.194794 132.926592 2.607752 5.851981 -105053.007161
30.933060 128.397628 6.234165 2.286228 -105108.966516
36.229656 134.201952 5.599670 5.507396 -105026.902456
28.195551 131.173243 2.999074 8.060788 -104906.688502
28.471888 131.884213 2.500585 6.166142 -104972.372204
27.537607 127.611329 4.979240 5.162900 -104985.667124
27.892797 131.663993 5.784939 2.906915 -105098.884400
32.200409 130.210098 6.294746 8.098655 -105052.705346
31.965460 134.401498 3.451200 4.390502 -105004.021053
30.054117 126.108976 3.644402 5.919176 -104922.858497
33.198334 132.143151 3.205382 3.625173 -105062.523150
31.312912 132.130662 5.835930 6.653058 -104878.382252
34.259918 121.914445 2.715733 8.847425 -104956.529396
36.324152 131.558945 2.838086 4.623604 -105064.660402
31.233522 120.137802 4.265978 8.251618 -105102.581918
30.998094 125.443123 7.461179 3.943666 -105058.847999
36.184137 132.485485 1.906035 5.184353 -105088.614053
31.930335 121.876919 2.498751 5.802491 -105060.669533
36.090274 130.602371 4.022806 6.554750 -104906.003501
25.712945 133.377188 4.822216 7.089080 -105113.032530
38.048909 134.496331 4.491113 4.901778 -105111.631339
40.058452 129.735764 4.430177 9.082265 -105075.724871
37.344398 130.126035 4.832938 5.131013 -105036.587865
33.382013 139.561067 2.991692 9.694299 -105114.614584
36.476958 127.684844 1.736027 6.539987 -105048.280566
31.554589 131.892990 1.506675 5.388810 -105073.858543
32.691682 135.367153 3.338634 3.298884 -105113.785524
27.284176 121.146651 3.020033 6.189869 -105110.069680
29.827568 125.773520 4.443195 4.900946 -104974.234999
30.260640 126.100138 1.159041 7.193565 -105079.349937
38.098484 133.095279 3.633986 8.410379 -104975.425263
37.726521 138.191737 3.088377 7.512009 -105117.042684
32.155358 131.120960 1.773185 6.629712 -104990.509572
29.252231 135.474832 6.829354 3.430730 -105098.948843
33.673656 128.453721 6.696796 7.224051 -105017.987469
31.901605 129.732785 3.924411 5.219872 -104881.827477
28.037254 132.037241 4.641201 4.276476 -104993.117999
39.679272 135.540978 3.681616 7.839023 -105111.834203
35.183110 127.643945 2.483113 5.399177 -105024.075501
39.642947 128.338476 3.595947 7.509845 -105003.484708
26.755269 126.045841 5.056294 4.496550 -105093.193051
35.845478 130.299755 5.628514 4.370237 -105013.741781
37.845724 131.391742 2.029514 6.875638 -105027.649600
44.880669 128.321919 2.607338 7.782323 -105107.932263
38.064855 129.465541 4.786547 5.209673 -105073.213566
32.568928 127.598576 6.973473 3.833496 -104983.919308
27.876094 129.501515 3.810598 5.446880 -104946.026244
37.926934 120.672002 3.773038 8.316910 -105100.680507
29.696812 136.354196 4.148908 6.131405 -105000.848335
26.943205 130.380398 2.843139 6.732738 -104968.404866
29.548336 135.431656 4.345838 5.329483 -104981.399423
25.532950 127.274375 3.647777 5.427526 -105072.796192
29.526571 135.349932 5.230543 6.502162 -105000.666422
33.679112 129.275816 3.119927 4.290447 -105019.130402
34.919223 123.771373 5.323852 5.236753 -105063.357392
33.121346 130.885722 4.124033 2.969947 -105088.423027
31.702150 118.036705 3.277763 6.601885 -105117.812350
30.203771 119.247808 1.894348 7.572252 -105087.548157
31.731094 128.832716 4.702699 3.725973 -104984.523476
32.462616 125.840946 3.630171 4.151385 -105039.521458
33.652706 125.521185 3.124855 6.317645 -104937.862738
28.279474 123.999506 3.993727 7.400305 -104988.312018
34.730859 135.995447 2.712340 4.571352 -105083.324907
33.950373 127.974842 2.521393 6.179557 -104951.711168
36.689829 123.475082 3.279694 7.473935 -104989.678937
32.370546 136.218266 6.292657 5.946596 -105052.306829
34.920959 127.380854 4.296220 4.452835 -105012.695693
39.065789 127.006610 2.221827 7.194320 -105032.884923
30.118260 130.282818 4.704615 4.806750 -104888.772374
30.816652 125.855828 2.551665 6.203287 -104964.360448
30.544651 129.040612 6.200123 3.370976 -104989.410701
26.929874 131.893754 5.965867 6.933003 -105098.380630
38.149113 129.764609 3.694452 5.003372 -105080.030229
35.158436 126.498351 2.586044 6.392081 -104973.263989
27.693906 131.991730 3.808390 4.333257 -105021.735430
39.915533 129.991693 4.929220 7.975515 -105108.853806
36.079050 128.826493 3.413207 6.719733 -104913.113464
27.641152 120.313847 1.646932 7.710066 -105107.033621
39.366719 125.172080 1.766369 7.468276 -105069.645080
27.514001 132.316119 3.880290 4.409102 -105023.883226
35.011454 133.966361 1.710182 6.607048 -105040.817269
35.317879 128.631319 5.918365 4.365208 -105007.745494
37.837783 135.274729 2.858272 8.053148 -105011.800272
32.359849 128.528097 3.447334 5.240528 -104918.896954
31.450831 130.521933 2.237910 5.074407 -105008.919064
35.555303 133.810935 4.727461 5.040247 -104983.380965
33.486419 134.752141 5.320881 5.575076 -104934.520662
36.463120 133.892580 4.189571 4.367474 -105062.701177
30.456074 134.539275 3.607394 4.557529 -104995.759684
34.067550 126.574052 5.441401 3.975858 -105029.801897
31.981365 128.819269 4.609828 3.070727 -105056.537809
31.435509 136.635993 2.843981 4.786347 -105061.941339
31.611879 125.773420 7.286724 3.321737 -105077.020114
31.368322 119.948928 3.380359 7.644765 -105043.953510
30.184538 121.660824 4.552651 8.009730 -105073.399726
35.395361 129.907372 3.320172 4.848288 -105001.551976
30.731201 133.746360 1.590344 6.944299 -105028.510703
36.320536 129.077027 1.693691 7.144304 -105017.824858
43.211883 126.838768 2.453152 7.211890 -105109.054480
31.253829 137.328143 6.185782 4.911810 -105089.554423
36.947559 129.283865 2.179031 5.622917 -105059.771703
28.235451 134.954344 1.642148 7.603723 -105050.745052
28.031938 133.562840 1.905073 5.529605 -105071.357531
29.847325 128.403561 2.187723 4.776923 -105048.179351
30.244623 129.635284 8.501060 4.058678 -104956.296104
38.358199 128.891849 3.918826 5.836243 -105041.392378
28.689870 136.419139 1.875576 6.539596 -105076.345535
25.293270 127.443132 3.356402 5.692738 -105072.180172
30.880707 136.213621 4.319737 3.345872 -105106.718633
30.164349 133.537221 4.780118 5.117520 -104907.710374
39.081669 130.518907 4.938176 7.184905 -105066.115390
33.802121 121.737875 3.152489 5.473385 -105067.764490
28.296046 139.039028 2.482183 8.306343 -105101.329835
24.758867 127.671346 4.557528 5.820328 -105115.177122
32.109091 132.994523 5.079444 6.285570 -104853.991991
34.447714 125.062856 3.196628 3.827519 -105116.439096
29.172193 131.932838 4.703540 5.848325 -104878.573809
29.419207 135.237914 4.720715 7.274297 -104998.776830
30.410344 120.589095 2.404870 6.641110 -105064.722153
32.612363 128.041963 1.663145 5.878596 -105041.201124
34.823848 121.631844 3.537327 8.145681 -104995.051912
32.951446 118.825283 2.604687 9.306078 -105035.253179
27.138350 134.523555 3.428552 5.690864 -105029.856532
28.360221 125.289073 3.346841 5.083690 -105033.275753
25.521569 126.399382 2.875499 4.971373 -105116.722914
32.567576 131.270511 3.718562 5.215762 -104895.754627
35.558715 121.436135 2.556612 6.501987 -105066.988157
28.519074 128.847176 5.575781 6.461150 -104923.526060
34.530773 127.088560 4.762067 5.742870 -104918.908984
30.460341 134.057561 6.781910 6.605950 -105050.528911
33.610811 125.588299 5.714136 8.129330 -105041.272069
29.331640 130.031780 1.478890 6.338897 -105050.913467
30.922941 123.305370 3.746121 5.105594 -105028.619214
37.203538 136.180623 4.848741 5.587193 -105109.719320
34.374061 127.919122 2.516001 5.599897 -104991.597034
28.637754 132.853027 2.759074 4.678791 -105032.339199
34.811762 134.931874 2.852639 3.806367 -105107.699880
33.024301 127.035107 3.713050 3.305222 -105092.559915
37.572070 134.124868 3.565681 5.800034 -105039.775772
34.491700 119.968041 3.565444 7.650107 -105056.927475
27.677361 127.938389 4.665657 6.406888 -104940.063526
34.686838 120.034512 2.569911 7.187087 -105058.409808
29.827167 122.635325 4.816179 7.442288 -105045.472466
28.561147 131.388352 4.543239 3.757992 -105015.326763
29.439161 124.725088 3.055277 7.121454 -104940.112499
31.216081 124.946382 2.912887 4.087940 -105087.882931
30.401063 129.257253 5.547422 4.559374 -104892.564110
42.330162 127.296221 2.624400 9.903892 -104994.204541
33.794997 119.954921 3.426009 5.820034 -105092.858730
29.628905 130.871451 4.171574 6.525110 -104848.591914
30.124594 126.284663 3.028892 5.539597 -104966.666142
29.186703 129.477669 4.388200 3.206167 -105059.865117
29.769357 133.094251 5.293482 5.047171 -104904.182819
34.986516 132.456610 5.748812 6.993062 -104958.547110
37.475063 128.405206 5.904186 5.482755 -105084.158260
40.585396 133.208564 2.149803 9.409762 -105012.578203
34.655196 123.143911 2.586075 5.216075 -105083.990362
26.559450 132.963338 6.935758 4.562278 -105111.584526
35.324471 123.049284 4.367470 6.453351 -105026.400386
34.897044 125.372120 6.343387 7.170841 -105096.299617
37.521430 133.572913 4.092935 6.012219 -105019.902351
33.440275 133.483793 5.322950 7.330286 -104933.080427
42.932997 130.252222 3.063227 7.599612 -105090.484386
35.100224 125.926979 3.567539 6.152611 -104951.285737
36.365143 123.860723 4.170853 5.239922 -105086.387328
36.149984 136.306026 3.826296 7.126964 -105026.242246
31.729839 126.740236 2.486892 4.991572 -105021.099777
29.789162 128.474488 4.130727 3.347493 -105052.852945
29.106236 135.792264 3.691609 6.134823 -104991.346553
37.385910 125.839344 1.249508 8.155228 -105063.622899
31.932283 121.970696 3.570028 5.985137 -105020.536463
25.602185 131.804484 4.199825 5.034045 -105066.864113
35.708636 130.577543 2.157435 4.940531 -105070.100887
31.703319 131.011476 4.025486 5.576750 -104855.044521
34.830115 130.087932 7.346824 5.814677 -105002.429523
32.325653 134.857545 2.168908 5.922577 -105013.791663
29.088573 132.636607 2.634572 4.498181 -105041.174972
32.501124 135.597827 5.119207 3.170992 -105090.071702
36.993392 125.040797 2.527163 6.978216 -105005.763851
35.859894 126.613013 3.846382 4.711737 -105045.792967
39.523159 129.788273 5.084662 6.842567 -105103.334916
27.964528 128.278958 7.159119 3.864633 -105041.755918
29.645498 122.172485 2.736028 6.018914 -105050.161903
37.554144 129.414726 6.424110 5.689758 -105108.510833
31.443144 125.508820 3.800389 4.865385 -104983.074619
31.143106 135.799307 5.976575 3.095328 -105101.708947
26.453604 128.772340 4.090454 5.692127 -104998.981141
24.435460 129.431752 4.008580 7.984616 -105099.534520
39.949176 121.875662 1.715427 8.536717 -105073.473821
34.207542 131.257243 2.102322 5.425221 -105022.025256
29.530261 136.177653 1.594267 5.598157 -105112.138762
27.396880 129.959938 5.589230 5.661571 -104964.855924
33.744850 130.811372 3.251027 3.707824 -105058.097165
36.295211 127.558988 4.466140 5.163543 -105009.997725
30.573087 123.077037 3.998929 8.357637 -104970.487339
35.307669 135.957593 4.930207 4.100326 -105073.202037
35.543957 126.889510 3.216341 4.190486 -105085.988798
34.866239 123.047033 2.095560 6.169513 -105065.593742
29.967520 129.481307 4.274867 6.517862 -104837.955568
25.654130 128.389473 5.859252 5.556760 -105112.940641
31.861857 137.979553 3.908663 6.393563 -105044.351717
31.150790 138.265182 5.120315 5.442157 -105105.573512
29.836353 124.947484 4.534592 6.881598 -104931.526496
27.712831 127.674953 4.548113 5.735023 -104953.296162
36.687579 127.160748 3.738720 4.172251 -105104.038638
30.224734 129.161165 3.139095 4.190018 -105012.417031
26.413216 132.205822 2.131139 6.600111 -105040.221496
33.488997 135.247447 7.836644 5.195819 -105084.587771
30.589003 126.907181 4.037882 7.008507 -104855.923455
29.327714 133.083856 2.195588 4.594806 -105067.317972
23.601037 129.895056 2.263697 6.602559 -105114.011699
33.462228 125.361426 7.444478 5.954688 -105099.244788
27.981499 128.102646 3.008045 4.703877 -105031.623649
31.294589 119.246920 2.573556 9.450201 -105029.750111
34.980464 124.470235 4.379850 4.330911 -105082.439372
30.277252 133.700743 2.211286 6.550687 -104976.760638
28.283005 132.375361 2.699205 6.818579 -104948.080345
38.528883 131.275649 4.136721 5.776713 -105050.094126
26.813849 122.784781 2.901700 6.165445 -105087.227767
36.792261 127.219377 2.715288 6.246264 -105002.876535
41.807542 130.476931 2.211948 6.628396 -105113.574589
33.899875 129.707767 5.081236 8.108872 -104896.493552
35.060028 127.745618 4.235998 4.052217 -105044.570351
28.576553 123.381289 1.524987 9.176574 -105025.966353
29.390795 128.150891 5.415419 7.013643 -104907.797042
31.268259 130.262078 1.281664 7.429888 -105036.136901
35.133585 135.523541 4.283833 4.600024 -105034.773374
30.191127 130.058516 5.743642 4.402773 -104897.593337
26.192432 129.119130 2.349506 5.236512 -105078.410164
29.079022 135.148777 3.085350 4.216237 -105074.231099
33.367118 121.186799 4.547201 4.788933 -105105.713992
27.333409 133.175142 1.719373 5.056611 -105113.752608
35.966525 122.333390 3.708247 5.386354 -105097.425522
28.729514 130.808120 5.654978 5.496940 -104897.610707
26.942700 135.419363 2.880852 5.368980 -105082.481027
29.591578 125.742134 5.051074 5.211805 -104960.249396
25.706909 125.142361 2.457304 5.674841 -105107.883760
32.633664 128.937173 2.361953 4.008756 -105078.480025
33.302342 128.585966 1.510486 5.601159 -105072.107567
27.962754 134.257618 4.919628 4.554544 -105022.102100
31.865758 133.639566 3.804326 5.914614 -104887.341411
34.313272 130.271125 4.466084 7.589456 -104845.263519
29.810444 132.872974 7.768575 2.639433 -105089.418666
34.316390 137.137971 2.098280 7.571554 -105034.328385
30.078369 132.173797 4.202884 3.559613 -105022.407139
28.557427 133.513600 3.766572 6.129050 -104935.839547
32.890823 130.900532 6.056742 6.596355 -104873.379801
25.050234 128.337969 4.323130 5.473151 -105088.508637
32.163570 124.454040 5.987317 4.443884 -105034.086416
32.950678 134.595314 4.385493 6.961467 -104906.008859
30.412459 127.679091 1.636552 5.125433 -105082.427593
34.269535 125.117294 2.348575 7.592507 -104943.103140
34.696652 138.870479 2.026596 8.180389 -105077.215306
36.992605 124.054065 4.872732 6.739816 -105071.801903
31.751109 125.119422 4.435695 5.623111 -104933.851406
26.365786 136.348609 3.669596 6.808488 -105101.874829
32.021839 131.796254 6.826416 6.223413 -104911.715661
28.261871 137.417503 4.017490 6.204282 -105088.294676
35.483809 125.405341 2.685951 6.890386 -104964.755553
34.858659 123.911651 3.695457 4.086883 -105113.771066
29.814548 126.888057 2.639604 3.712781 -105104.431373
22.778167 128.831319 2.169489 8.158735 -105105.835415
37.188447 127.486993 2.451335 5.908210 -105044.235225
29.063255 134.139819 3.467961 5.291112 -104974.931522
33.605192 125.265390 3.971365 6.390209 -104916.519510
36.781386 131.184436 3.989749 4.381843 -105060.881683
33.115643 137.673616 6.123746 4.328697 -105106.062819
31.601601 139.081209 2.680984 5.648284 -105108.459120
36.587037 131.390766 4.488098 4.797323 -105017.448857
26.571452 123.664199 4.175000 5.512050 -105108.792724
28.471901 130.854877 3.638521 7.129530 -104886.124791
33.410715 131.730166 5.689307 3.654992 -104984.519846
30.598192 122.119519 5.416433 5.363053 -105080.775423
32.639131 138.223099 1.489154 8.016071 -105087.464756
28.784228 127.118542 4.209236 5.736796 -104925.073707
38.463371 127.802369 1.885251 6.607235 -105067.674636
40.722121 124.634279 2.984579 6.807806 -105106.900396
31.087368 132.186443 2.941874 4.522107 -104994.683477
33.227992 123.827130 3.431960 4.999220 -105034.470126
26.751952 127.489669 2.229531 4.714239 -105107.858077
27.757848 135.598333 3.512372 4.898773 -105066.805371
31.547413 122.154600 1.546670 7.554195 -105057.313259
32.413402 126.957911 3.532261 4.023605 -105032.501555
33.950776 133.355485 1.920184 4.133700 -105116.062342
28.912006 131.826498 4.089417 6.252113 -104884.068223
36.557345 118.072473 2.215322 8.163805 -105095.806849
34.257935 122.394201 4.362717 6.207783 -105029.040654
31.702429 128.058155 2.748276 5.990512 -104925.527862
36.141085 127.786384 4.802047 5.800163 -104966.538087
34.161138 137.147883 5.238762 3.592293 -105109.622192
31.385175 123.320779 2.218112 6.168532 -105033.146702
29.506908 121.692125 3.105705 6.879119 -105024.085410
32.880577 129.469876 6.099611 8.182831 -105028.753868
28.164516 137.331671 3.105277 5.941916 -105082.090091
38.264580 125.092162 3.457284 7.486324 -104998.288459
29.888647 128.394177 7.176333 4.232171 -104946.993107
28.963464 135.728155 5.730980 5.551781 -105041.694625
30.612921 124.476650 6.183558 6.498743 -105033.556436
39.886523 129.773959 2.454232 6.912042 -105045.859287
31.297406 128.301368 6.064848 2.248905 -105116.183041
34.227148 132.229085 5.629302 2.752272 -105105.901486
26.719899 127.011103 2.958307 4.805152 -105076.630178
32.648062 121.970556 4.809055 6.805596 -105035.699516
29.401820 131.106886 4.898954 4.980340 -104891.225020
37.215232 134.959538 5.539112 6.532970 -105115.858990
36.923442 137.204018 1.932992 6.398625 -105109.865663
31.041378 131.334176 1.561520 6.050660 -105040.325539
31.234069 139.181821 3.806189 7.347033 -105113.712571
33.858834 135.151957 2.630669 5.730050 -105003.116313
38.445214 134.917201 2.988508 8.110430 -105018.422185
34.662684 123.183022 3.349730 5.039250 -105069.911049
29.924363 127.919155 9.958737 4.231563 -105091.812157
