90.689113 107.632077 11.976930 7.726044 -112036.003640
88.680960 157.183623 11.976930 7.726044 -112036.003640
164.299318 110.100688 10.539384 9.486062 -109853.029206
165.410929 134.354815 10.539384 9.486062 -109853.029206
147.328774 122.873309 10.539384 9.486062 -109853.029206
145.003216 102.083241 10.539384 9.486062 -109853.029206
8.301552 145.824090 4.624814 3.530544 -116344.075506
196.082582 52.296425 1.900399 6.647221 -116452.436930
168.672082 7.560939 3.483229 3.507570 -116473.628413
130.075772 3.935362 3.614139 4.086195 -116454.288370
