130.205390 1.461993 5.042141 5.114570 -116472.586186
131.284699 4.870301 3.614139 4.086195 -116454.288370
135.539411 1.645039 3.684451 3.235148 -116517.487846
130.485950 5.918832 3.519498 5.240521 -116485.273869
130.842393 8.027738 1.664449 4.107120 -116504.459559
130.432828 6.035113 7.293180 2.141501 -116521.777547
134.522742 1.460229 2.291861 3.461899 -116500.193304
130.672776 3.759577 1.155305 7.824350 -116484.402293
129.417922 0.322760 1.507275 4.644265 -116486.253539
127.691058 3.414799 1.426946 3.777650 -116489.894873
124.610577 2.295883 4.538082 2.893245 -116528.109461
129.126266 9.694651 2.641914 3.716071 -116530.428027
133.975094 7.271577 1.984116 2.580328 -116528.645947
127.870020 0.780663 2.467935 3.023677 -116498.815573
127.870799 3.288248 3.542639 1.762699 -116506.910207
134.075250 0.344618 1.085269 7.686763 -116492.806260
128.786717 0.265691 1.394427 5.197091 -116485.466672
124.223836 5.505536 3.906961 1.492711 -116529.418372
127.743874 1.003238 4.760951 3.819196 -116473.111796
126.937799 0.795972 5.474895 5.139961 -116513.547399
134.937726 1.516522 1.581349 5.286756 -116493.019695
133.918734 5.272530 4.720701 2.046923 -116520.136103
129.505814 9.854921 1.148595 4.589092 -116523.656645
125.710692 4.844688 2.475642 7.590161 -116513.651848
128.061046 0.026272 3.358244 5.736006 -116455.252618
133.663212 3.117388 3.903729 2.617459 -116488.523487
132.793845 8.469901 2.149606 4.425997 -116519.365476
132.255007 7.267064 2.935154 4.367647 -116500.512733
125.035903 5.593766 3.632285 2.336087 -116510.637986
