198.074029 128.718764 1.035033 7.227063 -106725.990743
195.781501 142.715639 7.558573 1.326986 -106722.949225
197.386171 131.607383 5.058137 7.164894 -106430.596709
190.493612 146.158782 3.111141 3.320363 -106741.540849
194.500961 145.788905 2.386372 5.471561 -106569.620035
192.389251 140.788584 1.737110 8.423687 -106482.165830
193.013286 146.951297 4.237781 4.940574 -106587.013348
194.704816 145.794758 3.583192 4.674854 -106544.733445
189.062605 132.697980 2.801764 6.598991 -106641.142214
195.261192 144.095623 6.396710 5.514599 -106320.668957
190.705882 141.816300 3.374233 4.512604 -106541.525568
198.857063 140.640217 7.042670 2.100144 -106644.208007
196.062691 129.889696 4.292997 6.594663 -106569.351775
196.051196 140.944261 8.934844 4.875655 -106150.911155
196.209529 144.345033 4.262399 6.809566 -106319.924794
194.936971 138.990613 2.811370 3.579561 -106535.855978
192.711065 132.239499 6.006196 4.328597 -106639.889169
197.708775 129.627827 4.087067 6.295969 -106582.660231
186.992576 140.231431 5.015670 4.752738 -106706.205387
194.133119 146.947279 4.346340 4.050821 -106624.834618
192.500083 143.604186 3.834750 8.568024 -106375.908633
193.152207 146.433012 5.335359 5.588343 -106530.102320
192.139088 135.112109 4.805982 3.047044 -106636.861938
192.270686 142.732145 5.704258 8.606038 -106488.219075
198.204315 133.512483 3.687530 3.112289 -106647.119415
188.432829 140.117217 3.762682 3.945839 -106667.492832
199.024405 134.952844 2.398942 8.111261 -106431.194801
190.992884 137.100870 2.944922 2.826716 -106709.463337
192.233196 137.101485 2.882124 5.279845 -106465.910237
198.871879 129.629450 5.895093 5.549312 -106625.830840
194.494070 137.979925 6.286606 1.360026 -106721.083733
188.040091 136.542410 1.595745 9.389831 -106588.704616
194.337934 149.200364 2.245353 8.998343 -106580.814242
199.578542 149.518323 1.963815 6.871170 -106681.345863
190.258608 134.711081 4.607104 5.462640 -106556.486857
196.889532 138.661453 1.271900 8.141035 -106553.769289
199.288189 146.075626 4.235941 8.745495 -106366.708923
199.324612 143.893552 3.218283 2.932959 -106715.297922
191.658429 147.246277 1.713767 5.941296 -106665.948140
195.428907 145.814861 5.318871 7.511849 -106407.507296
187.591516 143.463504 3.121624 7.343901 -106587.543117
197.135268 144.343668 4.227577 4.757970 -106456.609545
198.390783 131.145379 4.082629 4.913610 -106589.514461
188.290832 142.356894 4.429945 4.997542 -106616.350908
191.954549 140.362324 5.969478 2.811821 -106574.418279
198.713451 139.388681 7.987694 1.754593 -106660.337264
193.550178 140.316792 1.608385 4.405253 -106618.846204
195.817485 150.733122 4.306209 6.231970 -106719.144077
199.395181 130.105063 4.539275 9.994590 -106463.926116
194.093642 141.503944 4.491350 5.665005 -106260.819244
191.436975 148.565838 5.304798 5.549678 -106737.976754
197.113186 131.523916 4.250058 7.448223 -106433.704670
188.628668 142.329231 3.935120 3.934071 -106672.039906
186.445247 138.445395 1.119850 8.800016 -106670.206646
193.732322 132.673283 2.909834 9.936801 -106447.737778
198.206739 128.761220 6.096177 4.838368 -106726.114632
198.940320 134.884705 4.318339 5.569838 -106375.626960
199.247886 144.482947 6.451310 4.715318 -106448.460484
192.319712 138.567145 3.341509 9.795035 -106355.345205
188.649901 150.047169 1.428348 7.845027 -106725.205855
185.410777 145.443436 2.205008 9.322187 -106669.070420
198.708501 141.905204 5.673193 2.506495 -106627.597210
192.433569 138.968050 3.904530 2.621021 -106635.690101
194.895247 134.006442 1.002173 6.330477 -106670.334262
192.020331 140.854423 2.088107 8.346550 -106441.519039
191.299572 137.628584 2.116969 7.044108 -106485.251789
196.990576 149.320561 5.331379 5.689889 -106674.970591
188.617098 148.289935 2.902046 6.593568 -106701.785991
188.847913 139.975530 5.378718 3.194911 -106699.759009
197.453083 132.857382 3.341857 9.573447 -106367.709550
190.281155 140.447544 5.722188 5.787265 -106420.225489
191.018100 137.721383 2.835888 9.486401 -106410.750710
