13.639997 180.346018 7.240768 5.627649 -109703.696933
10.601987 171.584862 4.237224 9.747646 -109170.876017
10.041413 181.212328 10.466886 4.057802 -109595.971825
6.327200 177.876765 2.930696 7.618123 -109498.519730
6.383923 180.751823 5.828775 7.163675 -108841.319108
18.102988 178.590823 2.535026 9.511133 -109920.209613
4.350923 179.498578 9.179602 6.249129 -108919.064802
10.682258 172.859024 4.966469 5.269050 -109926.922178
1.868282 182.409579 7.630782 9.336334 -108414.275541
11.286315 172.609249 6.250659 8.914893 -109182.628525
9.835527 172.322396 7.687738 4.833500 -109887.753375
11.745434 177.839558 4.304931 5.467985 -109842.157210
4.148251 181.055521 8.209735 4.210757 -109590.020384
7.051955 181.417284 5.820408 5.898266 -109134.405990
1.967814 173.871810 3.224926 6.137874 -109932.976380
6.406762 180.656125 4.657657 8.230028 -108861.306256
16.921214 180.452873 6.269781 7.233445 -109934.421164
7.246471 175.155394 2.552790 8.106443 -109600.515016
11.080795 174.068938 4.708078 5.879341 -109798.317811
6.267591 182.536068 6.067935 5.405870 -109213.675002
2.511498 182.470183 5.187513 6.366860 -109326.171715
4.032965 175.418693 4.861722 7.095094 -109294.226342
1.477021 174.715689 10.801038 7.015095 -109190.536824
17.935559 179.734402 5.071463 9.577406 -109770.632153
16.459146 173.552387 5.447655 7.886410 -109998.950403
6.177431 176.919678 3.704770 5.404723 -109791.621500
4.923483 182.729312 3.681945 7.542521 -109256.245378
12.053668 177.933734 6.933350 4.851936 -109855.433839
15.696218 170.999883 5.480880 8.523254 -109898.832844
2.023473 178.659908 6.434724 5.343894 -109609.021562
9.247993 180.065730 4.687375 4.950984 -109685.584519
4.726202 181.288032 3.593955 4.816110 -109860.484123
7.551083 174.538308 5.361535 6.039285 -109484.076616
4.102149 178.141528 7.485400 5.128118 -109464.064917
8.682045 178.763884 3.193267 4.828078 -109973.275546
3.567158 180.195931 6.651128 4.179817 -109778.436779
9.134925 179.786896 4.873486 8.399830 -108863.096036
0.605689 177.897224 3.128226 9.104992 -109428.879496
7.138452 175.149534 5.766950 5.794904 -109472.593076
8.265729 177.355559 6.257059 8.124240 -108763.862710
8.024659 176.306347 4.327631 7.271195 -109276.918464
9.311435 181.376266 4.200115 4.750931 -109764.030570
13.893485 176.310124 4.285505 6.717512 -109815.316036
6.146531 180.261163 3.764542 9.318889 -108938.366504
9.593108 178.486362 2.253817 6.254752 -109932.810967
7.739328 178.910759 4.967553 8.124638 -108865.358776
2.331328 175.934984 3.839691 5.675911 -109872.396286
12.747207 180.321383 6.705454 8.115334 -109087.624585
5.409718 182.076165 3.430867 5.095721 -109788.117172
9.078159 181.241754 5.944153 5.703487 -109229.605187
0.852125 178.529436 3.514690 6.037790 -109891.818330
6.501201 177.243101 9.286235 5.704424 -109185.813150
7.939271 172.003107 7.569218 6.176466 -109441.924888
4.376157 181.461092 9.133200 4.364443 -109448.951354
8.763779 176.583387 6.184646 4.519823 -109799.411680
7.290244 175.951954 6.027333 7.264069 -109017.196606
6.147434 176.061533 6.291143 5.163692 -109564.498336
10.979475 177.913306 3.155714 8.031337 -109468.945079
11.431297 177.444042 3.980955 4.860584 -110013.035703
5.207092 180.313648 8.083128 7.970853 -108476.597808
11.739475 177.767431 9.809063 4.853577 -109850.717877
1.704010 173.151976 4.363143 6.009045 -109819.620495
10.450380 180.087266 2.944833 5.817425 -109834.944787
5.858563 177.891978 8.019779 6.682656 -108886.143660
11.651810 177.674438 5.300162 4.776489 -109927.369496
15.239997 177.827274 7.174497 7.382804 -109789.773280
16.308397 180.892077 2.812922 7.848505 -109906.123690
8.261455 175.453718 8.226548 8.037218 -108856.138495
12.628241 181.965126 4.691888 4.989314 -109822.417619
12.507518 179.685401 7.864723 8.564446 -109088.763657
13.442248 180.243032 6.592788 5.991121 -109603.720463
11.322721 171.520871 7.010647 8.888390 -109307.828849
16.775647 178.593247 5.360285 7.333416 -109927.340338
3.325588 176.703277 7.072895 8.492163 -108634.803635
1.120096 179.088328 3.071273 6.531210 -109850.379403
16.718970 176.972823 6.077434 8.678511 -109826.557726
1.401227 182.978742 4.555638 4.829209 -109896.082599
11.374638 175.665881 5.496256 5.374465 -109824.871623
2.159067 176.295793 5.919192 9.476739 -108631.585255
5.598241 173.804252 2.830253 5.534152 -109992.092519
10.568664 182.357822 8.347075 9.116555 -108774.096014
4.289867 177.336139 6.621625 4.485053 -109755.585239
13.422336 176.666672 5.475581 6.315211 -109760.441950
8.229551 171.927002 7.375102 5.764503 -109561.204164
15.436832 174.677337 7.233707 8.797888 -109852.396635
8.758710 172.312683 3.946304 5.204156 -109946.090397
6.711370 180.487293 7.492624 5.369309 -109146.425259
13.007862 182.283710 6.527287 7.805222 -109122.502819
4.619002 179.566087 5.862526 4.788357 -109616.955726
6.659189 172.150115 2.407489 5.947921 -110026.561437
4.520770 175.063682 5.173833 8.557547 -108897.105692
0.216058 176.004114 4.822343 7.003392 -109565.605826
7.474431 177.726457 10.260819 5.944607 -109115.913711
13.841808 173.774185 7.913600 7.551358 -109839.764262
2.665583 174.051748 6.815512 4.548788 -109905.906132
0.158298 174.304997 10.529326 5.646367 -109699.139225
7.890055 179.753231 10.820806 5.309821 -109131.885500
2.158217 180.387504 7.216065 7.390556 -108839.476954
0.803905 178.065247 3.902393 7.405064 -109540.089280
3.792272 174.267255 5.740089 6.102393 -109488.788394
15.745151 181.908871 4.903908 6.786777 -109777.653154
12.853284 180.620391 2.729234 5.635150 -110017.964486
17.245751 181.358696 3.159951 8.360232 -109868.603306
11.102654 177.104819 7.917129 9.556795 -108955.080607
2.085343 176.902078 5.699216 5.712598 -109623.403431
10.520306 175.174532 5.331868 9.192270 -108946.049170
9.336410 178.886840 6.028552 7.402051 -108920.441794
16.272984 175.288226 4.528440 7.492412 -109954.862247
16.123427 176.557670 4.688483 7.634033 -109860.903209
11.403438 181.998383 8.743773 6.244938 -109092.544659
7.942107 182.033800 10.068635 8.452043 -108619.778088
8.377526 171.956708 7.648787 7.361082 -109219.822074
15.686829 182.068709 4.241361 5.884368 -109973.607280
11.025942 180.592115 3.747877 5.393755 -109785.687467
13.014350 175.331805 4.717877 6.909568 -109686.624522
10.774976 174.562571 7.369502 6.650680 -109433.647219
5.934278 179.102061 5.257257 5.093183 -109567.872604
5.103253 181.451945 3.549041 6.217860 -109544.371540
10.321468 179.863353 7.483026 6.291675 -109095.586364
8.735003 179.007687 4.559232 7.369919 -109124.513059
9.488563 177.255184 7.747252 7.110874 -108992.193730
9.827085 171.480552 6.439104 7.562229 -109322.939611
10.903201 176.333403 1.685668 9.177804 -109825.947892
8.886680 181.842978 7.984754 6.744239 -108729.884203
14.833030 179.465832 5.661220 5.639535 -109944.658509
5.912265 182.473765 5.345798 8.474291 -108674.083620
6.335378 178.217193 6.254962 3.628671 -109970.496515
10.236005 180.828054 4.546153 4.209489 -109925.275152
9.843733 176.844326 7.114087 6.411856 -109242.681142
7.322846 173.491704 7.469819 6.805399 -109184.910782
8.337213 176.066014 2.891226 5.519038 -109948.635329
2.091946 174.721037 4.589692 5.129015 -109940.807802
8.218016 175.416671 4.463184 5.308772 -109765.509034
2.049812 175.335625 7.716874 6.683648 -109228.889921
12.570166 182.193593 1.618392 7.797379 -109982.740778
10.304886 175.802617 3.716235 6.908996 -109586.365285
8.933439 172.084350 5.161819 7.630248 -109291.801180
14.544190 179.859152 4.666799 6.594502 -109740.472363
9.291922 180.103041 6.473408 4.247765 -109718.764848
13.459929 174.991691 9.285334 8.061185 -109870.388096
10.500070 177.576231 6.977834 8.972760 -108793.870510
11.596398 177.266071 4.962839 5.296042 -109832.186530
4.757492 176.055445 6.395593 5.729537 -109420.043442
15.818383 177.670945 4.209298 8.169110 -109710.618936
6.359244 173.756010 8.462973 3.693333 -109960.223874
2.763338 172.747997 4.908584 6.794136 -109511.180771
12.862120 181.892914 9.232062 7.620772 -109266.675293
1.887329 176.955960 6.850283 7.197341 -109077.574060
8.333899 174.735667 5.098583 4.523013 -109921.375673
6.144278 174.712954 6.532948 5.126650 -109610.024889
13.232011 173.794426 2.482969 7.290493 -109978.073067
1.384356 173.532839 4.729466 9.197002 -109047.664360
9.743631 174.951168 4.718183 6.683205 -109478.664392
4.723345 176.907628 6.723892 6.375760 -109156.349611
5.867654 179.211297 3.004192 8.932031 -109253.682761
15.937332 174.065007 6.842441 7.887693 -110026.851239
5.744028 180.102572 10.000685 9.483520 -108522.980278
6.945104 173.207309 5.156042 5.928736 -109573.791724
5.161428 181.470193 7.637723 6.750535 -108727.314823
0.193181 175.713521 5.379559 5.122917 -109988.992770
14.331012 179.043175 4.257549 8.199032 -109482.091451
