71.383081 127.543608 2.560346 2.686424 -113299.776770
66.139983 129.540743 2.475853 5.888674 -113376.688225
76.683874 127.140863 5.620924 3.874088 -113255.039666
73.063737 130.861424 2.623890 4.074496 -113287.413468
70.688514 125.143509 2.405142 4.703976 -113289.914292
77.011886 128.313915 4.423263 5.107384 -113319.750672
77.439063 126.738515 2.837255 5.550580 -113302.295077
73.601643 127.075985 2.796937 6.453320 -113272.212252
73.265490 125.968087 1.133805 8.149726 -113334.106395
77.205234 121.841960 2.347690 6.739871 -113379.944592
68.433463 125.403774 1.984769 4.545477 -113347.197004
73.276341 130.704446 2.104798 1.818234 -113369.866077
74.112578 128.924733 3.348553 3.076751 -113242.026873
68.494370 130.392936 3.168396 5.983692 -113346.413075
69.670848 133.274790 1.053818 5.347362 -113367.885265
71.540551 125.682634 2.572980 1.437805 -113379.835801
77.727264 122.646365 5.395291 3.004530 -113382.705059
71.990065 134.395548 3.078338 4.839334 -113388.078491
76.702514 125.854415 5.787037 4.112797 -113271.814383
69.964681 128.460465 5.042923 3.991828 -113272.353180
73.120932 129.211133 4.661900 3.630447 -113197.259836
66.439184 123.322254 1.645836 5.273557 -113398.708791
76.377134 130.051451 2.775755 4.799487 -113306.510756
74.783533 126.637373 3.053977 6.022094 -113264.198720
72.936852 125.555856 2.833968 5.474757 -113249.350597
69.301526 130.395931 1.837174 3.800455 -113342.302053
68.116000 128.257377 1.908851 5.661571 -113328.339120
74.383645 124.498461 4.040238 3.055674 -113246.037554
75.761804 131.730765 3.187164 5.359229 -113347.583563
67.549297 133.913590 2.175978 4.135601 -113391.181406
78.901469 127.896477 2.242444 3.723982 -113361.600526
78.309928 121.322170 1.330991 5.986779 -113376.427262
80.564507 126.875654 1.701596 7.633470 -113385.223810
67.609408 127.956671 3.445646 4.089324 -113358.730149
74.215266 133.945300 1.452619 3.627876 -113393.607003
74.055494 132.573839 2.923108 6.047269 -113349.827320
71.729197 132.043517 2.731711 2.683635 -113358.604672
74.686054 124.237745 1.825165 2.052339 -113361.111040
74.571810 123.898249 5.123290 3.352041 -113247.613527
66.922560 130.165544 3.505725 5.018415 -113385.712610
74.218815 133.414960 3.059845 5.391876 -113373.501053
75.345862 127.704876 3.230285 6.667510 -113311.945810
78.014658 128.091883 3.878647 1.550707 -113396.194968
71.161076 129.331661 2.099023 6.686991 -113295.054058
72.983369 127.096182 5.798175 2.508889 -113189.029722
69.734252 127.215673 7.435424 4.224325 -113395.258248
77.279839 131.465320 1.512449 5.067715 -113363.497724
77.316189 131.867939 2.525539 4.172345 -113381.453427
72.867805 124.793989 4.486687 5.395491 -113283.992450
77.006195 122.446322 4.072693 3.091406 -113352.718676
73.872108 123.522818 3.787407 5.212887 -113292.792309
79.299599 125.319272 2.173404 5.077205 -113351.348710
78.308922 127.364966 2.224590 5.352388 -113326.683658
75.544348 124.258990 3.028606 5.877484 -113297.885464
71.885504 132.206334 4.407480 4.932333 -113349.782905
73.430513 123.500573 5.135179 2.747948 -113292.041721
78.902828 125.904610 1.457096 3.539680 -113369.838154
72.002562 123.439554 3.000368 2.596178 -113345.456586
76.749989 130.363134 3.917453 5.300078 -113354.223663
69.063647 125.729970 2.102203 5.135636 -113321.084912
71.314550 120.561081 2.047456 3.756129 -113398.160238
69.032667 127.194334 3.984282 2.223814 -113367.033011
66.983600 134.019927 1.814817 4.531916 -113390.586127
68.424218 134.452676 2.051443 5.140192 -113382.116537
69.203158 128.189052 4.168757 4.240928 -113298.179967
80.594335 124.123501 2.128420 5.156706 -113386.828697
69.942941 124.162446 5.439928 3.563674 -113367.073570
72.422057 132.004600 2.758723 7.985149 -113391.186836
76.428311 124.437101 3.487346 6.291861 -113345.719045
72.598661 125.252462 2.341190 5.358355 -113264.781689
70.368954 125.980377 2.948856 3.381514 -113298.845656
73.786750 124.412619 5.250424 2.216303 -113283.997077
72.371732 124.216761 3.535391 4.398367 -113259.792600
67.632435 128.801919 2.638809 3.256210 -113371.165045
72.786692 128.523060 2.619007 1.227728 -113371.002067
69.796867 121.339406 1.849058 4.208794 -113393.167267
70.171530 127.577410 2.485772 3.583538 -113296.852530
74.324940 123.536957 1.274745 1.464837 -113396.788469
73.550951 131.313189 3.813844 2.233941 -113340.566000
72.554077 125.496462 2.999414 2.290238 -113310.311488
71.460687 122.416400 1.513794 8.435993 -113367.888905
79.270476 125.964822 1.181167 4.219020 -113372.526025
69.636783 125.572460 4.589896 4.088327 -113314.921073
70.292824 132.320224 1.865942 2.900148 -113376.150168
73.346916 131.684383 2.047156 7.227037 -113329.371536
74.300291 122.362997 3.184231 6.772656 -113389.372728
74.068293 132.879893 2.018145 3.506489 -113370.556435
79.121111 123.569526 2.030236 2.266875 -113396.259053
75.001039 129.086729 2.185887 4.940921 -113274.352000
75.862385 133.576091 2.320517 4.284347 -113393.706917
77.897104 130.431511 1.375219 4.216152 -113372.009523
72.713135 121.407285 2.264655 3.354822 -113371.959170
73.340944 120.002861 2.078007 5.407799 -113388.276072
69.962690 128.823212 4.837673 4.945526 -113302.255992
73.966240 130.191303 2.853519 1.728668 -113353.027984
74.001936 126.022197 3.694372 3.597952 -113200.465999
68.981002 127.409488 5.628413 3.537028 -113340.342902
69.500278 131.501002 2.496539 6.050941 -113327.896253
68.428838 130.583392 4.552686 2.709007 -113376.031430
74.938707 125.261997 2.251605 5.628826 -113273.109109
73.807312 126.167197 4.190683 4.555200 -113194.053160
69.016173 129.409169 2.607822 6.693776 -113327.771743
70.184439 121.082009 1.031934 6.429736 -113380.613386
76.680324 121.830434 3.078160 1.417591 -113397.650573
66.779282 130.026350 2.713504 2.987894 -113394.832242
71.764401 123.332597 4.166891 4.149270 -113307.906507
74.435930 130.316546 1.279940 3.545239 -113344.429722
77.814047 124.489525 1.770701 6.029146 -113332.595812
71.925993 128.399877 2.511657 2.915691 -113283.733341
76.751681 124.415924 6.789846 1.922952 -113325.730121
74.145973 130.754118 7.084569 3.964587 -113342.719474
78.286760 126.320256 1.035129 6.025965 -113352.810366
72.591715 128.384100 5.344830 5.692786 -113325.289067
75.615811 125.560830 3.050381 1.864411 -113330.473255
72.775147 125.035095 3.671275 3.668783 -113230.264547
77.379320 126.182556 4.724726 2.641496 -113303.404801
77.075644 124.678374 5.695479 2.392904 -113311.382102
72.297703 128.768544 2.537847 4.107492 -113249.432129
77.082919 127.143932 3.368770 1.913116 -113347.410574
72.824400 121.596012 3.194049 3.997981 -113355.219766
76.895023 125.108857 4.038921 4.161794 -113270.714763
78.079938 122.181835 4.811608 2.868138 -113398.158946
75.421754 118.799493 1.127957 6.660435 -113396.360199
78.323345 127.046467 2.576630 5.967183 -113333.881561
75.136258 126.020100 1.450879 5.296899 -113300.786740
76.011803 124.971731 2.837283 3.996076 -113265.652138
72.688958 130.008734 4.100932 3.819199 -113233.716773
73.608105 126.924108 4.530292 4.449173 -113180.698783
70.238533 127.447820 3.262025 4.876973 -113261.630183
71.890427 124.994648 4.672081 4.611498 -113252.630366
72.477635 120.679059 2.466919 3.688854 -113387.851132
73.366086 125.835301 3.422450 6.153007 -113276.595452
75.710605 122.375185 2.362433 4.534946 -113326.666826
75.745776 131.444490 4.744312 4.110380 -113361.012988
74.857276 120.909071 1.793487 4.229092 -113368.416890
70.806584 128.948834 1.515903 2.847966 -113345.910191
70.936458 123.577066 5.935109 3.733128 -113362.124599
74.093217 129.743188 2.814841 6.092274 -113281.362848
76.659449 127.643820 2.474813 5.447718 -113285.397802
75.662185 129.699624 3.394195 4.307631 -113272.409413
75.924074 121.545274 2.729883 3.948015 -113353.542260
69.621422 126.042787 2.546481 7.449660 -113349.227729
70.551223 133.713356 2.802633 3.443024 -113383.410043
76.335459 121.799083 2.563876 7.041095 -113391.191856
70.556845 127.852805 2.828511 3.037017 -113294.608028
73.532470 131.832082 1.333383 7.906973 -113340.346010
72.898299 121.663926 1.409913 3.762421 -113370.266696
80.697654 125.974383 1.387748 7.761586 -113380.212736
77.033565 121.762870 3.947448 2.564979 -113381.429781
67.530112 129.521384 2.830736 4.345881 -113352.269774
74.708918 130.873804 2.112594 4.017983 -113315.721158
77.188029 126.305425 5.418773 5.059576 -113355.586910
76.107886 126.478033 2.068901 4.858976 -113279.283782
71.482675 128.798565 9.960050 3.613045 -113345.405173
71.413633 127.855789 2.577343 3.181710 -113277.268485
73.127478 123.928566 2.955160 2.716493 -113312.689434
70.828417 129.879804 4.900332 3.269306 -113265.790244
67.811040 123.047896 1.535894 4.863890 -113385.689361
71.673349 124.438086 3.226849 2.590511 -113324.430569
70.285788 127.256856 4.262349 4.717473 -113261.398459
77.551782 126.465252 2.984678 3.812207 -113297.215265
75.721989 126.611633 5.706498 2.585998 -113218.663409
70.186462 126.409418 2.605884 2.227728 -113353.602251
80.003828 125.205009 1.835164 8.228443 -113393.332461
74.664086 131.189080 2.504748 3.665360 -113320.321266
73.622511 124.872964 1.465527 1.565899 -113385.786156
70.409457 127.853996 2.473557 5.014220 -113270.673261
75.452857 122.796034 3.283802 5.583695 -113330.689536
68.966140 125.161249 2.120862 3.435952 -113361.022944
72.823997 132.397200 2.065917 5.149902 -113326.516696
75.024139 126.929480 3.591906 5.940836 -113271.520268
71.785951 132.303769 2.223103 6.217433 -113324.537053
68.621158 129.215947 2.571154 4.656792 -113317.647450
77.382016 125.117583 7.115590 2.255710 -113327.474937
76.446686 126.935369 2.996558 6.795742 -113328.839549
76.413051 123.032742 3.565723 3.021148 -113325.056747
73.302821 131.543302 1.580480 6.510770 -113322.215931
79.098688 128.121975 2.733544 4.712487 -113357.445901
68.259797 127.095769 2.510638 3.603066 -113351.598297
69.663593 129.546733 2.523916 3.762471 -113311.236009
68.759740 126.277288 1.588978 8.594216 -113354.013599
71.085168 125.153109 7.261527 1.529238 -113364.398136
72.236374 130.176632 3.045187 1.978398 -113337.229273
77.603038 125.672898 2.391087 2.563563 -113347.718031
