186.929512 163.861176 7.885988 8.181529 -107197.475561
187.027796 159.591775 2.523603 5.032871 -107084.347113
194.352858 157.165380 4.687412 4.456383 -106880.679228
192.090793 159.436857 3.196584 4.865871 -107001.845555
191.252313 163.104486 6.122080 7.592468 -106766.338256
189.550374 153.681723 3.863898 6.591889 -106405.780602
189.755599 161.363114 2.601328 4.774031 -107164.889500
194.972459 145.449397 6.733762 6.280882 -107128.139181
192.990070 162.764349 6.401119 6.174701 -106926.378027
194.637324 155.725024 7.114551 3.227845 -106983.661267
191.790342 164.313441 4.022318 6.016868 -107115.370298
198.842090 149.869080 2.541107 5.922634 -107231.973836
194.945605 159.785592 7.415039 6.977174 -106546.059854
190.891410 153.046484 5.729266 8.027752 -105999.414781
192.247494 148.152853 9.177525 8.431870 -106793.432293
193.240768 150.128942 10.469792 3.726797 -106816.284937
193.813500 152.123496 5.500659 3.512537 -106979.307222
195.491559 156.495038 5.281692 3.519404 -107079.269146
192.705561 156.051305 8.188285 4.187261 -106515.097209
195.841950 162.009780 1.706636 7.654588 -107187.232346
189.135937 156.683629 3.466245 2.916487 -107229.901180
192.122219 149.563902 5.872375 6.095741 -106471.552449
194.933581 147.434962 3.827454 7.974054 -106773.692014
186.086620 165.536303 5.250542 8.216546 -107102.700735
197.072521 156.158133 4.886224 5.561358 -106829.362383
195.512967 158.043660 6.539154 6.723912 -106458.078483
186.781923 166.982279 3.178257 9.445192 -107099.115464
192.021491 148.875854 7.272432 7.570437 -106377.348260
194.950813 156.203823 4.513159 4.397660 -106918.468748
193.256815 164.632402 4.992080 7.354931 -107027.659831
196.429194 155.014364 5.451063 7.033948 -106448.768015
190.751666 158.082350 3.960000 5.246254 -106717.243250
188.933781 165.070837 6.697358 9.112637 -107175.961924
196.252520 148.857940 5.149195 5.708108 -106921.127524
195.330523 160.762566 6.627289 5.347790 -106937.139015
189.060348 157.487327 6.439249 4.884653 -106436.586786
195.241411 153.968660 10.419559 3.294218 -106918.742866
188.158498 158.709665 4.203047 5.448890 -106681.697353
190.370148 151.660762 8.950261 5.104237 -106192.469038
186.276653 161.782514 3.952207 5.047736 -107045.544501
195.988622 162.347380 5.590198 5.794943 -107092.479552
193.864285 156.849705 7.857156 5.649238 -106325.846962
195.443458 151.348730 2.381224 6.888312 -106950.539673
193.644452 154.552919 6.376805 4.202533 -106673.515654
199.982424 149.753044 6.548588 6.534409 -106949.529213
195.437883 149.142499 6.029442 5.000863 -106912.055306
194.793704 165.944573 4.427261 8.424549 -107109.152037
192.299330 157.079821 7.203985 6.433707 -106126.454286
189.160871 157.788077 7.800677 6.529995 -106071.893705
190.787853 161.893121 2.273924 8.768888 -106868.883434
197.387598 149.424744 2.457416 6.146749 -107162.646550
199.435979 150.153011 5.581700 7.024594 -106847.640988
185.781739 164.841611 6.201888 6.483084 -107163.977443
187.715480 162.522059 5.601823 6.826831 -106735.577672
195.593878 150.195426 1.218832 9.256857 -107135.030840
189.966395 153.153987 4.432381 7.291342 -106220.165934
193.133582 159.732267 7.241313 6.779626 -106428.933727
193.358356 152.366887 8.296230 6.198421 -106156.896067
194.762679 154.286762 6.156364 3.062773 -107074.587538
197.099883 159.148257 3.910142 7.196986 -106816.743774
191.230171 154.178912 1.226032 8.296110 -107052.691490
193.576316 154.583195 5.609366 5.989526 -106341.886628
187.563898 159.736671 6.076816 6.192881 -106452.047079
187.405186 163.507063 5.917031 9.000429 -106828.768668
198.051041 161.000986 8.421002 5.601285 -107141.251502
196.994916 157.168918 1.279437 7.174736 -107236.947847
195.190052 163.319288 6.273961 5.165221 -107247.975490
194.483899 160.286004 1.478135 7.294313 -107169.910890
195.798795 153.466164 3.298909 7.470619 -106672.983544
193.854298 156.146472 9.884245 3.596985 -106731.301962
196.446088 155.530347 1.830124 6.182992 -107147.467171
194.147613 155.530290 10.457086 8.501360 -106413.552111
198.324292 162.517804 6.085648 7.777942 -106967.097054
186.487477 158.859915 7.285037 7.215069 -106291.587261
190.160328 156.036151 7.362465 3.147941 -106857.687266
199.660770 150.177547 6.889316 8.319398 -106635.202318
195.757100 148.499419 3.069748 6.131856 -107043.150961
188.303530 157.237971 3.525739 3.787829 -107054.578766
195.138899 157.233818 7.289817 6.677177 -106337.992123
186.549715 160.585476 4.921871 5.047977 -106865.815332
197.723870 154.478562 8.146415 4.261833 -106961.700399
196.064782 146.443714 7.085515 6.157298 -107076.312752
188.702692 155.594973 7.740757 2.261180 -107160.099663
190.463193 155.186882 9.049976 2.881863 -106867.360696
189.731214 159.117750 2.160253 6.419350 -106949.630264
