64.724773 117.725263 8.018311 3.449569 -104392.903151
59.595867 119.276060 1.670408 4.556845 -104524.286263
63.905822 118.079804 2.053808 6.623217 -104444.158774
64.573114 117.315645 2.091622 6.184755 -104449.913996
57.848826 119.179415 3.717975 3.950376 -104525.546127
61.602254 119.944076 6.780397 2.761251 -104423.191835
64.787640 120.168002 2.410133 5.088023 -104442.593130
59.135798 117.112938 6.219841 4.435204 -104499.056920
64.223773 115.498177 3.640847 4.502294 -104437.948758
62.900767 119.292234 1.801742 7.062518 -104460.257304
62.273901 123.422775 2.367915 5.117956 -104501.093321
58.240479 117.376145 3.485850 5.741869 -104499.432850
66.691407 119.649819 2.644867 5.248769 -104459.452036
63.929659 120.206359 3.806570 7.802617 -104500.586963
58.449968 118.029999 4.026858 4.663572 -104485.172480
64.032675 117.684989 5.579222 3.414956 -104372.954870
62.375648 114.556788 5.065446 5.986389 -104524.542593
64.306358 119.824106 7.215047 4.111138 -104374.769643
66.913304 117.098827 3.228684 5.405183 -104458.711282
66.005725 115.743922 3.946727 4.962776 -104458.557578
63.941681 117.566486 4.126926 4.391552 -104371.612308
61.088894 122.623587 2.715995 3.853837 -104523.289823
66.411625 117.994363 5.168348 5.335298 -104448.317948
64.013048 115.853463 3.808107 6.166534 -104432.037961
67.116818 117.722740 6.135241 4.648565 -104501.498339
62.147577 118.599335 4.850203 5.888456 -104399.430438
59.624142 119.769994 2.479837 5.502749 -104466.645836
59.908707 120.836122 3.902285 5.409048 -104449.123613
63.935077 121.285214 4.570728 4.500537 -104395.147537
58.717370 119.132184 2.557783 4.181681 -104510.114531
61.332578 120.373711 9.559135 3.906308 -104501.961236
61.639669 114.245741 2.236525 6.329470 -104491.180715
63.060368 117.739475 6.062811 3.232346 -104358.931421
65.607378 121.079998 6.967488 4.212815 -104460.140606
