16.712067 94.670899 2.145577 5.717221 -104446.682715
12.970277 110.314789 2.529969 5.096788 -104451.983030
22.028096 98.128011 4.522342 3.782656 -104448.513821
22.576822 106.196108 3.132662 6.908681 -104325.689098
16.793023 99.953452 3.035029 4.560471 -104361.957343
26.900974 102.955365 1.186650 7.406772 -104448.189731
12.729519 102.386539 2.648970 3.834912 -104451.861735
17.042566 99.567931 5.939150 3.522183 -104390.808985
19.297242 105.809825 7.891441 3.408628 -104424.941611
13.182988 105.037552 3.811652 5.123598 -104387.947401
20.661222 98.363749 2.835211 3.425193 -104448.715787
17.783072 114.044675 1.712556 6.241132 -104462.822418
12.952172 109.828994 1.883493 7.801065 -104402.538755
11.568314 108.349781 3.821972 5.557868 -104466.828647
21.973828 108.082990 3.780321 7.303851 -104368.964482
23.264719 100.396355 1.618048 6.988156 -104385.243961
17.731359 105.811574 1.791448 5.606189 -104367.695555
20.630745 100.474629 2.207605 5.180259 -104367.409092
17.209114 100.659548 3.639630 5.540713 -104301.283678
20.495490 98.377481 3.528285 2.842610 -104465.014397
23.278237 108.279805 5.709767 4.182094 -104466.429625
25.462036 111.100097 2.046878 7.199933 -104456.623421
24.093361 102.695891 4.548207 5.658438 -104389.199545
21.452072 102.992682 2.588584 4.455657 -104372.717030
14.945653 100.329244 3.940110 6.905541 -104353.641456
14.903090 106.238131 4.026917 6.428252 -104334.035353
21.500394 107.683047 4.678280 4.841459 -104369.503726
23.321436 106.334427 4.468514 4.259257 -104400.033875
15.756249 99.603407 2.431455 5.025952 -104381.429982
19.067304 96.749509 5.200900 4.238977 -104442.833928
25.331479 105.039726 2.462271 4.376786 -104447.235569
17.855056 101.915826 4.582472 4.561348 -104303.350285
18.613939 110.329591 2.050068 4.866533 -104428.764791
19.833826 111.040362 2.231743 7.764861 -104376.388876
15.358542 110.142309 2.918176 5.373648 -104406.575484
18.584926 102.610216 1.554957 5.830754 -104372.557883
23.214406 102.014293 2.871964 4.803727 -104378.993710
20.870105 100.781108 5.218179 6.870872 -104393.812729
19.206109 93.161445 2.120948 7.615994 -104452.294705
13.664664 108.267733 2.443649 4.145091 -104452.240339
25.222403 107.063083 3.008821 4.394453 -104454.360307
22.763032 105.138140 3.688626 3.067875 -104435.590891
12.976848 110.841870 2.020406 5.319763 -104458.566245
19.913456 98.765779 5.534380 3.102712 -104433.511608
24.249028 98.925881 4.012165 5.435760 -104433.415328
18.110568 99.395580 3.801314 5.499003 -104319.286411
18.422244 103.044895 4.068186 8.125431 -104322.681430
15.691581 100.889082 3.778463 3.609712 -104393.090133
15.876575 98.512598 2.178203 7.180412 -104355.391716
23.362781 106.622261 4.007226 4.827567 -104387.271528
23.438110 103.328183 1.899759 3.740392 -104454.939434
17.087344 96.453647 4.781522 4.992961 -104442.209708
20.046435 98.868631 6.823580 2.929141 -104455.516138
19.986127 109.006691 3.186060 4.714061 -104385.069054
20.642194 97.054314 2.923342 5.996586 -104382.085743
24.078884 105.629848 4.879937 5.027331 -104413.677145
21.940281 101.901332 2.176552 4.867673 -104383.545276
18.841477 101.697758 6.375818 4.835304 -104330.943525
20.547037 105.002933 7.055804 2.415902 -104458.450812
16.709553 95.116640 3.424430 6.226355 -104442.779459
13.767385 108.141121 3.412222 5.464443 -104394.528503
23.740303 106.460502 2.530697 5.076145 -104400.445791
13.772527 97.263326 2.502788 9.642706 -104416.830842
15.419692 96.883940 4.407865 5.054767 -104441.437137
15.350744 93.376527 2.078403 9.793221 -104462.185951
14.171230 102.804212 3.738286 3.782271 -104407.148257
17.167259 99.479188 3.751302 5.297875 -104328.519184
19.058654 103.038818 4.154392 6.025224 -104260.259689
20.028983 102.826684 4.435830 4.062969 -104330.843134
23.473268 110.318460 3.720416 5.473506 -104453.007599
16.718873 98.886126 4.124358 5.974102 -104345.593073
14.983901 104.055921 3.182155 5.385315 -104331.092395
17.073894 107.448334 1.308148 4.986929 -104437.200208
18.462959 103.656560 1.767989 5.458901 -104365.359904
24.124989 99.262918 3.713685 3.996990 -104454.556568
13.814267 99.708034 5.442099 4.881816 -104450.792163
17.874477 103.764195 6.606113 4.808835 -104333.762388
11.286150 103.464760 3.564926 4.574088 -104459.997991
23.958172 100.273703 2.912356 4.174083 -104433.780011
21.575466 104.985497 1.213357 6.972413 -104392.712295
18.171886 111.482408 3.383684 4.140279 -104456.954284
21.442975 103.232563 1.077411 4.828465 -104450.702923
26.928232 109.937195 1.025749 9.154973 -104457.444996
12.914597 101.303311 2.272869 7.320401 -104367.343648
20.567700 95.829917 2.724036 4.905362 -104438.662468
14.819535 106.670326 5.271604 3.523822 -104437.816895
15.590498 101.047598 2.820262 5.520478 -104337.522732
26.825574 111.384537 1.592504 8.940481 -104459.016186
11.238080 101.461601 3.528658 5.736101 -104450.578770
15.160695 105.326672 4.796278 4.145637 -104376.949342
17.319108 108.956928 2.814312 4.532824 -104401.853333
15.583606 103.103992 4.623928 3.359049 -104395.884122
16.531740 99.450792 4.258409 5.871979 -104336.726311
16.993622 102.621930 6.177610 6.772558 -104450.539406
15.935155 99.263695 1.952232 4.677997 -104415.845536
24.014223 109.954869 2.678747 7.960103 -104415.490138
24.740718 100.572718 2.241711 3.859658 -104467.273490
15.008970 103.879732 4.102391 3.945498 -104379.840021
18.414532 101.769281 8.683774 2.425883 -104456.217059
23.903761 109.484965 2.802015 7.395645 -104407.344143
22.812919 109.405205 4.767205 5.508837 -104453.459164
18.548626 97.223557 4.599571 5.297314 -104399.413655
22.403955 103.634708 4.945139 5.379142 -104336.812358
24.053648 101.875444 5.765908 3.377417 -104459.873328
15.305648 106.279302 2.717315 3.806340 -104425.717881
20.651212 102.703395 3.059468 3.503402 -104402.826222
14.467078 106.544619 5.190575 5.670238 -104398.975660
18.290374 100.890669 4.211575 5.442188 -104289.342285
23.692143 97.006082 1.826381 5.362973 -104454.677879
19.022447 96.689327 1.997591 4.363497 -104447.248875
26.080010 102.400542 3.409872 6.845372 -104430.961375
23.050940 103.634842 7.589463 4.023734 -104465.807480
18.243492 95.694216 3.750452 4.772374 -104436.999164
23.081616 101.393271 2.324485 4.636491 -104404.951798
25.079118 103.142116 5.250509 4.675643 -104455.140894
15.843602 106.259767 5.507809 3.809535 -104400.193608
21.208300 97.915566 4.251347 5.527256 -104389.729203
21.599514 95.710665 1.949272 5.448037 -104447.065897
14.169363 107.010036 3.989104 4.162723 -104416.057340
18.789133 110.615285 4.899709 4.552432 -104443.654139
13.158099 97.759216 3.151022 6.319855 -104428.728791
20.017616 102.871936 4.103003 5.748861 -104269.543063
20.866230 102.281111 3.447638 3.392090 -104403.015916
10.331516 100.901980 3.138732 6.678573 -104464.898601
13.839403 104.476731 5.191999 5.315888 -104395.503907
13.107836 105.807764 2.913985 4.923874 -104403.721487
22.074303 106.366012 4.623025 4.412582 -104365.538702
19.438433 101.015062 1.686766 3.896032 -104438.694287
21.979741 98.238077 3.130453 4.854983 -104401.693333
18.743990 98.038706 1.945842 5.115576 -104405.544637
21.426508 100.644799 3.794886 2.861327 -104446.480838
12.183183 100.446206 4.003223 5.792081 -104443.230623
21.497138 102.832297 6.345246 3.448369 -104392.627333
11.562443 102.940623 4.004244 4.788068 -104455.088041
17.204806 106.784197 5.300946 3.221603 -104423.164655
15.936522 96.110490 1.608871 5.697444 -104442.909436
17.552465 99.136970 2.409430 6.130868 -104340.837925
14.786441 102.422190 3.584137 8.885273 -104377.328255
17.954536 104.285535 4.883237 5.932875 -104278.346532
16.037367 108.970978 4.324406 6.410108 -104381.653632
20.316046 97.884429 2.340675 7.897577 -104348.179581
22.708530 106.809450 4.159526 6.996420 -104375.864477
15.458463 106.042853 4.166448 6.642657 -104324.132744
18.565428 101.758934 4.941582 5.383915 -104284.519102
17.453142 98.008370 3.403386 3.800326 -104412.323383
20.040143 102.233729 1.802483 6.813346 -104332.437211
13.500862 98.531865 2.620338 3.715462 -104466.885311
22.892143 111.131705 2.981006 7.200025 -104428.342397
19.856260 106.688950 1.351242 5.809887 -104403.412784
13.708447 98.093617 2.811583 5.153398 -104426.843093
18.619744 104.936105 3.044357 3.753259 -104385.966257
20.896368 95.173839 3.338085 4.828641 -104461.494437
21.537519 98.857801 5.078494 5.139668 -104396.418262
18.318266 110.638836 3.345784 3.485974 -104466.957565
19.902084 103.704448 4.870144 3.571975 -104358.535368
19.266761 106.997260 2.220094 3.174046 -104459.631569
25.211434 108.111407 3.330312 5.530591 -104447.765740
14.977283 104.092215 7.325051 3.913663 -104439.297047
18.351631 106.314113 4.833011 3.245462 -104405.860870
20.208338 98.603762 5.860601 2.604652 -104466.728559
18.809955 111.196812 3.188781 4.533727 -104435.966455
15.543385 98.902528 4.484706 3.782947 -104407.592856
17.936622 112.194276 1.879045 9.120488 -104394.929350
18.412133 99.525494 5.412548 6.091783 -104374.057858
17.697172 97.681128 5.835740 3.843415 -104427.950445
17.083729 107.707814 4.990902 3.939752 -104397.230150
19.552386 96.429322 4.034199 5.653724 -104412.612684
24.775422 98.572617 3.425165 6.144786 -104433.586042
16.824221 102.208419 1.939719 3.449505 -104444.931881
24.643609 105.851520 4.396902 3.946179 -104441.878109
