111.414353 151.781703 4.329594 5.888539 -107077.138889
102.351023 151.888427 3.672642 7.729676 -107070.548275
109.253500 144.404581 3.805667 7.232336 -106795.149211
108.294354 141.021900 6.139571 5.341365 -106931.785545
106.275177 144.185199 5.387183 8.308624 -106822.835444
111.979678 139.356066 5.381575 4.325435 -107076.386626
112.239262 142.169595 4.443203 6.222257 -106876.130333
107.833734 149.306263 3.996638 9.651051 -106787.074823
107.672886 144.597927 3.572070 5.502056 -106970.910666
105.827991 142.527553 6.049385 7.498758 -106906.721309
101.473295 150.028917 4.545548 9.491218 -107058.277731
115.220784 144.532472 1.915972 7.131466 -107073.927242
110.307437 144.360902 5.708353 6.805396 -106786.750128
107.830290 155.065489 4.261844 9.259118 -107069.188928
111.765202 141.932606 6.518901 6.208699 -106883.937626
106.979009 141.920883 3.491641 7.119713 -106872.207464
111.273149 136.676211 4.903593 7.153509 -107057.907063
106.405059 144.543991 7.283955 7.870176 -107041.842138
114.116929 137.140693 4.259607 7.299527 -107058.113956
111.260956 142.783375 2.366506 6.240318 -107021.035960
107.726308 139.798835 6.049806 4.643191 -107040.684904
106.219728 143.963292 6.127615 7.285863 -106870.413284
111.286121 140.662220 5.816350 7.561823 -106881.908010
105.922121 139.535279 5.224150 6.443402 -106977.896409
109.355173 139.862192 3.610541 7.927814 -106853.466596
111.255263 140.659948 4.511256 5.805751 -106920.741706
106.487415 148.150662 4.512245 5.425761 -107001.873473
106.840732 149.533197 6.029436 8.472205 -106992.328454
111.972851 145.864629 3.567152 9.488826 -106739.549722
109.063035 144.927528 5.015323 5.473760 -106887.178904
106.707051 142.429230 6.640547 6.925231 -106913.495378
109.137058 140.058769 4.561556 4.465489 -107053.474790
109.421203 155.146640 2.809946 9.677358 -106990.278529
107.160232 137.033400 4.501297 7.780825 -107023.124794
113.938780 146.416978 2.522255 6.795569 -107008.344699
102.469084 148.776117 3.296129 8.526089 -106949.695406
113.362385 147.333102 3.251411 5.555160 -107053.078662
110.517983 148.882115 3.992003 6.847530 -106889.103692
109.945854 138.026457 5.029004 8.678252 -106986.697052
109.070902 143.233905 5.442082 3.850234 -107061.379148
107.539895 143.122388 3.785749 4.428013 -107073.169704
110.439911 143.556823 6.763319 5.238829 -106892.406688
112.080434 142.530170 6.286770 5.824263 -106885.178913
114.391167 138.362961 2.676304 6.800945 -107071.735372
114.510600 145.442136 5.902094 5.649605 -106991.174444
111.597216 139.118931 3.080774 8.083414 -106911.238426
105.002185 146.474650 1.892741 7.927870 -107019.813145
108.732865 137.651960 4.480791 5.457353 -107060.107462
110.000377 137.396693 4.251351 8.332796 -106962.088791
119.032551 139.850625 2.832610 8.995584 -107053.977434
111.286407 151.898186 2.417425 7.179658 -107056.501941
111.140788 143.289721 2.417444 6.051916 -107025.828672
111.646871 145.783626 5.679865 5.986061 -106866.731114
111.882766 138.973528 1.963062 7.786989 -107043.413265
109.517144 146.463214 4.087661 5.390135 -106955.025624
104.960698 140.805968 5.272120 6.849998 -106952.729316
109.510239 151.361616 3.387409 5.781069 -107076.858979
106.638504 141.391508 3.117024 7.070177 -106919.398355
105.033470 143.696733 4.436251 6.434769 -106912.150288
105.968870 146.994766 2.629306 6.016552 -107048.311069
111.514620 148.365380 3.591420 5.035124 -107073.317658
109.462799 141.726323 5.787175 5.856145 -106861.996423
103.770261 147.910061 4.221459 8.167118 -106899.380768
108.919007 146.134300 5.968753 4.863023 -106953.833001
110.806735 145.128983 4.491629 8.695310 -106729.032312
110.103390 149.376574 3.824132 6.764989 -106914.563553
114.351350 143.703671 5.914804 8.061479 -106930.013386
105.156211 142.643721 5.676785 5.199831 -107009.194617
112.926717 140.153768 4.597631 5.624636 -106977.660644
113.749046 150.120572 4.670620 6.227575 -107039.435890
107.885362 149.972508 3.833740 9.326620 -106807.885744
119.378830 144.068406 2.468200 7.995095 -107077.456747
112.846849 140.739315 5.067559 6.043606 -106923.425350
111.236375 151.980272 2.554956 7.963804 -106993.862856
106.613977 147.551572 4.454530 5.250398 -107005.579058
112.735089 145.215194 4.402383 6.020771 -106901.044973
119.415334 143.736667 3.106125 8.170281 -107046.849138
107.090585 146.299864 4.998598 4.215025 -107076.079490
103.113583 144.551758 2.950650 9.789059 -106860.479478
112.665200 143.947611 2.803124 7.463986 -106896.190756
113.314268 140.383257 5.805999 8.157166 -106974.482032
110.894316 145.850330 4.737109 6.833877 -106800.822060
110.492050 145.009603 8.266305 4.109792 -107039.062522
111.761001 146.705250 5.262433 7.828819 -106798.615088
108.370949 138.193385 6.005126 5.859521 -107033.933443
113.600074 136.816009 1.905850 9.153587 -107064.443838
102.185252 144.871925 4.957832 6.134118 -107066.342841
105.108166 138.438983 2.742124 6.745027 -107069.320209
108.986173 144.534933 2.160133 6.840753 -106998.764692
106.184346 142.011694 6.221406 4.175817 -107077.087327
117.163169 148.169318 4.520084 8.919655 -106996.631297
115.289403 145.912854 3.811174 8.405445 -106857.550770
105.320708 143.799779 1.710760 7.298412 -107075.326344
105.959101 153.238872 3.807153 7.838360 -107018.124369
115.657746 148.331582 5.195885 7.252907 -107006.324253
112.995232 142.463563 6.890644 6.180764 -106935.170910
103.871785 144.170922 5.167755 6.492737 -106958.574784
106.348712 147.998518 4.668905 4.723235 -107070.238069
113.356578 148.153010 4.261026 5.665674 -107015.896088
102.819534 144.256426 5.388645 6.466289 -107024.978791
114.792571 142.560833 3.545440 8.993271 -106838.529798
105.546638 152.651921 2.918736 7.676502 -107028.298681
105.027689 149.819044 4.922261 6.355943 -107009.025679
109.371679 144.792194 5.264441 9.947515 -106836.742845
109.086172 145.931391 8.683140 4.719081 -107027.656012
108.416169 140.062258 4.804472 7.785185 -106850.179727
105.064624 146.900289 5.753076 8.745506 -106945.847532
111.497069 151.436113 3.058482 6.284211 -107068.713578
105.303977 144.755632 6.770409 6.574273 -106963.526085
106.269764 143.857233 5.463527 6.519146 -106857.051883
106.765732 144.546885 5.555350 7.283787 -106813.556109
103.706858 146.583807 5.460033 6.894803 -106973.734845
104.119147 139.008358 4.759296 6.239426 -107066.727869
112.621961 143.862967 2.534229 8.098232 -106889.888380
108.452307 144.318135 3.791406 4.557471 -107047.840306
109.885276 145.611718 4.727618 8.578647 -106731.924084
115.265478 139.819291 5.601810 6.186495 -107053.957225
110.747097 151.682291 3.013272 8.516569 -106915.279075
112.370789 140.272562 1.931940 6.952596 -107070.120434
109.079762 147.165184 2.706947 5.754706 -107035.517759
117.426179 145.727279 2.141587 8.889425 -107003.383658
104.634565 148.120232 3.231558 9.016762 -106848.307561
112.692498 141.725593 4.719306 6.068338 -106897.738018
116.208373 149.829487 2.061741 8.971080 -107018.260755
111.194422 137.582713 3.450654 8.130447 -106952.815239
114.175764 140.151098 3.339154 5.516938 -107066.963683
105.190416 143.870805 3.569235 5.464557 -107027.441327
113.063213 139.808202 3.443274 6.333467 -106984.791689
108.151831 145.428067 4.364987 5.495064 -106923.628305
104.983832 145.805745 4.474637 6.473834 -106914.848147
104.552508 138.823483 4.660344 6.332140 -107050.927141
111.415144 137.862322 5.279287 5.761877 -107035.397555
108.935489 140.061240 4.407238 6.184219 -106910.660120
111.078385 146.822658 4.813235 7.674457 -106778.455555
110.112451 137.338226 5.953564 6.173493 -107071.459820
108.697547 135.976013 3.253677 7.450935 -107056.536447
115.131511 145.579397 5.777153 5.653788 -107020.402628
110.796920 137.975675 5.108696 6.924275 -106980.633398
107.271924 142.390920 4.236412 7.326105 -106810.682033
113.403628 140.811078 7.313153 4.927238 -107049.014200
108.992694 136.902547 4.314161 6.392543 -107044.073529
109.397778 142.854752 6.717271 6.148248 -106850.214656
109.091940 139.632021 3.593292 6.709069 -106924.515988
101.761812 145.042187 4.294509 6.799038 -107033.958720
109.384460 146.098894 3.423995 4.901157 -107043.479985
112.083085 145.457743 5.788080 8.198267 -106829.228964
105.089426 147.883241 3.586694 7.186475 -106916.367370
107.384976 140.225375 7.111884 6.246565 -107003.697901
105.040990 150.185364 6.079245 7.450384 -107063.047541
105.631443 146.585892 5.559159 7.725054 -106868.787187
104.590746 143.141316 3.511396 6.760522 -106941.890174
112.694561 139.164289 2.571073 6.552927 -107045.882991
108.972403 147.104864 5.827871 5.944666 -106879.843282
107.146649 139.594406 4.528544 5.696571 -106985.592235
107.288959 146.139204 3.392741 6.188388 -106936.305629
107.623274 141.072822 3.780351 6.225504 -106922.733573
111.900300 148.805898 4.247140 6.576861 -106919.888048
105.554251 139.540729 4.867893 9.228608 -106975.221523
110.894112 146.645959 4.564090 7.226737 -106793.617769
112.042612 137.874702 2.828968 9.361788 -106932.952456
110.428149 138.129838 4.897750 6.610381 -106970.751949
114.297036 143.694322 2.617816 5.786674 -107069.145643
115.955132 146.733750 6.091583 7.330124 -107051.715428
108.691253 146.576663 3.958531 5.558318 -106949.275685
115.563867 153.018663 4.146901 8.559500 -107069.679958
112.717588 144.279952 4.807633 5.674263 -106910.788499
115.835010 143.986786 4.445578 5.437076 -107048.971437
117.039002 146.969442 3.471696 7.199950 -107011.452963
116.789487 144.007544 5.576395 7.557178 -107025.589070
108.062086 141.301981 4.600245 7.236192 -106820.018227
102.468260 142.868279 2.138708 9.274358 -106978.391810
108.766413 145.547683 5.263362 7.480811 -106764.148138
110.418724 148.467599 6.517280 5.153440 -107009.307602
110.884579 142.715563 3.488620 5.552214 -106963.899025
104.881816 146.669911 6.370824 6.418660 -106983.177390
112.559456 147.286474 5.237205 6.481719 -106889.830148
117.592169 147.330087 4.109710 8.350528 -106985.740654
110.351789 147.225506 2.799643 7.684308 -106877.214557
111.322072 149.919169 2.138176 7.667183 -107011.274447
111.583874 137.901507 2.834111 7.367132 -107003.648264
104.427166 151.297948 4.072304 7.787665 -106986.188830
109.742419 141.111629 4.598153 7.789576 -106797.456397
114.364736 144.238247 2.540589 7.102489 -106981.675151
106.735948 142.247554 4.809542 7.226487 -106824.620014
106.308122 138.583301 3.561640 7.560066 -106955.932485
111.234574 142.754397 4.472676 7.409938 -106780.323489
113.325027 142.266451 6.412912 5.205346 -106970.838978
116.350489 145.545305 4.976910 5.803337 -107053.420508
108.898697 143.562880 4.285616 5.592495 -106902.422375
109.620493 146.459634 3.742877 7.235746 -106813.633388
112.480774 140.099638 6.882388 6.829294 -107015.995856
113.607062 145.500513 6.314954 5.624154 -106963.919900
112.037561 142.860818 4.293865 6.326871 -106861.600952
113.098864 143.205259 3.900015 4.660769 -107058.022960
114.597496 143.000880 4.869497 5.746695 -106967.463016
111.714320 137.896516 3.154260 7.132472 -106997.338298
110.151888 149.174757 5.706510 4.637298 -107069.867582
116.001880 150.178335 1.639243 9.391269 -107055.616651
105.366609 148.768042 4.867317 5.208614 -107060.222401
109.746403 156.129585 3.362963 9.315671 -107051.729241
113.697103 139.913315 6.030035 5.782908 -107010.827723
105.962688 149.541548 6.064007 5.866188 -107034.525765
108.513292 149.624519 6.248447 9.085386 -107050.096776
117.925086 144.143704 3.006758 7.434129 -107028.832410
109.585988 142.189262 5.267209 8.468247 -106793.875360
107.503416 141.265787 3.958153 5.360229 -106985.334435
110.692571 138.974437 7.074043 5.238246 -107040.112044
104.149198 143.084153 3.157537 7.661048 -106918.454592
116.463691 141.529606 4.370578 6.794247 -107002.196010
113.344754 147.195053 3.095276 5.367723 -107078.006645
103.034753 143.057925 3.859313 6.385342 -107013.854627
113.890477 145.687511 5.029817 7.748446 -106841.124657
111.561493 145.224405 6.748657 5.495188 -106907.791700
107.826540 145.908387 2.968915 6.248918 -106959.273069
109.507689 142.615035 4.229093 7.268346 -106785.026739
107.647671 146.512965 3.451805 5.238267 -107022.929080
117.982283 141.587274 4.557039 6.797935 -107079.221099
112.074489 142.696269 3.084844 5.273899 -107034.930653
112.389653 143.677299 3.903457 6.729892 -106853.208058
105.456319 142.662971 5.786865 7.628013 -106899.643935
111.700535 139.568194 5.801253 6.293927 -106942.552385
108.979148 140.867232 3.972751 4.871802 -107021.318118
108.924619 138.014750 4.853641 7.192715 -106962.579360
112.104194 146.108827 2.979868 7.840673 -106852.114964
101.897185 140.692155 3.586264 7.899186 -107016.598641
115.626717 143.796245 3.557493 6.140274 -107010.044432
104.083256 143.682169 5.517164 7.576326 -106931.414493
106.145419 137.909638 4.463583 6.518013 -107030.592731
109.611583 140.350308 4.306933 6.021950 -106912.914092
106.102655 141.370416 2.950380 7.016657 -106947.796917
117.218740 142.719003 5.008432 7.332683 -107021.952099
117.171231 146.150715 2.006746 7.792048 -107071.191768
103.689084 138.005455 3.042069 8.939196 -107007.049586
101.101549 143.326906 4.172605 8.906896 -106996.683110
112.200627 152.727340 2.865039 7.275027 -107049.819539
111.516444 145.198171 6.946943 6.305508 -106883.362531
112.346136 136.235864 2.610921 7.712108 -107071.165024
114.192399 138.807832 3.133747 6.813206 -107025.738835
112.235025 137.629436 4.983774 8.012498 -107016.895341
108.392670 148.940015 4.959495 5.574580 -106973.302013
105.987098 142.539803 4.317910 6.170780 -106913.927264
112.734769 149.665560 4.581858 6.370381 -106981.271607
112.854001 144.911596 7.320191 5.907933 -106957.117343
102.451587 140.994422 3.686925 7.041207 -107027.745989
104.644533 146.726285 4.010644 6.796326 -106924.062023
104.570287 149.710209 4.261671 6.487098 -107007.308757
108.946132 153.312297 4.802149 6.943841 -107062.453884
109.468635 147.499743 6.661036 5.504906 -106941.956110
107.285771 139.410381 4.317722 8.633832 -106877.609838
105.628290 150.834183 3.198761 6.263203 -107058.801186
112.689774 148.065943 6.651643 6.479134 -106987.481269
113.481316 148.644076 4.026299 8.134793 -106855.700837
104.008456 144.042207 5.898388 6.238988 -106990.260489
109.374881 143.573247 4.824089 4.482950 -106997.689655
105.044420 147.059517 5.191440 7.461703 -106885.032059
114.778012 141.040839 4.652064 6.370213 -106963.954244
109.941355 141.314716 5.703615 5.575536 -106890.090665
111.406165 136.703629 3.779181 7.632900 -107012.614191
112.821955 139.142676 5.333676 4.691666 -107069.887647
108.848465 149.298434 4.304814 7.875968 -106827.284713
114.560896 141.997426 5.157972 4.859436 -107047.241388
116.494730 144.902200 4.069629 7.493950 -106941.755085
112.054176 144.678720 7.043253 4.781884 -106973.927138
110.601013 144.165438 3.990748 4.638426 -107022.430719
113.859370 148.134659 5.948486 5.413373 -107058.766087
112.244381 147.876662 4.491968 5.827247 -106958.765185
102.743633 141.163652 4.811897 6.989675 -107027.352216
103.663760 145.397696 5.602958 5.873236 -107023.375544
103.950443 148.867682 3.570589 6.232469 -107041.563921
108.198581 145.640412 3.572318 5.769668 -106945.266335
112.250980 142.403866 3.843116 8.277431 -106786.801192
114.406289 144.142604 6.159113 5.346207 -106997.801612
108.241033 152.060681 5.885044 7.191686 -107063.021844
100.521146 145.960438 3.181513 7.477447 -107057.824302
106.679418 144.785367 5.659109 6.653965 -106840.066096
106.397566 144.424312 3.565999 7.360445 -106840.448184
111.722521 142.228969 3.136621 7.363355 -106868.830053
107.533966 144.665627 4.113347 5.279866 -106962.311397
110.877364 150.198438 2.608809 6.613620 -107036.991656
104.810980 148.401299 5.539664 5.588719 -107041.289418
114.055987 145.412003 3.314183 6.705556 -106938.400032
110.786942 141.728345 3.351535 8.240359 -106806.325223
109.173848 145.117762 5.085237 6.647791 -106791.581733
113.863704 142.449973 5.077886 7.937791 -106854.563025
105.581914 145.132160 4.964498 4.870270 -107027.998096
113.316604 145.624694 2.502213 6.423866 -107019.907695
113.849526 143.491820 4.108123 5.442278 -106988.195156
106.787942 143.842542 4.859527 6.004436 -106878.275627
109.950042 150.193333 3.758768 6.311456 -106980.256892
115.812729 150.973350 3.004708 8.634399 -106981.482629
112.895972 148.327535 2.253668 6.766215 -107048.145478
109.583311 146.039525 5.962810 5.835978 -106860.632056
112.460159 140.523955 4.785805 8.063737 -106854.951733
108.855906 147.056088 3.839811 6.303034 -106893.042966
108.456468 151.094441 2.942114 6.996209 -106997.354773
115.404988 140.705819 4.272142 8.204991 -106927.265195
111.193878 151.601730 5.144145 6.842358 -107012.472272
115.776360 145.961327 4.492853 6.288884 -106994.750734
