171.163988 59.725682 5.514730 8.486929 -98701.329668
87.548881 62.131679 5.514730 8.486929 -98701.329668
89.034852 91.321910 5.514730 8.486929 -98701.329668
178.570216 46.583900 5.514730 8.486929 -98701.329668
137.727852 106.737511 5.514730 8.486929 -98701.329668
188.156442 57.822979 5.514730 8.486929 -98701.329668
105.151393 74.986018 5.514730 8.486929 -98701.329668
162.166823 47.213830 5.514730 8.486929 -98701.329668
128.869503 62.670027 5.514730 8.486929 -98701.329668
15.103751 113.389952 3.460197 5.543716 -99513.282457
12.633664 124.985026 3.460197 5.543716 -99513.282457
7.200114 92.499509 3.460197 5.543716 -99513.282457
42.053322 19.059403 7.265269 4.266076 -99465.228951
15.667274 154.360171 1.611347 6.856950 -99721.596937
6.702118 162.788321 1.611347 6.856950 -99721.596937
101.363733 22.187420 2.431430 1.395518 -99767.972124
72.079649 8.125956 1.616430 3.706175 -99758.067199
39.835354 72.173257 1.218413 1.479612 -99764.434217
33.473127 76.873504 1.218413 1.479612 -99764.434217
49.289719 138.255112 4.401520 1.479369 -99763.270524
132.619923 32.965893 2.255107 1.524043 -99762.637648
114.065446 135.437000 1.274164 3.266562 -99764.607561
114.957797 117.701126 2.397965 1.625440 -99761.904435
117.612570 105.528407 2.397965 1.625440 -99761.904435
54.915057 102.373631 2.095666 1.288989 -99766.187442
49.340468 104.102788 2.095666 1.288989 -99766.187442
49.182672 126.846562 1.197457 1.104115 -99769.840574
89.116854 168.384671 1.123859 3.790530 -99766.052261
88.767247 36.798970 1.758330 1.809653 -99761.741956
110.739342 24.540128 2.396953 1.039902 -99763.174340
181.255100 163.270282 2.216213 2.656705 -99755.377203
152.882235 102.530354 1.623457 1.936341 -99764.510728
94.399871 115.185588 1.573461 1.050215 -99764.594887
83.709159 118.854076 1.573461 1.050215 -99764.594887
52.848032 50.917130 2.134236 2.512890 -99758.150243
53.797904 58.508931 2.134236 2.512890 -99758.150243
34.061356 165.618807 2.861109 1.109176 -99764.673804
145.419316 158.825382 1.215380 1.545014 -99770.543755
35.893726 123.431646 1.803738 1.337398 -99766.098781
23.423015 99.630389 3.671137 1.335721 -99765.415442
105.768192 112.111503 3.005591 1.095920 -99765.310665
7.119337 67.638295 3.605062 1.783236 -99762.847239
62.601910 36.769567 2.368368 1.283232 -99760.571562
168.723955 103.040865 2.774882 1.707839 -99765.649912
31.185436 60.223472 2.107054 1.276741 -99765.779594
7.202390 9.683786 1.139585 4.704805 -99761.120469
152.605018 91.521181 1.763866 1.737639 -99763.906051
49.078691 37.522549 1.244397 1.216298 -99766.809278
26.245018 70.360694 1.810088 1.078155 -99767.291606
19.269262 69.950324 1.486753 2.570817 -99768.586311
114.072573 191.149200 1.382847 3.810769 -99761.922277
41.532635 43.026227 3.427817 1.258747 -99761.959674
103.465650 158.647616 2.250564 2.072932 -99766.116047
137.509088 166.461129 3.206845 1.628865 -99760.784499
107.645401 32.954101 1.587459 2.328685 -99762.826081
179.765345 89.963010 1.847612 1.607229 -99766.254148
158.827311 151.187135 2.338004 2.331558 -99765.018902
73.762830 118.107114 1.712598 1.098125 -99765.937524
35.972955 94.632396 3.656428 1.042878 -99766.599806
25.471782 86.346791 1.089558 2.314306 -99769.733347
69.722408 168.378774 1.538430 1.837953 -99763.683147
75.980393 103.406225 1.707387 1.588933 -99765.749706
23.793395 30.511379 2.199790 1.519135 -99763.235984
58.538734 127.389374 1.583409 2.040026 -99763.765648
65.010852 133.115109 1.237146 2.386796 -99766.445620
143.172420 7.509077 1.660453 2.302003 -99766.257634
67.648573 125.593598 1.034098 2.256826 -99763.934732
120.200450 169.892309 1.031506 2.122205 -99765.958211
54.039855 92.317714 1.127862 1.024385 -99767.320569
147.195101 142.541454 1.762932 1.183862 -99767.365695
4.561593 37.813195 4.829443 1.105488 -99761.811470
84.553775 151.335439 3.801120 1.109646 -99763.788534
72.504252 25.303909 3.221779 1.009101 -99764.546766
75.241940 34.214063 2.901886 1.402484 -99766.305686
46.185912 114.111049 1.144725 1.167736 -99767.840750
167.233234 150.841978 2.340395 1.585422 -99766.620596
46.804236 161.649743 2.376395 1.950359 -99764.230095
54.406125 73.804756 1.300861 1.279289 -99769.811539
178.868470 119.212720 5.375229 1.016772 -99757.315440
37.250911 139.500315 1.196234 1.227360 -99766.942563
74.684049 168.246077 1.706972 1.752713 -99761.022630
161.518079 114.739027 1.145744 2.130615 -99767.722620
13.837942 4.649519 1.547841 1.101341 -99767.213291
96.593246 12.621670 3.011469 1.282679 -99766.378376
184.262608 80.646166 4.796212 1.044873 -99761.599146
92.373459 179.613609 1.315679 2.098911 -99766.943461
147.313733 150.010152 2.704608 1.039320 -99764.846593
18.648878 12.076717 1.947447 1.504756 -99768.014842
41.593481 144.515524 1.007476 2.391550 -99766.311842
22.960522 6.380758 1.005774 2.897516 -99766.334023
