60.046200 83.952523 9.158998 9.943620 -107182.571821
40.776558 90.134195 9.158998 9.943620 -107182.571821
143.524524 131.557469 10.641649 6.443585 -111293.488259
164.337011 144.700737 10.641649 6.443585 -111293.488259
144.193741 145.484519 10.641649 6.443585 -111293.488259
180.640931 138.268853 10.641649 6.443585 -111293.488259
157.742588 131.291455 10.641649 6.443585 -111293.488259
133.158321 77.433532 3.505264 9.527091 -113721.628140
120.882030 72.124019 3.505264 9.527091 -113721.628140
176.849714 79.578034 5.032856 6.318730 -113508.673435
151.009955 88.795084 2.485062 7.944523 -114036.773923
