146.412330 87.190849 3.420377 7.294132 -114091.499854
150.868355 86.890190 2.485062 7.944523 -114036.773923
149.341044 93.086140 3.207561 6.452910 -114095.227506
150.683685 90.765547 1.665235 6.418827 -114052.849086
147.486099 86.961493 3.168560 4.664061 -114097.693915
153.387510 85.731036 1.681088 4.749141 -114084.067101
155.742812 92.292588 3.326459 6.183523 -114091.562772
155.696796 92.521241 1.253947 5.427630 -114095.820157
146.678813 83.983405 1.486583 5.998543 -114091.349161
145.653455 81.641928 2.376431 7.062933 -114071.370773
155.785043 89.551660 5.356859 3.263633 -114088.625207
153.592645 90.410487 2.372069 5.463275 -114040.379838
152.864062 90.921670 6.735826 3.341393 -114082.243839
150.783664 88.145940 4.251251 4.485921 -114056.843660
154.771700 89.178855 4.048736 2.635482 -114082.965018
149.007059 84.831320 2.868346 5.225261 -114092.067501
148.657515 89.120562 1.856644 6.143156 -114055.838534
152.871693 89.500045 4.032703 2.474438 -114083.672176
150.604996 90.787197 4.264542 4.822744 -114060.667746
149.309819 92.389523 3.670385 4.472079 -114085.073564
