84.657968 49.425656 3.580842 3.322717 -102749.823618
91.347243 52.865381 1.005941 5.512819 -102742.323770
87.323824 53.316071 1.882650 2.013152 -102750.179909
90.338048 54.377039 2.793029 5.142544 -102746.712529
93.193218 50.401711 2.744035 3.719019 -102728.775091
88.592782 52.990911 2.477783 4.538476 -102706.791598
91.458939 51.781142 1.485157 2.641182 -102741.852346
91.150836 50.273859 4.317638 4.900660 -102737.368154
89.517007 49.769586 4.952565 4.328182 -102697.802166
88.801130 48.420209 4.688021 3.395487 -102677.284757
88.382068 53.484431 1.265792 5.054040 -102734.127095
90.048119 54.894164 2.705158 3.981434 -102744.576189
92.181713 51.950909 2.646540 2.209732 -102743.082467
86.892586 46.522522 1.691259 4.669215 -102742.355002
87.550337 50.405057 3.610056 4.922747 -102710.519283
91.513883 50.648286 2.696472 4.170023 -102695.627472
92.682754 53.417960 1.571363 7.205927 -102751.383035
88.339521 46.810899 3.107421 3.229320 -102729.735257
90.690282 47.964425 2.556436 2.021356 -102746.009277
90.120174 54.035608 4.539616 3.245591 -102730.845707
90.213622 50.711991 2.908084 2.970881 -102676.986276
89.888666 52.404144 3.689407 1.616045 -102729.140157
85.109868 49.750408 1.370054 6.545073 -102743.804146
90.274814 52.256202 7.880237 2.776999 -102693.826539
88.371987 53.560594 2.593072 3.000470 -102716.708369
89.512433 49.351031 6.184250 4.185980 -102739.052804
87.316022 54.954426 1.871192 4.296515 -102749.597987
88.183405 52.239366 4.733696 3.569599 -102673.079723
87.053177 48.555621 4.739584 2.320042 -102702.653384
86.018805 48.215510 2.203404 3.744934 -102729.040040
91.909231 52.306005 1.485312 3.124491 -102741.358718
88.623258 50.357233 2.472999 2.703869 -102686.431338
86.304686 47.209169 2.064176 3.837011 -102739.395310
86.385655 48.637053 3.661964 4.444024 -102727.538860
86.430730 51.909008 4.842810 3.880584 -102724.795612
93.155148 52.071594 2.789930 4.042301 -102737.393310
91.957115 50.345621 3.039513 4.867426 -102715.348441
88.024287 53.391788 4.247941 3.455902 -102706.069696
89.793348 53.724953 1.480459 4.212370 -102732.279492
87.942104 50.604189 3.111741 1.931567 -102698.398569
94.044222 50.881508 2.333172 3.237061 -102753.257974
91.172192 54.473906 1.510055 4.701831 -102744.984362
88.844476 52.608450 3.075935 4.256740 -102692.315454
85.588748 52.947669 2.671619 4.245091 -102739.969090
92.016014 47.329690 3.353298 4.062962 -102738.921184
91.959862 52.581046 3.609392 4.385930 -102732.476574
93.185249 50.409140 2.085860 2.931977 -102745.464778
91.423096 52.029188 6.225377 1.460255 -102741.278465
88.260566 50.924783 2.017311 2.693471 -102702.807029
90.362014 48.447719 1.178604 3.740183 -102734.737834
84.317705 50.640833 2.039912 5.039636 -102747.058900
86.264991 46.625936 1.176688 4.412364 -102753.313516
87.089401 50.469224 2.190905 2.497276 -102712.018807
89.068902 54.226116 2.447201 4.074144 -102726.558073
86.459164 50.879952 1.569272 3.065653 -102728.605361
88.294473 48.800647 4.580431 4.881222 -102746.537268
92.882873 48.801144 4.267786 3.557838 -102743.004274
88.201123 53.741978 1.064239 4.477157 -102743.621903
89.445563 46.299531 3.119323 4.022320 -102738.321966
87.025868 50.756503 2.384250 3.944352 -102694.519110
90.080637 48.805789 1.516362 6.091932 -102724.228626
90.725575 52.483948 3.606808 2.182287 -102714.227805
89.639041 52.588890 1.997276 3.096433 -102710.954208
90.689518 50.255179 3.946351 4.242718 -102683.312196
84.375585 50.425650 3.174889 4.069587 -102753.135356
86.487168 53.684440 1.279662 4.245917 -102746.871704
86.781112 51.785240 4.853218 2.964369 -102680.550595
86.603495 46.846425 2.953057 4.982666 -102753.287613
86.196392 52.539519 1.770560 4.407852 -102729.447410
86.230950 51.965289 1.713559 3.236394 -102730.756608
86.623585 53.120113 3.771629 3.147314 -102719.629027
89.275604 51.570214 1.871848 4.544845 -102700.627569
87.519949 47.349198 2.940917 4.068768 -102719.270235
89.529278 48.533470 2.755748 4.797077 -102699.021388
89.285625 48.871361 1.117629 5.524589 -102729.429133
90.815106 47.720142 1.062474 3.170163 -102752.468930
90.533671 47.809244 1.211404 4.394306 -102734.490230
89.277292 51.403771 2.142708 2.409715 -102707.773787
84.234949 51.163488 2.082520 3.704132 -102751.271252
87.293525 55.662875 1.788404 5.227063 -102754.002248
89.739845 50.665118 3.893239 3.245685 -102648.612137
88.969352 47.085906 1.389709 3.510490 -102741.265709
88.983736 50.171328 4.282617 5.193084 -102740.845860
89.132892 52.782185 3.716009 2.415289 -102691.572369
85.202169 48.541775 2.780146 4.597968 -102742.786365
89.624753 51.797059 3.911776 4.600578 -102698.578290
91.729230 47.420491 3.212234 2.876989 -102742.220275
88.345435 47.235326 3.328095 5.110328 -102741.506278
92.113991 48.005981 2.616069 4.665007 -102725.771520
88.233800 51.363983 2.766944 1.691730 -102718.962486
88.198298 47.681845 5.455866 3.484438 -102722.884038
88.107918 47.745188 2.031894 4.293242 -102714.606437
84.760826 54.146260 1.130267 6.190567 -102753.230383
92.423806 50.451851 3.135762 2.949549 -102719.376380
87.460917 46.798560 3.061283 4.003563 -102733.171320
90.129861 47.661633 3.931527 3.855170 -102709.180736
86.864722 51.685435 3.836782 3.166154 -102681.335334
90.760983 49.139692 6.968857 1.792866 -102713.881268
89.509520 54.358729 3.937230 4.104838 -102746.004757
87.098022 48.958441 2.120635 2.341663 -102728.145201
91.603996 47.711382 1.454865 3.692623 -102740.423765
89.154358 47.778560 3.961697 3.576637 -102697.290911
90.694701 46.498542 2.249664 5.871111 -102745.251047
87.363875 53.612350 1.841017 4.823260 -102729.479513
91.161993 48.243479 1.294396 3.772349 -102736.173788
85.594311 48.657009 5.210329 1.907045 -102752.909918
90.972777 52.830444 3.210569 2.495365 -102718.394374
87.124518 50.849627 2.228841 5.037020 -102707.558236
88.188219 54.752020 3.333482 2.506304 -102752.353993
85.870376 50.679604 2.494137 3.021737 -102717.506393
91.573384 47.242224 3.834734 2.456097 -102752.640738
90.349145 50.652787 4.990375 4.131895 -102690.272533
88.558839 54.484691 2.555753 3.287837 -102736.061501
88.949637 53.168577 1.619116 4.139007 -102721.465195
88.255498 47.939267 2.364414 3.062984 -102713.940436
87.305662 51.120628 2.046917 4.221132 -102700.958278
92.506627 51.680159 3.716978 2.438505 -102734.850586
84.973572 51.667916 1.817853 4.127328 -102740.043788
91.501659 52.242489 4.589906 2.738277 -102704.419520
86.588982 54.861804 1.327402 5.774771 -102747.626372
91.746580 48.089424 5.132374 3.740154 -102747.829606
88.201094 49.321659 5.201530 1.737543 -102684.157703
90.750471 47.972583 4.403121 3.087647 -102708.649751
90.472401 49.694472 2.480163 4.951697 -102697.674489
88.953929 45.989849 1.649443 3.686003 -102749.438964
87.533014 50.872582 2.832377 3.314918 -102676.780606
87.589695 51.256695 4.456805 1.305069 -102721.601239
89.771547 48.272554 3.263961 3.375425 -102689.213164
85.974243 47.803102 2.414416 4.204639 -102732.616969
90.564724 50.574758 1.103539 3.795499 -102730.681891
85.229111 51.767487 4.796991 3.360894 -102749.402856
87.176174 52.773015 1.734273 5.106649 -102724.338012
89.735761 47.110954 1.594135 7.179354 -102745.296477
86.382118 51.041207 1.928985 2.737456 -102724.923995
92.357326 53.358331 1.362042 4.179666 -102747.156602
85.821643 51.623861 2.584285 5.214088 -102732.861122
84.946943 52.133444 1.729244 4.049703 -102744.506305
87.114848 52.757538 2.870192 3.999601 -102707.799667
90.184926 53.762749 1.806063 4.897370 -102727.850181
87.428193 52.305515 2.863000 4.009281 -102695.717176
88.173623 49.599776 1.727702 3.622542 -102705.573067
93.500768 50.316424 2.115687 3.775566 -102737.489996
87.086571 49.029999 2.039779 5.304458 -102716.689229
87.305378 53.497054 2.964904 2.837410 -102722.350198
87.790534 53.584185 3.414320 4.799395 -102738.452245
90.029319 54.771121 2.404209 3.756201 -102741.447142
88.940647 48.799352 4.284671 5.104705 -102746.015988
91.572329 48.459902 5.099705 3.866415 -102736.187680
94.091014 51.880519 1.600495 4.229178 -102752.724255
86.027342 50.290975 2.217363 3.893993 -102713.509852
86.091403 49.702174 3.972137 3.472614 -102702.569449
89.394729 51.189743 7.421661 1.899128 -102645.576613
87.187491 48.799134 2.179402 5.091394 -102713.832586
91.461888 51.372818 5.712008 2.677492 -102691.911400
88.347821 52.988937 4.157469 4.784553 -102742.545202
92.839515 48.763198 3.129366 4.303190 -102731.126630
88.049480 45.838044 3.068792 3.844314 -102753.561898
89.015124 50.870677 2.291668 4.507612 -102687.293708
86.092873 53.775273 2.619816 3.997307 -102744.179421
86.705452 47.335612 2.021147 5.015047 -102732.916833
90.814599 50.303578 5.609154 3.874558 -102698.983904
90.829274 50.929417 3.086582 3.758419 -102677.998401
87.657019 50.769766 4.167841 3.238377 -102652.445968
85.227985 48.876564 2.254883 4.616270 -102735.326525
92.626454 51.722306 3.577969 2.746510 -102731.533407
87.403622 52.688511 3.322473 4.129778 -102704.057037
89.113656 47.139570 3.155740 3.742016 -102715.147665
90.443728 53.018668 2.648047 3.228736 -102707.742856
90.592317 52.388590 4.331641 3.366175 -102682.537576
87.062281 47.776120 2.039416 2.377863 -102745.562630
93.354417 50.488433 3.761161 3.849777 -102740.595714
90.173850 47.635128 5.506082 3.708256 -102739.306895
87.132413 47.754231 2.355115 2.168348 -102746.269265
86.063182 49.546730 2.049313 4.850213 -102720.858876
85.328505 50.775671 3.605808 4.040845 -102731.072635
91.661624 47.496961 3.921324 3.186546 -102736.831682
91.287104 51.386634 3.931371 3.327255 -102682.189895
91.922067 46.165277 1.883575 5.635805 -102747.798863
