100.159398 26.594097 5.156406 6.730819 -103326.716634
90.961011 34.294356 5.156406 6.730819 -103326.716634
85.741157 158.598522 4.935388 6.862709 -103320.866152
88.922044 74.290106 6.202376 5.494911 -103038.897701
159.403411 13.567003 9.656688 7.566907 -100763.333195
171.717665 40.396924 9.656688 7.566907 -100763.333195
47.235330 27.867344 3.975059 5.324401 -103435.363705
31.960070 93.959608 3.523917 1.525117 -103912.556698
6.928603 82.032129 4.130987 5.486858 -103748.385332
46.866210 70.993587 1.677027 2.821979 -103910.756367
20.716966 54.877948 1.735075 3.947526 -103909.762432
144.612765 61.824707 1.263250 4.552121 -103901.411796
44.646779 187.852253 3.888063 2.683332 -103845.565588
107.653974 129.478400 2.249299 2.741955 -103905.658419
89.078236 124.700583 6.987020 1.072466 -103902.906623
69.350512 123.146367 1.653274 3.163305 -103912.721426
118.200194 106.745644 1.287886 2.352717 -103913.789558
53.307697 83.986098 2.349399 2.694373 -103905.904199
108.186767 172.527130 4.743463 1.579222 -103905.033766
56.193495 113.373259 3.279838 2.466414 -103915.052921
102.713330 186.270208 1.268321 1.557124 -103914.527482
71.414314 197.250425 1.979483 2.434003 -103910.609036
