17.642875 76.364325 6.843750 9.869449 -108338.889318
20.069298 96.141384 6.843750 9.869449 -108338.889318
48.940475 52.598480 6.843750 9.869449 -108338.889318
70.873684 21.869787 6.843750 9.869449 -108338.889318
93.824586 102.462384 7.002821 6.497280 -110399.916849
96.901186 60.499502 10.429001 7.549263 -107716.490271
133.585905 46.196671 10.429001 7.549263 -107716.490271
115.462489 55.121467 10.429001 7.549263 -107716.490271
129.559436 62.564761 10.429001 7.549263 -107716.490271
168.313388 73.914355 3.362507 4.788672 -111471.062129
156.791553 163.626534 1.173221 8.524605 -111619.258438
153.002976 155.218488 1.853471 9.313582 -111641.774962
