161.226639 152.482270 1.853471 9.313582 -111641.774962
153.349120 158.540158 3.128235 4.558754 -111672.392223
148.661693 157.392351 3.771705 3.156948 -111693.420398
155.672451 151.116109 2.066869 4.921018 -111658.654354
158.470742 153.238945 2.168808 2.980822 -111685.078320
153.193179 156.236643 1.899486 3.277604 -111680.889777
157.938007 153.449848 2.549996 6.680853 -111644.690430
152.683639 156.347784 2.404927 2.676250 -111690.021863
149.917809 155.611466 3.948942 3.035970 -111693.467838
155.201133 153.619015 1.976242 2.072615 -111691.757981
147.178675 154.949324 1.153663 5.342154 -111663.249731
148.927926 159.303125 1.701386 4.828169 -111659.383520
146.617674 155.553309 2.099607 4.158955 -111672.091237
