187.295106 196.429108 4.107025 5.078061 -115190.576048
188.129347 187.600855 4.149567 7.223544 -115460.846648
184.970406 194.143479 9.623045 4.037061 -115164.507175
185.299362 186.556215 3.198814 6.911021 -115520.049392
184.349744 189.193371 6.475504 5.028350 -115459.194114
191.114442 194.119367 1.712426 9.552560 -115399.744678
184.864995 198.178064 6.170155 7.948073 -115242.754212
185.122327 199.354378 6.992470 7.412907 -115226.825129
184.610879 193.011616 1.643804 4.478311 -115498.327165
186.305043 197.271967 7.712111 5.106794 -115102.188965
187.983461 190.253163 4.191992 6.507438 -115266.919296
181.008825 194.999672 2.115252 9.990238 -115431.706632
191.337495 191.288057 5.958833 2.886092 -115439.104343
187.956842 192.444090 6.427400 2.363773 -115377.954377
192.949745 194.163204 5.875210 4.773427 -115319.333483
184.533336 193.763734 7.602986 4.298565 -115182.814333
183.142762 195.610197 3.887179 7.007593 -115293.546219
190.624690 196.130593 5.601151 9.378078 -115308.937649
178.617278 197.751608 2.975561 7.951258 -115515.905440
191.877424 197.497107 5.660754 5.986849 -115222.344887
