103.039375 36.491251 3.211732 3.338686 -104244.708656
105.525821 42.223802 1.216817 4.010047 -104221.855318
107.230814 40.701584 2.876363 2.712727 -104217.602453
106.506196 42.726928 6.406648 1.448584 -104234.112217
101.951714 36.575721 1.261898 1.219097 -104259.861739
101.577424 36.055672 3.148299 3.267130 -104259.128187
110.348703 39.798866 1.482288 5.140239 -104230.305613
109.531065 40.527210 3.688837 2.521801 -104246.026522
108.815859 33.960935 1.760617 3.704731 -104257.303454
104.377025 40.215162 3.528322 2.149311 -104221.042239
103.192189 39.146336 2.780146 3.340778 -104222.604220
110.213283 43.717877 2.683641 1.689896 -104260.367750
106.126894 37.234103 2.929882 4.386585 -104226.103704
105.682217 39.128122 3.552765 2.590153 -104221.077248
103.726182 38.864864 3.380214 1.033093 -104258.485352
105.263773 32.131641 1.455843 4.958103 -104257.105612
101.612310 47.148448 1.828817 2.622692 -104261.524632
103.113255 46.932766 1.818915 4.260737 -104241.838351
101.831745 38.645240 7.741639 1.243348 -104262.022186
103.688928 42.714579 4.289614 3.562636 -104235.747162
102.723646 40.988331 1.359185 1.596285 -104254.591572
107.881115 48.349763 3.034544 3.173474 -104261.304931
107.548127 34.083760 1.949044 3.587464 -104255.467005
106.748180 49.776196 1.868394 3.296453 -104257.229240
