37.809721 2.318236 6.273146 4.243226 -110436.551754
42.979740 5.187105 3.586456 7.065500 -110518.795642
41.119000 11.542202 5.387455 6.135177 -110660.798911
42.367447 3.636243 5.851256 5.597370 -110543.441747
42.128925 5.254532 5.793585 6.002304 -110512.634151
38.460197 12.194123 5.685472 6.351959 -110618.138889
44.779144 1.143258 2.593860 7.193494 -110655.747461
37.872955 6.128421 5.079876 4.542064 -110394.067037
38.820201 2.125220 5.984352 6.997275 -110306.627427
44.227146 5.993592 4.812303 3.964187 -110737.720623
38.400678 7.265192 5.093830 3.802292 -110516.514388
41.089867 7.296657 4.790986 3.940455 -110605.230353
38.647798 8.315640 5.630341 4.408964 -110470.286877
44.388019 10.008212 2.087351 7.513161 -110668.630150
42.629286 8.624967 6.160967 4.397336 -110688.259424
39.941261 13.035042 3.626639 9.196128 -110623.978894
45.823621 2.990094 2.455985 8.399047 -110640.129126
