126.547040 196.987043 1.285232 7.832686 -102160.905761
131.983202 193.359919 2.489867 4.746972 -102179.256178
129.347172 197.954277 1.755250 2.025719 -102205.648182
138.462779 196.910224 1.097402 7.819080 -102198.900931
123.006967 198.262279 2.425372 6.966931 -102163.459080
126.186698 192.931058 4.513743 4.216894 -102155.752956
130.892275 187.611362 1.168182 6.366136 -102221.302619
125.357197 198.591651 4.340693 3.760836 -102119.469634
129.122036 197.249699 2.392254 4.106288 -102125.827519
134.937863 199.292027 1.910247 5.436937 -102201.274481
130.617394 196.602081 3.196880 2.016724 -102186.991854
120.882474 191.096523 1.690339 7.881653 -102221.369542
129.073936 191.516970 5.240789 2.858565 -102207.067359
130.396249 197.667618 2.244394 3.457598 -102161.974310
123.748267 192.860458 4.222762 3.999789 -102209.099354
129.665564 197.665873 6.352043 3.408707 -102106.050651
129.816264 193.971494 3.338930 3.334735 -102135.404098
125.125510 191.745213 4.382223 3.701512 -102207.378795
125.707733 194.546761 1.504449 2.407660 -102193.202157
135.034827 198.746874 2.178243 5.569460 -102198.423371
132.291091 192.714868 1.156192 4.948261 -102201.694232
130.963528 196.085300 6.194124 1.445327 -102206.612922
127.683259 195.452512 3.372283 2.009895 -102129.078597
132.445510 198.634459 2.830002 2.950520 -102209.400802
128.603253 194.252326 5.728382 3.280952 -102090.856994
124.603431 196.110406 3.386400 6.462384 -102164.797858
130.638980 193.632145 5.558883 4.394060 -102211.447193
121.311148 194.293855 2.515301 4.865354 -102214.995681
124.491029 194.657446 2.188242 6.788207 -102162.121340
126.893273 195.837842 1.061362 5.006394 -102173.334706
