60.119171 149.401459 6.736619 3.882595 -105546.887338
61.864504 143.650274 4.574499 6.064542 -105492.423952
63.720582 149.352503 4.505996 4.485168 -105534.810115
56.558659 143.418705 3.652536 7.896644 -105507.320219
55.212091 146.199773 1.819936 7.896361 -105514.109687
65.409640 147.007500 4.569886 5.150685 -105544.593799
59.358365 147.568577 6.420897 5.186519 -105517.347234
57.029568 145.272180 2.670746 5.447725 -105509.549495
62.125869 152.179697 3.766433 7.131806 -105522.190118
59.117887 150.237578 2.819235 5.065833 -105521.950747
56.797675 148.939939 5.305205 4.905071 -105538.682345
55.349814 152.704725 2.413246 9.970493 -105554.852952
60.084679 140.698009 3.217012 6.432021 -105525.407336
55.876351 143.303936 3.406241 5.040026 -105542.065676
55.197329 142.020645 2.959328 8.251561 -105529.866105
60.078216 144.890901 3.346868 5.290241 -105477.521573
63.050779 152.412160 3.182364 5.439888 -105547.975518
62.949306 150.719160 2.178240 6.142564 -105523.985024
63.612225 142.646583 3.506742 5.839850 -105522.230433
58.976959 152.620460 2.945634 5.715664 -105544.438481
62.766877 149.258621 3.938538 7.018360 -105466.171282
56.582856 142.359432 2.039486 6.041149 -105549.350888
59.294946 140.983853 3.237914 6.099085 -105527.367896
58.375466 146.399515 3.926720 3.734082 -105538.900149
55.607468 143.695822 3.924695 5.602056 -105527.006181
63.554607 148.855384 3.400920 5.626847 -105488.601933
61.743852 152.865166 2.710317 5.460401 -105554.904616
63.882151 141.281529 2.121426 6.381531 -105552.052045
63.060811 146.704442 2.066862 7.945671 -105460.978956
57.306638 142.870982 1.771499 6.903074 -105529.851288
62.922454 144.279677 5.008923 6.398554 -105518.694229
58.499239 148.678764 4.965092 4.964248 -105487.557395
60.084001 148.330802 4.078146 4.361739 -105495.565665
64.113236 147.916121 3.652006 4.170555 -105551.495994
56.442647 150.861568 3.335763 6.903634 -105523.312267
59.675434 148.091830 2.522186 6.832763 -105455.093825
55.796655 146.733843 3.289194 5.412166 -105511.938320
62.173127 144.709061 3.177746 4.715286 -105522.235070
62.374892 144.318691 3.276388 6.702222 -105455.108399
62.064573 150.022447 4.393643 6.363680 -105484.389339
62.430239 146.936643 4.008086 5.269791 -105469.390416
56.960616 149.385489 2.305559 5.064989 -105553.688179
63.317839 146.328913 2.892005 4.468758 -105543.421526
61.438738 150.966059 3.379739 4.209820 -105553.260324
63.757422 154.047717 1.940589 8.643237 -105539.174301
64.165860 145.147254 1.936496 8.812779 -105465.590727
62.557578 143.830448 4.346001 4.215208 -105550.200202
62.597569 152.958783 2.765422 5.947930 -105546.595074
57.966940 149.874740 4.144774 7.214039 -105504.175753
59.122286 143.006783 2.233333 6.574575 -105499.558123
57.398689 149.048280 4.009355 4.904040 -105508.290180
56.898208 150.319124 4.573355 6.168729 -105543.668241
