25.053617 92.539715 9.812033 6.083524 -103073.274000
187.890371 92.468048 6.087358 5.237084 -104606.401165
22.406323 146.530235 8.432142 8.781972 -101174.677254
61.183191 46.401722 5.664105 3.915039 -104825.454812
117.701051 74.212901 3.189261 3.937903 -105056.824768
155.771266 49.871372 3.718368 4.026106 -105001.299502
186.196813 56.600930 2.437699 2.891675 -105147.501621
90.744864 196.474701 4.884796 4.092030 -105077.191783
183.169302 40.889070 1.389583 2.957880 -105178.353713
8.064858 169.175671 1.819979 7.500036 -105121.601979
