185.770118 98.018220 4.517366 6.261208 -116762.563493
180.733260 97.906855 6.515194 3.349331 -116900.857667
183.104552 94.174719 5.765418 7.041126 -116914.699439
180.799735 99.893928 5.706587 4.035237 -116865.071864
183.446416 99.727625 8.215047 4.323385 -116776.805665
186.147337 96.297440 7.629958 3.479046 -116900.812113
183.618875 99.642276 8.579778 3.093660 -116879.626178
183.421318 97.371373 7.639643 6.665068 -116912.962986
185.354573 96.569635 9.918497 3.856279 -116868.224994
184.747703 99.795079 4.538336 5.615562 -116771.617180
180.640449 100.668637 6.410791 5.626580 -116835.798262
184.988080 96.104172 8.084709 3.828316 -116833.659493
182.753439 98.237476 4.429413 5.320833 -116744.853530
183.638775 99.083244 5.999216 5.334215 -116713.141484
185.406076 95.454637 5.148682 6.805826 -116817.849279
187.887272 100.045897 3.095391 7.204667 -116906.203225
178.654729 100.764018 2.967598 6.764306 -116913.506930
180.414281 100.381997 4.954233 4.244776 -116892.490686
182.572724 98.679247 5.311871 5.120310 -116724.086801
