100.823740 76.427130 5.002435 3.904492 -105241.763992
102.625393 75.859645 5.513074 3.331959 -105200.451187
102.900802 75.047783 5.155635 3.040942 -105207.344923
102.071955 75.541655 6.642964 4.092394 -105222.941876
101.550861 74.086640 5.619578 2.297648 -105239.992503
102.067852 75.966117 7.145408 3.048276 -105171.676407
101.999113 75.046827 5.715671 4.426458 -105235.054342
100.857803 76.006353 5.958189 2.743103 -105220.485260
100.492582 74.950743 4.566690 3.966423 -105237.343098
101.868730 75.719891 9.706871 2.386198 -105153.208263
103.656442 75.639648 6.113492 2.681399 -105231.736688
100.225319 74.158993 8.156210 3.120330 -105231.086303
102.542128 75.795198 7.154288 3.167625 -105173.835058
