22.481565 88.879104 2.820766 7.328476 -102316.731560
12.687908 103.525859 3.122415 4.897453 -102649.049840
12.155490 86.773457 6.812972 2.587635 -102505.471767
9.901182 99.151653 1.879443 4.749960 -102594.109688
9.791530 96.575599 6.809021 7.754024 -102276.039623
6.351150 88.010317 6.185719 6.286930 -102501.614056
8.373837 92.070998 2.142291 2.584141 -102661.755505
23.247580 99.511792 3.496873 5.295619 -102590.586312
16.621038 89.625937 3.016069 5.669583 -102193.569872
10.585637 87.820305 4.628671 2.094085 -102611.223176
19.317320 97.127394 3.202155 3.571014 -102540.652379
5.931724 80.036351 2.960232 8.699652 -102645.724231
12.897550 97.534371 3.872144 3.140967 -102537.306687
12.076622 102.901109 2.607053 6.501265 -102543.092317
18.113325 99.056923 3.145496 5.269222 -102428.086422
15.022233 97.582532 5.643684 2.412262 -102569.809242
8.069226 91.571048 4.246674 7.604938 -102135.262744
23.135139 85.556605 3.417159 4.459641 -102616.451334
13.230158 87.020663 7.005500 1.612741 -102639.059184
9.433023 98.926979 5.824434 6.765168 -102390.657463
18.510766 91.985548 6.812050 7.698074 -101965.735299
14.051337 89.746446 4.824114 2.763387 -102443.756267
14.164734 89.364238 3.920851 5.417907 -102092.584179
21.877318 83.329032 5.422831 6.733008 -102594.987203
7.069813 98.213866 1.150656 6.073739 -102623.926755
11.939631 105.720443 2.126673 9.642681 -102555.927452
3.204391 88.749188 3.121366 6.191087 -102595.151998
21.633192 98.786379 2.533393 6.069325 -102488.940387
21.220251 86.619308 2.292967 4.215588 -102599.671146
12.604293 83.423655 3.613733 6.847005 -102360.785652
6.372923 92.250140 4.842411 7.803797 -102254.439977
10.289264 101.175191 3.672374 5.964950 -102500.433589
24.205639 89.558024 1.850980 6.972338 -102494.377035
22.288089 94.874947 1.375956 5.153045 -102594.875258
10.684957 98.574683 4.053796 5.190780 -102391.924893
13.071618 86.298552 5.367587 2.436208 -102568.253901
4.622825 99.137833 4.360159 5.395918 -102675.084801
21.557840 85.512025 3.713600 5.334090 -102488.213229
18.660973 93.680660 3.280341 6.203814 -102146.866344
22.724881 83.384696 4.047674 5.833378 -102591.497717
20.636466 99.821926 1.718442 5.013513 -102613.638499
19.605951 99.095884 2.667585 4.868060 -102523.940692
8.763761 97.816801 5.972943 3.382773 -102601.415567
19.117157 92.846956 6.158927 8.075726 -101996.187823
19.672567 89.902852 8.240523 3.290196 -102428.545138
8.221583 89.911593 4.201080 5.326284 -102307.444695
17.385544 93.327609 1.008695 5.928457 -102530.946373
22.274184 91.197139 2.875044 2.506379 -102673.514172
10.511559 90.375214 5.143093 5.815024 -102041.820251
19.554773 89.059123 4.973491 6.580367 -102068.740437
15.913915 100.947680 5.668725 4.267042 -102576.527124
18.364309 87.324184 7.635544 1.868476 -102676.665795
20.033893 82.945801 2.328231 4.146129 -102659.901356
20.803339 95.544333 4.558771 3.192816 -102534.297947
24.726910 82.932194 1.686117 7.046741 -102617.341997
24.015938 91.643007 1.124487 6.419145 -102594.972646
15.355825 95.624582 4.378341 3.930117 -102305.724439
10.122042 86.982307 7.122902 2.882842 -102504.816628
13.888808 85.653365 3.719126 4.734935 -102372.755208
15.306661 79.008886 2.086637 6.469712 -102623.718939
17.201961 90.276486 2.314365 3.016548 -102584.822180
13.593243 93.188880 5.862180 6.402068 -101808.393048
10.567031 87.393359 1.358960 6.070234 -102513.036431
12.862596 94.692093 2.134231 3.688189 -102521.961886
13.978735 102.487983 5.102585 7.541943 -102522.256265
10.359720 81.241453 3.662734 5.372782 -102646.259081
12.795591 86.844371 6.766317 5.634941 -102119.280477
17.138199 101.439769 2.329954 8.066639 -102402.317520
13.147954 95.564645 2.689012 1.919884 -102674.666327
11.328109 82.987341 5.905396 6.198765 -102541.428227
17.694002 101.048119 6.032130 6.969092 -102498.270110
11.846334 82.349399 3.197698 5.525399 -102543.050180
6.907367 84.091356 5.254809 8.215494 -102599.875338
11.744452 101.208372 3.996178 3.440507 -102652.777085
16.112778 99.101818 4.280364 3.439677 -102549.628671
28.221893 90.264177 2.730103 9.035839 -102535.702771
4.490876 96.766483 2.805110 5.564764 -102598.448353
27.487647 98.373970 1.436552 8.474050 -102614.964315
20.607501 92.331436 4.473484 4.558425 -102317.265475
17.781855 82.733081 6.523631 3.886479 -102665.598175
18.994807 97.689602 10.474323 4.532085 -102555.605472
8.812684 94.725381 4.954870 2.902429 -102557.291682
17.132150 92.926860 9.256673 3.263922 -102224.797029
14.979854 89.827010 2.239748 4.934548 -102363.601406
19.279747 93.148264 4.610345 3.557668 -102394.336698
13.480894 98.097744 3.000064 5.252987 -102367.599399
12.965597 101.886694 4.624824 5.694680 -102517.684712
10.703406 86.582981 4.684478 5.509165 -102268.204016
17.966502 96.004507 5.816636 2.671164 -102499.609250
1.380479 96.655565 3.593198 6.104084 -102671.826019
21.571503 94.952057 5.145600 7.566514 -102193.292473
23.200081 85.187584 5.401625 6.472803 -102563.260940
21.542457 96.138958 4.185045 3.771848 -102523.653857
8.898822 99.099596 5.235155 3.167977 -102656.282282
15.491245 91.144137 3.378516 6.595316 -102012.354072
6.264485 97.577735 3.237355 4.300867 -102625.093292
14.731782 80.628150 2.534854 7.083602 -102517.281835
19.891488 95.428939 4.917945 3.855423 -102398.406078
4.888077 92.685984 4.702907 3.913723 -102642.196484
9.979526 91.301940 1.957611 6.297633 -102360.672488
19.250100 99.988573 6.481615 5.901767 -102495.185650
11.583686 92.826784 7.113681 6.220974 -101889.704377
23.584883 91.448967 4.120247 7.161973 -102311.492876
5.696269 91.607120 2.572220 5.027224 -102550.568631
15.625413 95.063747 8.206264 2.331032 -102461.218373
15.230867 87.847172 2.626491 5.076665 -102343.175709
8.938613 96.645249 3.970999 9.693333 -102151.524809
10.090060 97.723506 5.931243 4.627434 -102393.140775
15.429345 90.247535 2.434492 6.893473 -102161.770870
21.540293 96.380705 3.690206 6.228714 -102323.967826
21.463319 93.856440 4.357959 8.478012 -102126.210041
15.807208 90.835692 2.566636 3.092984 -102537.273539
6.219349 95.936852 5.371986 5.710543 -102477.196774
25.771225 96.763451 4.418006 5.719349 -102642.157563
20.657198 93.541055 1.062674 5.274022 -102592.912898
17.578007 96.552214 5.133672 5.751212 -102106.554106
4.950560 100.069777 1.209733 7.482928 -102627.304876
15.006185 101.537724 3.793199 4.943074 -102541.055333
10.681255 91.358570 4.348662 7.122550 -101980.636611
7.045543 86.830769 3.840705 2.982882 -102661.306860
12.876840 99.182675 5.888987 5.202833 -102344.194392
6.522697 88.819838 2.061633 3.305568 -102669.157799
17.659872 94.831777 6.817126 7.126673 -101950.857641
13.189162 99.478406 6.211579 5.922776 -102321.788340
15.510516 96.714212 3.369296 4.816002 -102312.095908
12.820255 86.270836 5.473209 3.847018 -102372.416093
21.170469 85.569850 4.687859 4.420509 -102544.510465
23.636694 98.621764 3.987676 5.254839 -102582.139600
14.915084 91.466089 3.659950 3.910533 -102302.042594
20.420012 88.743075 4.505832 8.036099 -102089.951224
13.905921 99.688852 4.995907 2.309360 -102672.507674
14.274235 95.629679 7.730562 6.439025 -101949.213909
2.697685 101.749242 2.130127 9.740342 -102561.638247
24.123598 85.204624 3.837464 5.547135 -102592.708401
20.909557 98.938427 2.627058 5.564296 -102500.238655
26.809972 99.501805 3.449935 7.904571 -102665.728686
11.650426 90.778834 2.681897 2.305030 -102621.101184
8.024590 87.020308 3.470294 4.451509 -102517.951718
21.959459 98.937377 1.710459 3.883489 -102672.847155
18.366378 95.245727 8.539402 5.080356 -102119.625909
22.077406 97.290693 3.221910 5.659367 -102448.451230
22.590048 92.862334 4.602048 5.476411 -102347.191078
6.998954 83.801862 3.388882 4.953287 -102654.983839
17.939274 87.961468 6.623902 4.683842 -102195.201788
15.860398 88.247527 5.056054 5.258058 -102074.579048
10.065867 90.881818 3.845226 6.321508 -102111.623953
7.571123 91.182470 4.618318 2.976477 -102559.978050
12.907168 99.322846 2.706379 2.983691 -102649.630432
9.298455 89.097033 1.469098 2.893424 -102669.074429
7.578830 88.773275 3.777607 7.434672 -102252.294971
9.950086 95.264167 4.472316 3.977775 -102392.306034
23.245527 102.415523 2.636273 5.747837 -102661.628441
8.578962 82.703559 2.773792 5.129332 -102639.219830
19.624880 101.976151 3.467065 4.207786 -102656.593650
15.402473 95.011095 1.664863 4.486251 -102504.223012
12.224282 83.049994 5.494174 5.984147 -102479.786043
15.262973 93.275842 6.634619 4.007964 -102072.576265
19.608966 93.692389 6.655816 3.294780 -102385.199773
17.899774 85.825939 4.372067 7.533483 -102139.623243
18.044142 98.252238 3.487610 5.386155 -102352.397441
17.421809 85.224321 3.782157 3.888162 -102521.586056
13.065919 95.225713 8.860587 3.715819 -102182.191994
19.966757 96.372032 4.168546 7.469590 -102137.564067
17.308455 91.630981 3.310297 3.357221 -102458.000633
10.559294 90.870200 5.459678 2.818148 -102430.906722
18.038400 101.737926 6.462504 6.040412 -102630.933795
19.086988 98.420545 6.563967 7.152305 -102334.452394
16.120901 92.050767 4.614156 4.500889 -102122.660430
7.770014 96.118114 3.871884 4.211901 -102520.319199
8.809925 102.813973 2.662865 4.789347 -102672.740297
5.828090 94.641889 4.345509 4.226459 -102581.694366
7.358465 95.446178 7.931393 6.935584 -102541.782826
17.493100 97.260048 8.007654 7.851212 -102406.585851
15.002042 96.940853 5.316493 4.983553 -102162.744467
15.973233 87.892823 3.775958 4.409724 -102311.087314
16.476297 87.391355 4.143404 4.409989 -102315.440903
17.713445 89.968987 4.713055 3.663148 -102346.115412
10.499431 82.575371 2.375009 7.965576 -102446.838731
6.953785 93.054187 3.836497 5.022373 -102425.504278
3.376964 93.458786 3.618028 6.828478 -102507.971775
14.714507 94.636696 2.271358 5.556643 -102308.063445
21.351834 84.711801 4.951790 5.377495 -102515.296862
17.942197 81.124784 5.185767 5.447238 -102639.670456
15.093433 79.866502 2.420295 6.990236 -102558.370703
18.012686 97.888279 3.412665 3.317746 -102557.774713
22.855187 85.753720 1.075209 6.842445 -102602.381405
17.811089 91.760649 7.344541 3.926099 -102147.454274
1.847784 89.270632 4.512700 7.735551 -102576.300220
4.571483 96.831971 3.384848 4.983113 -102628.026709
16.818067 96.496640 4.071380 2.665565 -102553.434417
5.654311 90.052772 5.065503 5.092610 -102512.065920
13.613930 90.260909 3.774957 2.600531 -102520.140208
23.900628 88.156912 1.757362 5.239305 -102604.463246
16.528141 99.729973 5.732314 6.545938 -102299.881563
20.637864 99.127155 2.332773 5.549227 -102519.687840
20.371546 97.475133 7.304737 4.174630 -102467.349164
9.924728 89.103117 2.442845 4.931464 -102419.924049
14.534833 95.859608 2.409013 3.005585 -102580.056959
18.235939 100.875418 3.110052 6.609815 -102422.394504
23.458345 93.599808 4.878918 8.910312 -102332.740537
23.463712 95.430817 6.719570 5.590281 -102536.784538
15.695195 89.764545 1.397566 6.547357 -102408.379437
19.609725 98.275100 2.339988 4.165575 -102574.101383
20.977103 98.703582 5.923140 5.571256 -102462.175089
18.588046 88.497840 4.625486 4.963646 -102226.269942
14.975130 82.685007 7.208412 7.392491 -102672.953811
11.530236 85.641635 5.220283 5.081717 -102326.067898
6.913276 105.160734 1.131510 9.749721 -102625.383993
11.556869 99.439131 8.511644 4.985620 -102562.684158
24.893238 83.830865 1.450436 6.468560 -102641.931588
15.474212 96.221841 5.398921 5.687001 -102026.212353
22.470160 88.943995 7.203005 8.305643 -102610.170447
16.919189 85.292502 4.662105 2.430477 -102642.423482
15.647114 95.748622 7.089800 6.081129 -101937.803592
16.687312 94.307985 4.669578 6.413416 -101930.747366
19.552496 94.751817 4.339532 3.602717 -102429.211483
6.938373 98.672527 4.654207 4.194586 -102634.701986
11.077476 96.174408 7.650185 6.086819 -102144.497040
12.656502 100.216509 5.686585 3.155823 -102626.136604
10.805570 90.711123 6.269157 6.524606 -101948.043722
13.870039 100.866020 1.246018 6.268198 -102580.928870
11.847642 96.885496 5.703229 4.213415 -102309.435014
15.906998 92.305206 11.869196 6.817994 -102497.930469
15.378118 86.108370 3.767326 4.241499 -102406.822876
9.607397 88.315162 4.545635 5.955144 -102200.008089
27.409452 99.468681 2.534638 8.940924 -102608.575399
8.702169 99.916504 5.985577 4.564103 -102619.895436
11.958981 84.448395 4.516153 7.325657 -102270.363688
19.726543 86.262603 4.127298 3.550947 -102568.971373
9.939476 87.142834 4.363817 8.625079 -102139.730509
18.204660 99.493277 2.179855 2.992710 -102676.949060
16.449885 101.598657 4.277827 4.918220 -102552.009861
17.430921 96.591837 2.665641 6.190799 -102272.964238
19.549206 93.005182 4.918211 2.303757 -102584.219014
17.499338 94.028080 5.155705 3.011880 -102415.415172
26.886795 94.033338 4.109139 6.598130 -102619.147643
25.882366 90.696085 4.197295 4.025263 -102667.889550
20.585625 98.188253 4.649482 3.860458 -102534.883491
18.462210 89.923634 6.486799 8.325520 -102038.350921
6.236855 90.958945 4.068329 3.146666 -102622.951739
16.718374 93.709449 4.074262 4.911547 -102141.743791
14.558770 88.490177 4.988868 1.561161 -102657.165752
15.641582 101.151310 4.851011 4.028664 -102601.731301
14.779849 84.928882 4.643112 2.761784 -102595.286130
11.077500 96.178798 3.535746 6.022788 -102206.655902
14.705550 78.638417 3.965481 9.638804 -102625.593013
12.458581 104.045186 3.077142 8.249415 -102518.552599
17.309730 82.990122 6.579164 6.767845 -102529.893857
1.634855 96.445508 3.398723 7.292547 -102588.380045
7.827318 97.511104 4.753986 3.222579 -102641.532230
16.127722 93.998364 4.456042 6.318683 -101933.566005
17.413982 96.796836 5.477756 3.328124 -102424.859907
10.340790 90.366792 2.728402 3.169936 -102536.226281
12.909009 88.627846 2.996558 4.395535 -102354.651029
19.197500 90.467513 8.185761 6.707687 -102105.816103
22.299789 93.010461 6.051220 5.416256 -102327.512608
19.645840 95.996992 1.155948 7.499873 -102483.192144
11.888777 93.008215 2.974043 1.938848 -102656.123934
19.422281 84.567460 5.957207 4.288126 -102552.373166
21.678892 90.964867 2.852376 4.125869 -102521.200835
11.870453 97.865275 3.622717 4.759150 -102387.352121
11.152538 98.672139 3.137095 2.704258 -102659.616162
24.988606 93.450836 2.156596 4.814714 -102618.744628
25.650573 88.152735 4.319656 6.179937 -102574.600287
13.213957 93.646312 5.721151 5.048156 -101964.435148
22.046884 95.284823 2.472914 4.036553 -102575.718451
18.396774 85.007421 6.405683 6.657734 -102327.383553
5.909306 101.944138 1.606693 7.102367 -102629.356328
19.698380 85.638743 3.648209 7.397950 -102245.103958
21.430069 89.583769 3.753040 5.948217 -102284.442715
11.941872 91.871871 3.909079 4.327558 -102235.671241
15.589126 99.091387 10.130420 5.492553 -102618.361445
18.018170 100.954473 3.085448 4.695017 -102568.841394
12.526752 93.061559 5.292369 3.092415 -102355.035557
18.197463 92.152231 5.319608 3.251512 -102376.372067
21.927465 84.586761 3.650315 3.850316 -102650.783627
22.382195 95.676989 2.660836 3.611430 -102612.645206
24.548636 90.014505 4.828622 9.602254 -102457.054230
14.569761 82.753055 3.117960 7.459567 -102358.576819
23.405996 88.441014 6.327423 3.130798 -102663.280777
9.714367 91.604424 3.702842 4.788148 -102284.501002
22.947178 93.125148 3.968764 5.682370 -102374.125516
19.096525 89.554680 9.330083 8.053632 -102663.682113
12.573043 91.224848 4.130998 6.680688 -101939.941923
18.828549 84.965869 6.932393 3.098080 -102637.419250
15.926421 79.800628 4.228976 6.495460 -102615.936179
23.326460 91.783052 3.378175 5.407406 -102441.942960
20.140336 92.862259 2.196669 9.084895 -102191.432508
20.737944 83.428330 1.754946 6.791313 -102535.040397
18.473716 96.322142 6.604211 9.163728 -102335.815361
17.414209 87.633539 4.440752 3.922154 -102385.358935
12.168674 94.074246 6.634839 2.102155 -102539.014272
25.639513 94.379553 2.823254 4.896570 -102622.674768
8.166567 97.278908 8.611796 5.563121 -102623.822706
17.517237 89.078344 7.042360 4.366553 -102145.097878
15.025220 89.245444 1.877226 7.015432 -102282.200998
26.001563 93.344039 3.172320 6.682428 -102523.171752
11.139158 89.301514 5.645115 2.322543 -102515.279628
11.468336 84.171861 3.275006 8.592466 -102267.030813
18.835568 99.711660 2.159246 4.133271 -102615.233222
17.043813 102.374736 5.710181 6.630032 -102595.265563
12.609368 90.306146 2.139695 3.169617 -102558.325629
21.217264 94.255029 5.720374 6.464686 -102177.957697
7.066852 83.103727 2.750353 6.287283 -102604.311437
19.536571 94.982571 2.612463 4.201176 -102476.957368
22.330445 102.785932 1.285537 6.812432 -102652.643122
5.846356 86.008220 1.542373 6.602602 -102596.134263
23.382534 94.290018 3.441683 2.944303 -102654.838216
13.245219 90.866625 5.712722 4.234136 -102076.258313
18.038963 86.764050 2.467421 4.019574 -102539.982545
19.396521 86.144009 3.779232 2.904447 -102639.423105
3.270756 94.269677 4.347476 6.736920 -102536.300246
21.486555 94.133484 3.307748 3.206927 -102580.909319
12.851825 87.972922 2.732197 6.334694 -102224.123455
23.867088 89.943090 4.990114 5.404265 -102471.877523
10.593637 99.350371 3.684288 6.015501 -102380.095583
19.372115 91.605287 2.819161 2.731431 -102606.712760
21.629330 82.998364 3.758950 4.560166 -102644.307213
21.166491 97.469791 4.506226 7.155672 -102280.266309
11.400973 95.564596 5.574741 5.714357 -102063.268086
14.189126 88.655690 3.649890 3.196982 -102456.848648
7.519903 90.686600 2.847762 4.337215 -102507.726788
12.524349 87.077599 1.073776 4.934778 -102596.515070
22.433698 90.558308 6.388479 2.088921 -102675.565620
6.303043 92.487238 3.522726 9.158128 -102206.866244
11.512605 90.548218 3.105002 5.625561 -102197.137298
20.827341 87.072502 4.715712 2.504035 -102673.697303
9.004737 89.681874 4.406418 2.372942 -102587.717016
13.916166 101.856188 1.270252 5.843942 -102619.943056
5.230860 97.301082 5.018541 5.028507 -102630.880752
19.681932 94.933903 5.421271 5.411038 -102156.268674
27.627269 99.321080 1.541855 7.111052 -102670.682820
12.596253 93.314875 2.453535 3.056907 -102549.460864
14.550298 94.005251 2.283638 6.812175 -102197.907545
20.935550 91.278555 4.694747 4.352248 -102360.493203
13.827379 101.819684 2.992947 3.738501 -102661.455841
9.098089 97.749308 5.409254 4.952209 -102419.166549
7.262568 86.901362 4.566435 2.907738 -102649.806886
9.092029 93.379346 3.945762 2.716346 -102572.062040
19.911068 91.156527 4.263642 4.399923 -102322.066935
5.237235 92.281651 5.452129 6.944204 -102412.992582
24.015096 98.597795 2.878053 6.391560 -102540.121225
21.701596 94.195999 3.800365 2.695230 -102622.192697
19.185060 85.475693 5.804239 2.851468 -102642.310425
22.358814 96.288575 7.888949 4.286662 -102569.841510
6.660499 95.763449 5.416096 5.093093 -102483.933197
26.426695 94.063008 3.901768 4.577131 -102674.075056
12.691924 101.438617 1.864160 4.649599 -102631.068392
8.897631 96.420765 5.400892 8.202024 -102200.753701
15.643351 84.738516 5.735820 2.097334 -102659.464807
23.936096 82.949811 1.803335 5.211180 -102674.679514
14.931770 84.268836 3.775653 4.170930 -102505.236973
10.973916 80.988006 4.511687 6.622395 -102620.147307
14.483757 88.193246 4.146683 5.674695 -102089.038696
24.761395 99.775062 3.988180 7.456995 -102609.606481
26.382623 86.844070 3.974796 6.445819 -102622.607019
21.073997 101.792956 2.738034 4.386117 -102661.755468
12.154403 91.493510 2.218939 5.183838 -102346.186418
14.476973 98.708106 5.666718 2.968503 -102553.386083
7.000417 95.922485 3.131449 8.023783 -102287.513177
13.904321 94.511432 4.279172 4.471075 -102186.950623
16.899176 100.486782 2.264839 4.213960 -102613.357557
21.193014 95.171899 7.395394 3.999811 -102423.473389
16.872497 89.900109 3.833841 5.318461 -102130.683264
18.676456 83.451458 3.739208 5.541756 -102473.619473
1.277039 98.347824 2.777827 6.461585 -102669.987019
6.498193 94.249013 3.754712 3.422645 -102616.160323
13.117936 92.673148 5.576002 4.378957 -102060.737131
19.712679 97.546710 6.266806 6.675629 -102260.962314
16.539143 101.259471 2.280486 5.410177 -102550.358800
11.552579 88.234159 1.322800 5.481315 -102520.411005
20.173153 90.149300 6.384346 2.308497 -102601.575190
5.372574 92.678273 5.345005 5.421826 -102498.419448
15.262385 86.398684 2.977356 3.034881 -102580.259578
23.013979 93.699142 7.073230 2.556820 -102652.854310
11.398871 90.486332 3.603526 7.023015 -102031.736470
8.503912 97.665289 7.428783 5.763435 -102500.623893
9.680315 90.458307 3.005630 4.739420 -102364.682588
10.744992 97.872918 3.002010 4.638879 -102468.526423
6.814593 89.163896 5.028823 6.525891 -102339.495857
17.302247 98.323880 1.301258 4.105858 -102637.307008
16.944282 99.999356 3.777157 6.053917 -102358.608574
11.112321 103.178812 5.171867 6.513278 -102658.660500
20.035757 89.446889 2.478062 8.058775 -102198.874703
12.738955 88.612735 3.224887 4.460301 -102325.011770
23.035495 87.272131 2.978405 8.515908 -102311.764206
18.076164 84.108338 5.259741 7.379452 -102311.628390
17.648537 95.906081 4.558899 5.789419 -102098.404009
21.443383 83.481175 4.142401 5.790166 -102540.631179
21.095391 98.529218 5.128904 5.664282 -102427.284530
17.101891 82.117515 4.661900 4.668127 -102590.892591
10.267290 85.098312 3.254484 4.903558 -102486.375580
16.178838 102.695947 2.108140 4.512810 -102662.613237
25.115136 96.044324 2.912473 3.815419 -102676.094260
17.773439 84.589912 7.223820 6.025003 -102420.120499
10.686686 95.630370 7.108669 5.942711 -102104.988168
17.057787 88.573348 4.388922 5.319810 -102130.367252
16.699067 94.952397 2.054747 2.261234 -102666.454638
16.866978 96.907268 3.114056 4.001828 -102452.107557
3.910825 95.465054 2.885788 4.439467 -102670.326121
17.069523 83.774344 7.232767 2.972592 -102658.864731
17.682250 88.746796 2.737512 4.795496 -102371.561618
21.391204 96.430356 2.286004 6.164432 -102429.523758
14.958149 82.557820 5.274389 3.389624 -102645.293208
21.054981 101.546872 1.762471 6.775317 -102574.051838
18.130057 102.272540 3.273638 5.985380 -102536.200448
18.025427 86.480812 1.807377 5.393772 -102492.921527
6.148123 89.898334 3.763936 7.414624 -102316.629019
14.923887 105.470623 1.957551 6.248578 -102658.837740
18.431954 98.933759 7.051021 8.068010 -102508.951886
11.462427 96.769966 2.354463 2.990915 -102623.557191
15.868440 86.047151 5.040984 5.812578 -102169.378002
9.932436 86.411482 3.479767 5.276127 -102390.174769
14.133318 86.709634 5.946945 6.551854 -102049.272253
13.227835 100.306399 3.983982 3.741826 -102584.885391
24.275168 97.119559 4.963630 4.181315 -102646.029652
23.366636 90.252243 4.097085 2.691189 -102666.298148
12.279929 94.166885 2.942928 6.344863 -102149.186887
23.008259 88.694313 7.394945 5.111520 -102553.397381
22.118567 95.867449 3.595790 5.265357 -102423.602668
14.661980 100.698651 7.525277 6.051315 -102553.802035
10.125848 97.892318 4.731713 4.750331 -102400.539923
6.884241 89.331995 2.077500 3.665036 -102634.810742
17.055531 83.564452 2.874631 5.399064 -102484.371758
20.317677 83.776472 1.762247 7.458634 -102481.918820
12.140581 91.551805 6.202525 4.905267 -101964.079608
6.442498 97.202992 3.497255 4.358188 -102602.290066
14.061747 92.888360 11.194393 4.620473 -101941.632098
21.858036 97.857854 5.009971 5.259645 -102460.433182
23.032569 96.128445 5.694005 7.603203 -102431.963355
22.412042 89.588858 3.796000 5.558437 -102378.347803
23.512081 99.625930 3.446664 6.827114 -102530.569430
22.349100 94.868448 1.342826 3.902504 -102661.190774
9.118325 87.684418 2.878611 4.305639 -102495.219494
19.870297 96.780148 6.289814 2.083248 -102630.952040
11.366684 89.181508 5.808446 2.570938 -102462.393329
18.838162 99.648417 1.791986 6.998676 -102464.399558
14.323253 86.607427 4.343125 4.990696 -102243.542209
15.559858 88.753170 7.706478 5.409551 -101941.832092
17.236527 97.150721 3.188806 6.019170 -102244.489741
11.791772 99.024500 6.516163 7.816207 -102359.977066
16.944605 98.613010 5.967694 6.359456 -102209.791274
14.844076 83.189983 1.690644 4.657107 -102618.243661
22.700321 86.178746 6.064162 6.193020 -102524.871321
12.229404 87.233268 6.207855 1.668075 -102637.378406
22.074606 89.817765 6.688694 4.290816 -102454.147865
20.362876 100.211636 3.112880 6.166330 -102470.901200
20.743876 80.917353 2.277741 6.757454 -102580.707571
14.883989 89.387570 3.848982 4.744914 -102187.803494
11.412690 100.502620 7.405343 4.441310 -102622.739827
16.026044 94.447190 3.505166 5.557436 -102129.451492
11.439028 91.210653 3.284662 2.921346 -102508.893086
9.501406 99.573087 3.436756 3.845908 -102611.211661
15.305458 88.074550 8.603832 3.530644 -102249.089856
10.824297 95.716552 4.382789 3.927946 -102384.452268
22.609031 96.087098 3.491525 5.742299 -102421.128963
18.616011 102.141778 4.096990 5.064560 -102599.384844
5.221700 92.238949 5.728152 6.899739 -102433.346634
14.265065 104.202740 1.283989 8.342022 -102581.366879
11.320589 98.464092 5.089361 9.672565 -102258.804966
23.234647 99.609191 5.754869 6.506649 -102664.287807
19.604097 90.031168 6.473915 2.524752 -102556.753275
4.606784 93.708400 5.482779 5.649063 -102559.550446
14.817685 96.829383 1.627662 5.831437 -102446.190697
18.306253 90.755755 4.167967 6.459847 -102007.259753
0.815052 101.181964 1.818166 7.607269 -102677.988246
7.284816 88.930462 3.967117 6.618949 -102310.235864
11.828405 99.451771 3.508214 7.197467 -102274.322039
16.608214 96.207709 2.898887 5.771624 -102251.631689
24.649083 96.511212 3.648399 4.266930 -102635.122523
21.966785 89.342306 7.017104 8.724895 -102555.256873
23.782620 99.320785 3.148070 5.560435 -102592.425732
10.796846 99.457580 4.732593 4.458640 -102497.755085
4.138041 85.966456 4.771212 9.928541 -102526.432285
24.127072 83.737399 4.193302 5.069263 -102674.023185
17.507134 95.850714 4.483173 2.169811 -102600.555006
