91.385521 68.179266 9.189523 6.714235 -98689.391143
89.695586 53.145170 9.189523 6.714235 -98689.391143
189.848825 177.723243 6.403820 9.125815 -100685.344977
190.715211 190.955994 6.403820 9.125815 -100685.344977
73.843290 100.660914 4.429445 5.897337 -101322.508978
178.850670 97.954031 11.634262 2.387220 -101258.723124
158.248894 67.983848 5.598774 3.811166 -101422.608678
60.876102 134.411528 4.997342 2.517801 -101540.818701
159.052924 197.305406 4.293233 3.009537 -101584.196229
49.177216 164.374918 5.198270 2.564088 -101593.111187
