48.842392 167.160017 3.898543 3.629161 -101632.652716
48.533078 166.665961 4.275018 1.516930 -101629.831995
50.533709 166.572352 2.182299 1.966384 -101633.304085
52.926939 167.044125 1.416494 4.925037 -101629.923936
49.054512 167.114788 2.723975 3.605160 -101617.380624
47.908183 163.709878 4.854369 3.176622 -101605.665282
50.781222 161.421322 2.701868 3.415012 -101606.340367
48.241958 160.760830 3.386506 4.245196 -101627.202119
49.873751 165.826336 4.445601 2.035158 -101607.680680
48.584311 164.834881 2.975174 5.258135 -101630.059684
50.764489 164.724126 5.198270 2.564088 -101593.111187
48.581275 161.468203 4.959563 3.658976 -101633.504595
46.806788 160.020384 2.521435 3.405086 -101634.445255
47.048413 163.925648 2.830909 2.619660 -101617.915668
