140.190312 24.324375 9.407268 8.952959 -101546.726676
150.945862 60.971232 9.407268 8.952959 -101546.726676
133.994949 59.496483 9.407268 8.952959 -101546.726676
20.239931 99.280269 5.210566 4.658320 -107511.033677
44.389703 6.184239 11.300299 2.511600 -107404.192350
52.692644 95.295815 4.869935 6.146926 -107120.286082
53.630703 106.509325 4.869935 6.146926 -107120.286082
49.195238 51.880072 2.330168 7.012148 -107687.550013
53.254749 43.396639 2.330168 7.012148 -107687.550013
152.477059 185.540148 6.453322 3.520937 -107501.715279
160.929293 186.653614 6.453322 3.520937 -107501.715279
6.589342 21.834768 4.840761 6.991633 -107194.386125
7.274566 31.312308 4.840761 6.991633 -107194.386125
