8.474627 30.827238 4.384271 4.446001 -107522.947223
8.293349 30.912243 5.569375 6.137640 -107436.366672
2.150437 32.279228 10.865576 4.945210 -107770.119134
10.322914 27.762221 5.928719 5.187394 -107399.258435
6.049515 26.959831 2.752677 4.341661 -107485.607025
9.657446 29.669828 2.266877 7.344527 -107500.887633
17.045009 32.854310 2.185400 6.991371 -107806.118231
6.399318 36.002977 1.354918 5.997429 -107757.603652
1.350670 30.197204 6.986314 2.014818 -107719.663613
0.328640 35.656358 3.661244 6.737142 -107647.138342
3.480029 37.179085 1.878953 6.970747 -107725.688102
7.988006 31.647698 8.227725 3.309876 -107657.547928
8.066557 36.499139 2.641126 5.047818 -107794.910489
10.239799 33.874944 3.581754 9.395874 -107663.052277
0.322072 35.819486 2.815477 6.781673 -107669.409134
6.029706 31.241608 2.246549 8.044316 -107474.070948
8.887811 30.313848 3.591380 1.728765 -107793.565459
8.089978 30.764049 5.430456 8.152721 -107499.038140
2.284935 32.793767 9.527861 6.174071 -107774.273272
9.151873 27.113002 7.387669 5.975562 -107336.552916
11.456042 29.734467 1.210422 5.378756 -107722.402492
5.739888 37.202305 2.462760 4.513883 -107810.822578
0.030718 29.212788 1.953455 2.809546 -107783.401880
7.504468 29.765992 1.218138 3.093559 -107770.178326
0.472102 31.701224 2.651540 7.658140 -107496.618619
12.579423 27.163905 4.250628 6.110712 -107532.959115
3.979233 27.628555 2.506743 4.254409 -107541.086413
14.146043 33.913820 2.057033 5.078032 -107820.341824
9.418987 30.780569 2.508686 5.025543 -107604.433242
6.919031 31.139155 5.062616 5.166252 -107427.112626
11.389086 28.235786 2.067413 6.685061 -107564.135830
5.610699 27.772601 2.060418 1.297847 -107822.130909
5.943877 27.927183 4.840761 6.991633 -107194.386125
12.154965 31.188227 2.147995 5.855878 -107675.315885
7.446502 27.895478 8.203025 3.916573 -107283.285855
0.136942 34.204740 4.650416 3.425044 -107773.647568
11.310612 35.798315 1.371515 4.828400 -107828.105964
13.824448 30.045216 2.726051 9.952653 -107618.596858
1.120703 30.668217 6.350944 6.572810 -107334.032100
9.354205 34.597199 4.185026 8.125707 -107706.667983
5.062409 30.806817 6.222928 2.946813 -107573.720846
11.507429 30.999580 4.528753 3.996316 -107695.362175
11.085855 27.679026 3.085263 3.807877 -107633.953097
