150.473914 65.442826 5.190075 5.261463 -106131.506316
143.946510 66.394129 4.131191 5.443674 -106214.087717
152.259762 62.807241 3.314711 6.832436 -106190.127866
144.982125 60.508959 6.113953 4.352625 -106185.756884
147.036197 64.617158 7.399003 2.687870 -106228.062102
145.807693 63.752186 5.081180 7.673943 -106205.605736
144.008290 64.562504 5.986057 5.724262 -106191.401483
145.093396 60.342151 2.640952 7.279535 -106202.490655
148.451807 63.152694 3.175276 7.495858 -106119.742663
148.303870 63.776641 4.693462 3.618996 -106156.406878
146.758517 58.518781 3.632647 5.449079 -106221.736196
151.708699 64.826037 5.964862 3.945676 -106201.541017
144.501764 64.697795 3.796076 7.815830 -106175.093886
145.749782 59.139384 5.789233 5.565386 -106224.853308
144.679931 64.537328 6.043770 6.054641 -106174.470263
148.512254 64.483666 5.831601 6.691658 -106142.263940
147.654993 68.076924 3.778518 6.083765 -106199.259653
147.691656 58.139791 3.631771 5.908556 -106227.996507
149.462234 59.041032 4.226633 6.522901 -106202.632136
146.879360 58.469359 3.127473 6.492092 -106222.675693
149.562684 65.887119 5.999955 5.090770 -106127.352651
150.936268 60.950290 4.067262 7.650911 -106214.709573
148.104840 63.108670 5.240798 3.603613 -106135.033119
152.437330 63.306600 2.958674 5.752961 -106216.881628
148.853749 65.031745 4.054922 4.419225 -106143.769398
