156.320213 64.842972 2.790756 9.136665 -110497.447419
159.628292 66.616855 7.034627 5.776226 -110366.468231
158.891677 70.390286 4.396475 8.595204 -110559.286810
151.992813 65.770830 4.596730 6.626898 -110445.551124
152.627859 69.396945 3.410341 7.331271 -110554.826393
161.426496 68.237430 5.038339 7.449154 -110560.956558
151.680712 65.574489 7.393153 5.753037 -110477.599013
153.239548 62.082896 5.634462 6.619867 -110482.972298
160.680322 64.164987 4.202745 8.572905 -110548.465656
157.289432 65.755619 3.807894 6.642311 -110389.365565
155.457061 64.902702 7.387321 5.955976 -110231.227696
153.474484 62.050591 6.413200 6.525735 -110491.105893
153.608103 66.946743 10.327274 5.960887 -110540.197432
154.454497 67.107531 4.817856 4.451225 -110495.046787
158.418414 65.821016 4.288314 6.000777 -110398.192366
156.121084 66.703131 8.897002 5.217400 -110212.399345
155.203988 61.568706 6.322060 4.826204 -110522.276155
153.855728 64.897866 9.249044 5.597129 -110357.872517
155.255245 66.152446 5.288380 5.936539 -110276.795899
157.274072 62.833970 4.533802 6.567180 -110416.972334
156.013268 69.575111 5.920120 4.599008 -110476.025255
151.429140 66.448073 6.176613 5.881255 -110480.908518
152.445694 69.802063 5.048183 6.989703 -110529.629302
157.073331 66.434848 6.161282 6.328755 -110234.207614
151.872825 64.016836 4.428412 6.984079 -110479.428851
154.966542 64.636966 5.630516 3.722473 -110545.623475
160.073566 65.081934 5.537661 5.673339 -110444.083936
153.319820 61.702508 6.245770 5.176209 -110550.951413
154.351815 65.344920 4.158541 7.547043 -110362.431878
155.041185 64.266432 6.111039 5.821002 -110279.932536
155.864311 68.235202 5.275610 8.615837 -110444.989743
154.036520 66.231581 3.860828 5.964441 -110438.338615
156.930762 62.599888 6.129697 6.272183 -110380.451191
155.334288 64.676474 6.159186 6.208488 -110252.569670
151.643141 64.806209 7.989796 4.853389 -110532.645426
158.142792 61.903368 5.924535 5.753357 -110490.114297
154.086919 61.865672 4.490570 8.528509 -110512.640965
158.073074 70.311913 5.016396 5.486668 -110512.541963
157.398446 66.553235 7.498066 5.844270 -110226.179979
156.961933 63.596317 11.222782 5.088102 -110465.534222
155.248909 63.212360 5.553331 5.121321 -110401.349713
154.034284 65.281240 8.194071 5.157063 -110281.827052
156.156532 64.608703 4.303429 5.223943 -110431.691147
151.299889 67.378392 6.501851 6.781118 -110537.998374
157.410816 65.341289 6.545321 3.360691 -110557.023323
152.466875 64.990783 7.956819 4.738663 -110443.993430
156.007814 62.317546 3.862081 5.922291 -110513.535484
161.115502 64.559666 4.456268 6.090528 -110560.695615
155.140992 66.672044 6.787975 7.879511 -110430.125223
153.341686 64.935300 4.361204 5.270909 -110478.678406
153.587422 66.062318 6.335020 5.803154 -110299.902546
158.107948 61.992757 6.367696 6.851317 -110506.896554
160.798061 66.774938 6.282595 6.512651 -110477.959576
154.609303 62.899281 6.260551 7.084619 -110405.209183
160.496497 67.652187 5.107574 5.741755 -110487.649709
159.310339 66.489627 5.703987 6.064066 -110350.541551
158.715129 63.719184 6.551495 7.066421 -110434.133284
159.659027 66.761795 8.942874 3.624390 -110557.228512
156.263418 65.778355 4.981164 4.521381 -110432.104930
158.515999 63.566502 9.294280 4.484779 -110448.287565
155.045768 60.569645 5.617561 6.312787 -110559.094145
159.451014 64.143239 7.585909 5.937433 -110433.557127
152.950340 63.632462 4.558386 4.889936 -110555.738218
153.953634 68.981936 5.011998 6.238777 -110409.787242
154.132300 63.509819 6.430218 6.440017 -110349.208767
154.867552 64.176045 4.906396 4.647291 -110466.700606
158.284527 67.699200 4.396105 4.715407 -110517.625400
154.306920 65.578569 4.913567 6.024864 -110327.819201
155.895119 67.552730 6.341916 4.399024 -110372.718198
155.898379 66.198810 8.257151 7.390094 -110497.348118
154.193298 68.559902 6.662139 7.285898 -110431.283815
151.267023 66.222811 4.076656 5.942414 -110559.848428
155.904349 69.913589 4.559370 5.222380 -110513.875461
160.706057 64.193374 4.685254 7.855708 -110526.314673
154.203989 68.797889 9.485873 4.145235 -110472.134214
156.604045 63.150127 5.298936 4.149315 -110540.841789
161.118927 66.925006 4.196173 6.936140 -110518.805129
159.720530 68.769936 5.170474 7.267512 -110458.838467
158.405821 68.357223 4.683720 5.040716 -110477.745864
