1.323138 99.985191 4.479400 4.006779 -108533.635307
1.471102 91.328228 2.426172 6.228544 -108501.343763
1.035970 92.972831 4.963102 2.329857 -108535.337760
3.937714 91.306041 2.163828 5.560485 -108518.418990
4.930636 94.962701 4.465692 2.288483 -108531.684424
1.731005 100.116706 1.881274 8.583632 -108532.369920
1.442334 97.318787 8.238872 3.413699 -108506.070480
1.518981 90.795606 3.335696 4.729006 -108503.753370
6.144584 96.374699 2.116980 5.018552 -108521.161532
0.339706 97.871459 6.764402 3.782852 -108492.809068
5.659189 93.427142 4.646953 3.098434 -108526.706234
0.201976 97.389289 1.521369 7.956929 -108518.254341
4.819549 92.141016 3.451206 4.258565 -108508.266262
1.570130 94.378125 3.636945 4.971888 -108450.398645
0.465205 91.417363 2.283021 5.694413 -108505.755628
4.832589 97.138501 1.959977 3.988817 -108525.643880
0.880700 98.442294 2.384230 7.258341 -108501.302290
0.621629 94.848937 2.775974 7.157403 -108475.956372
3.844280 96.593719 3.571951 5.579758 -108482.312825
5.749572 95.246185 1.959334 5.904796 -108515.260834
4.626200 96.929924 3.525408 6.368463 -108521.644148
