132.894749 14.347980 9.574768 9.870646 -104803.372242
82.255594 45.311188 9.574768 9.870646 -104803.372242
90.325108 29.634619 9.574768 9.870646 -104803.372242
152.552361 119.348267 2.039821 6.845337 -110180.018481
141.770115 115.496892 2.039821 6.845337 -110180.018481
88.979255 83.167508 5.641702 4.658809 -109839.639075
25.810585 12.005521 6.049758 7.345390 -109268.678655
67.904715 176.631170 3.489117 7.285227 -109999.384987
102.264361 132.414746 2.529678 6.787032 -110087.721507
93.562080 132.475812 2.529678 6.787032 -110087.721507
106.907542 195.352067 1.978862 4.955096 -110186.648783
113.758893 195.879708 3.517203 3.972192 -110205.962442
182.352158 147.680111 1.581178 5.906968 -110234.107716
