54.409821 31.101613 7.772809 8.056924 -99086.769166
111.299012 10.202588 3.958718 6.615553 -100488.050792
91.030442 93.417945 5.214705 4.006931 -100519.699678
81.160369 100.999761 5.214705 4.006931 -100519.699678
191.528394 171.394098 8.254003 5.102857 -99816.726292
190.330057 160.661774 8.254003 5.102857 -99816.726292
122.216419 58.773560 1.332358 5.093301 -100706.839053
110.113139 64.959421 1.332358 5.093301 -100706.839053
76.359117 63.025704 3.686373 1.043983 -100730.736535
88.723861 67.985247 3.686373 1.043983 -100730.736535
95.934368 143.175906 3.966892 1.478190 -100725.966843
16.749661 179.118086 5.474570 3.709028 -100430.760921
106.386605 80.471823 1.958914 1.554719 -100737.445657
33.982343 97.525766 3.626114 1.111965 -100736.063686
35.067195 161.813679 1.874577 1.768194 -100733.738284
46.350594 195.834131 2.628491 1.871683 -100735.110944
88.531304 29.107282 1.228730 3.498659 -100728.014215
85.988856 19.998078 1.228730 3.498659 -100728.014215
130.833089 176.498948 1.726267 2.089813 -100735.628316
147.791347 116.954246 1.364089 3.703763 -100731.530510
141.238408 174.838621 4.650890 1.029943 -100730.868143
61.053711 191.217611 1.198473 5.013431 -100734.013654
20.760091 86.245109 1.107853 3.136914 -100732.470726
19.487236 79.481367 1.107853 3.136914 -100732.470726
106.499739 148.436536 2.561989 1.486319 -100733.990209
58.984147 68.023297 3.225392 1.640939 -100734.020671
41.385279 199.487191 2.783461 1.927305 -100736.036604
67.263349 184.211194 1.787247 2.661292 -100718.842494
170.988147 29.286186 1.034402 5.327655 -100728.754768
122.095499 40.009860 1.660514 2.191410 -100736.397623
5.014395 108.542520 1.881468 3.083389 -100729.998023
115.402456 131.567332 1.508227 2.007067 -100734.846226
139.035563 8.157754 3.070576 1.957350 -100730.240871
136.123484 17.541255 2.424654 1.995205 -100734.959041
29.469487 82.676614 2.332907 1.615581 -100732.449323
147.520981 35.250195 1.147941 2.618177 -100736.302426
180.955073 185.505129 1.881973 1.371688 -100736.662678
83.009985 5.412803 2.241546 2.077451 -100733.359820
20.522393 146.691077 4.166342 1.268176 -100727.398483
43.572463 145.651668 1.836453 1.950017 -100734.000114
21.382535 195.329987 2.075383 1.760265 -100734.716267
122.558954 86.038994 1.828999 1.650696 -100735.666923
159.749415 161.647873 3.208443 1.447528 -100730.877246
52.233678 123.147458 1.443499 1.495024 -100736.115610
124.551040 145.734611 1.915503 1.132693 -100735.240047
154.955464 152.541849 2.863839 1.359635 -100733.716525
69.664584 154.587157 2.271036 1.405182 -100733.733649
180.395060 25.809298 1.695290 3.657453 -100726.415865
46.339206 182.447763 1.791426 1.913230 -100737.626196
148.690636 159.902654 1.471227 2.106925 -100735.719781
63.651858 197.740760 2.309066 2.216098 -100735.094858
160.283558 32.771687 2.036644 1.135846 -100736.261252
103.757254 44.760921 1.474063 1.255020 -100737.938992
153.086430 28.405360 2.859233 1.814838 -100735.121091
21.104592 102.858778 1.321783 1.677932 -100736.500853
189.233176 193.273736 1.072207 1.337494 -100738.151621
