99.652273 98.364675 9.075741 8.327124 -101163.295928
85.950964 90.647596 9.075741 8.327124 -101163.295928
122.202226 114.556400 9.075741 8.327124 -101163.295928
71.862450 162.899769 3.727669 6.646370 -103672.143401
16.710528 86.964208 7.234069 7.164948 -102532.303284
95.263556 20.697994 5.200288 4.381305 -103838.579883
88.820366 24.064583 5.200288 4.381305 -103838.579883
168.384022 69.809589 6.264201 3.914539 -103834.660884
28.058601 177.596451 5.980538 2.293340 -103995.157649
129.357725 52.745721 4.204376 2.255158 -104074.317609
