130.099626 54.499707 11.382636 1.121123 -104083.686551
127.845876 54.421459 4.746590 3.066474 -104091.612739
127.676631 55.712585 3.413843 2.177078 -104107.646043
129.035209 49.219794 3.924881 3.698491 -104108.451978
130.851504 53.521634 8.428005 2.274006 -104094.518321
131.631505 49.818156 2.263266 3.162018 -104098.746823
131.299622 53.176066 2.700917 4.525383 -104093.787186
128.106732 54.539275 4.204376 2.255158 -104074.317609
130.847327 47.503791 2.420372 4.704368 -104110.479842
127.671868 54.721806 5.427892 2.040886 -104090.799409
127.877108 50.244933 3.030765 2.525089 -104092.586026
129.243909 56.316617 1.042695 5.127592 -104107.402196
129.463511 51.998555 1.171640 7.138160 -104103.780650
