78.823157 1.320590 2.108405 4.949645 -103819.261366
86.953554 6.929341 1.468392 9.854282 -103903.001047
74.376778 8.419745 2.256114 3.660940 -103877.267742
79.491457 4.307521 3.468696 4.682732 -103781.437771
82.082156 9.468475 1.900845 5.716204 -103903.537204
78.976297 7.171914 1.396578 7.267272 -103845.610114
72.479957 7.008154 3.877101 2.199381 -103894.589895
74.089358 0.317787 6.765704 4.623796 -103783.063229
68.880424 3.520079 3.803231 5.074276 -103876.143921
74.980592 8.252687 4.883856 4.822151 -103865.975246
78.187234 7.609765 5.570095 4.793683 -103884.896477
77.202119 0.065218 6.418471 5.157148 -103752.842289
72.288201 0.981157 5.469752 4.794102 -103802.512877
73.792610 2.045307 2.062488 4.079744 -103836.628478
70.816882 2.851826 2.644825 4.512254 -103839.349888
70.279437 5.998565 3.212625 6.525192 -103853.963269
78.829323 1.121300 4.597444 1.905968 -103890.902386
75.707564 4.911948 10.432172 3.532077 -103872.039262
75.165808 2.641792 9.415379 3.576357 -103814.985045
73.147511 3.281885 3.824335 4.325310 -103770.221920
74.285406 5.860817 6.552209 3.429835 -103783.421299
77.551460 0.261282 2.375111 2.509623 -103900.610386
79.067192 3.878769 5.336054 5.271463 -103787.528256
76.028988 5.332550 3.543868 6.597129 -103773.913848
69.510099 4.855159 4.996134 5.218377 -103914.152767
81.779818 2.953337 6.129274 2.922263 -103893.321919
85.789161 2.310300 2.410236 5.529025 -103912.775700
73.627480 3.925922 5.850039 5.864781 -103832.141982
73.107201 3.178675 3.947943 4.152607 -103774.216077
66.870010 4.495738 1.355734 6.176984 -103898.650138
80.095739 4.693148 3.055090 5.370203 -103796.437673
70.225350 6.260036 4.478383 3.997434 -103875.320635
75.192398 4.743384 1.968877 4.918769 -103803.656142
77.072699 2.359767 2.829266 3.876986 -103794.303247
81.383836 4.377713 1.711934 4.720324 -103862.275155
69.294606 5.554009 4.530420 3.695808 -103896.073087
84.629766 2.667087 2.382706 5.940127 -103884.787124
81.359338 5.893747 3.574483 3.956821 -103860.637235
74.390182 0.041781 2.376294 4.324690 -103840.630097
84.229518 5.326272 2.281477 6.238118 -103885.421810
76.443043 6.223607 6.901119 3.741904 -103796.656753
82.590700 5.792615 2.159688 6.507094 -103856.831478
78.448687 0.572358 4.291333 4.446111 -103774.268726
77.579706 7.963545 2.002848 6.981415 -103830.839913
78.094962 0.187935 1.713222 3.920951 -103874.417987
70.645756 2.265531 1.217285 5.911792 -103870.647775
