32.109548 40.770241 1.304075 6.959602 -100935.966175
29.573385 45.565877 3.153994 3.957949 -100977.058529
30.089878 50.328480 3.116999 3.857082 -100971.744486
27.874530 44.867938 2.312026 3.646047 -100979.768882
32.667720 38.343508 2.629281 4.959412 -100959.390670
30.703995 43.627273 2.584687 7.100405 -100940.982277
29.366965 47.252527 3.525377 3.935417 -100975.981983
33.776230 41.948455 2.284259 4.240342 -100979.295873
32.157992 38.807032 2.700257 4.333039 -100972.076660
31.186612 44.856925 2.824734 5.512392 -100959.107326
32.590859 51.088054 2.259723 3.222312 -100986.558738
31.227207 52.111402 1.331415 7.051832 -100954.431481
34.434044 38.587408 2.275564 5.601701 -100952.856722
33.628493 39.099404 3.481952 6.010929 -100984.593221
28.924059 50.423904 2.754053 2.852084 -100981.643674
24.274538 53.773745 2.402697 6.113769 -100985.772826
28.851358 51.783418 3.307574 5.382938 -100985.065695
32.869297 39.899833 3.539488 5.788260 -100986.377577
31.347215 48.611556 2.649510 3.722002 -100974.259685
26.081513 44.131263 2.991851 6.916791 -100979.409736
29.127860 44.424619 1.497464 7.171277 -100930.058717
31.825086 49.764404 2.822203 4.169545 -100973.252905
28.644070 46.599006 3.024305 5.161410 -100960.472730
35.082621 38.433924 1.796246 6.184178 -100945.826375
32.321809 39.897339 1.544502 5.890520 -100947.363089
37.574214 49.636577 1.773418 8.403335 -100983.504468
31.740083 51.018176 1.530584 4.361436 -100974.652087
26.059404 52.613213 1.992885 4.050950 -100981.830985
26.619178 46.227294 2.459727 6.934312 -100947.704651
25.371817 48.449973 2.871890 3.235155 -100981.866920
29.677605 46.245806 1.418232 4.107628 -100976.024193
36.580405 39.511835 1.999477 4.738988 -100979.769896
28.528014 48.674251 3.643182 5.428010 -100983.187410
30.860316 46.333971 3.546807 4.378590 -100981.765035
33.502468 50.243703 2.459881 7.452556 -100978.386370
30.793781 40.120954 2.991750 6.682215 -100954.269015
35.168987 48.013929 1.244834 5.680994 -100975.393724
31.818976 50.751503 2.403893 2.986476 -100985.072030
24.987470 44.205060 2.552738 6.042228 -100969.524633
35.294031 47.132855 1.638270 7.517197 -100954.431317
33.452430 51.817061 1.569407 4.673233 -100978.733524
29.531097 49.993375 3.516083 4.115167 -100974.171641
35.326513 38.639590 2.908419 7.780883 -100969.551551
32.194715 53.044420 2.188010 4.443555 -100978.743158
30.023884 45.922976 2.257861 6.151009 -100940.308886
32.691217 47.794613 1.096385 5.319515 -100971.595095
28.224615 46.821685 3.174891 5.090805 -100964.698482
30.899311 36.787625 2.769471 4.087344 -100973.930038
28.176494 52.567493 2.817230 3.747478 -100983.173168
29.671465 38.832872 2.897804 4.586203 -100975.422848
34.801368 37.533514 1.474156 6.069414 -100946.810242
26.173631 46.234294 2.726132 3.903010 -100976.615483
24.523545 55.071973 1.097029 6.112429 -100979.598248
28.363474 58.197803 1.289502 8.259893 -100974.157257
30.665233 53.287471 2.553229 4.868724 -100977.487838
27.351947 40.982534 2.230503 5.605208 -100959.984652
27.127733 52.438912 2.488111 3.771307 -100982.271733
30.567851 49.622313 3.282765 4.615202 -100971.672057
29.775753 45.998731 3.517290 4.872982 -100976.502451
27.890452 52.127060 2.825132 5.482337 -100973.024005
27.525622 45.405064 2.846989 3.637646 -100979.982259
33.436287 42.317074 1.469747 3.972215 -100985.726692
24.453346 46.624051 2.454104 4.847397 -100973.618385
24.406890 49.588224 1.313749 6.148303 -100960.704777
25.818079 52.569879 2.695324 4.126360 -100985.187290
28.983726 38.381213 1.537743 3.930545 -100985.160089
33.641446 41.664149 2.575401 4.773833 -100972.859208
29.134941 42.638818 3.315602 5.024424 -100978.789015
31.477633 49.669268 2.542404 5.444614 -100959.656038
33.549959 44.067332 2.490037 4.407242 -100979.659693
32.505823 37.802654 3.057777 4.014388 -100978.593757
34.475363 43.178813 2.187739 5.847531 -100961.765742
27.888743 46.217535 3.151890 6.154729 -100967.623750
26.867638 39.994770 2.933967 6.289681 -100978.740510
25.353809 35.636868 1.577163 5.658906 -100978.969472
23.414830 44.026880 1.874316 6.378241 -100966.666548
26.801473 48.880421 2.770149 3.473746 -100973.543850
25.511322 55.715470 1.601165 5.493547 -100985.890551
34.228249 50.357215 1.996987 4.611766 -100980.659441
26.768681 40.948524 1.247772 5.547959 -100968.403347
26.455287 48.287571 3.548986 4.590248 -100979.430477
28.513624 47.133608 2.576374 3.899104 -100967.832181
26.373882 52.333578 2.482675 4.762420 -100974.267404
31.701291 52.527931 2.249106 4.993557 -100971.339424
31.030738 54.726987 2.028021 4.481420 -100985.060231
30.943750 47.590734 2.352157 3.746764 -100973.780345
22.010222 58.069071 1.312678 7.047714 -100978.356691
27.681435 48.805040 3.142843 4.988608 -100964.650044
