192.535896 90.306395 4.745510 3.962639 -105249.577332
191.155779 92.268608 3.423015 4.799273 -105250.558629
194.784544 91.879978 4.437447 2.936234 -105239.873508
191.593432 93.532215 5.901729 1.650891 -105247.048785
194.432485 90.469011 4.173003 2.581634 -105247.127257
192.650606 90.779879 4.989960 2.762689 -105233.059273
192.645193 92.450262 4.464869 3.308110 -105232.864332
189.221845 92.449721 4.337166 2.485093 -105249.427469
195.975639 92.796552 5.153920 3.643685 -105250.110519
196.432447 91.499930 5.977162 2.061323 -105242.901661
192.685732 89.341788 4.545936 2.974166 -105245.921892
189.322252 92.207318 3.494443 3.224755 -105250.450407
193.935467 90.185535 4.121365 3.040850 -105244.040602
193.520645 92.386462 8.074344 1.935546 -105247.448450
192.009657 91.644838 4.656516 4.229410 -105247.535800
189.550497 91.578961 4.625863 3.161112 -105246.405173
