63.140429 29.866546 6.590721 7.065778 -107488.504758
59.633414 26.206775 5.478344 6.344386 -107247.306628
54.495912 23.725069 5.105329 7.213415 -107214.867310
61.372208 25.714261 7.293323 5.561546 -107332.428041
53.784185 25.278215 4.349181 7.983442 -107249.403204
65.991049 19.715759 6.847778 8.881974 -107463.540872
52.640652 25.498933 5.000303 7.131900 -107384.507990
58.584060 17.657529 8.569121 5.633357 -107507.162154
58.824990 17.032366 5.863090 6.061541 -107546.557101
54.391109 27.470280 9.427009 9.308082 -107583.223328
59.297915 29.313459 3.540072 7.605317 -107468.964669
54.175669 26.223709 5.311752 5.600525 -107569.477797
55.193386 27.971184 4.271775 7.584862 -107314.912820
57.788294 25.539994 5.664818 5.230716 -107500.673967
59.154020 16.655983 5.698674 7.244468 -107400.337170
60.616375 19.725882 6.103655 7.479847 -107052.549158
56.154333 30.652123 6.381390 7.404884 -107292.047450
54.062901 19.240080 8.080008 6.871975 -107454.660657
62.748266 22.031541 7.102268 5.697747 -107302.698044
60.676691 29.773331 4.830782 6.553203 -107510.027159
55.821404 27.935344 5.598737 7.934202 -107062.271537
53.756112 32.592234 6.140192 7.818336 -107592.677399
55.990487 17.350929 4.211414 8.990812 -107350.742374
57.406469 19.146921 3.692008 8.302812 -107333.069434
54.823478 21.148940 3.249048 7.940411 -107477.238617
61.526054 26.397316 6.214679 7.925688 -106971.852398
60.981100 22.790505 3.599078 9.765437 -107094.970529
62.651670 20.454598 6.909000 6.857337 -107132.410102
58.258807 27.197203 5.450392 7.143509 -107107.374064
59.953766 31.630043 4.656950 7.148691 -107542.565982
59.530161 22.264662 5.203105 4.975752 -107603.962674
61.060038 28.398090 3.156718 8.359926 -107448.912143
54.849642 21.072139 8.682243 5.002886 -107595.626414
58.218903 17.868324 5.597151 8.015946 -107198.759395
58.061238 27.705711 5.496547 6.497172 -107261.273765
63.456291 21.215377 3.295535 9.737555 -107299.208863
58.930214 27.413519 6.395261 7.500318 -106972.207825
59.789418 21.218989 3.809649 6.143940 -107551.842008
63.359913 21.000848 4.068206 6.341476 -107552.231701
61.512948 29.906914 7.439003 6.370902 -107465.885316
60.932261 25.914009 8.994813 7.213627 -106993.428153
56.948182 23.019757 8.196284 4.473865 -107574.059554
56.918121 28.270229 5.242847 6.700791 -107290.512659
59.782733 22.772098 6.770465 4.532706 -107585.250547
60.502728 23.148961 2.049820 9.403182 -107596.751003
65.428234 26.132855 5.838926 6.560692 -107555.174224
58.784382 27.054824 5.150498 8.309276 -106962.631663
51.469780 18.230194 5.767735 8.958130 -107578.676313
62.580894 24.904805 4.107056 7.048977 -107388.172379
60.358646 25.943693 6.877328 7.936365 -106854.616437
62.046744 25.278286 5.440785 6.543201 -107266.451788
59.304480 30.923817 6.447942 5.986346 -107546.388190
65.103532 23.154991 6.170747 7.096007 -107320.456703
58.293473 27.773265 5.352204 7.114617 -107155.590872
56.103207 27.120587 4.895134 6.847918 -107277.962817
53.544522 31.534252 7.089659 7.237708 -107568.947379
60.188222 20.664769 7.272512 6.539485 -107055.455727
64.648020 18.003303 5.040710 8.865085 -107366.882497
58.411683 28.583210 7.287508 7.898938 -106996.311851
55.905759 17.848662 6.472277 6.711184 -107443.919970
52.567881 27.154431 4.263037 6.808184 -107565.851993
57.740226 28.855436 7.814766 5.604660 -107387.016744
56.611840 31.457568 4.797014 7.041921 -107505.223102
63.503678 22.320959 7.433043 8.187356 -107047.915181
56.199533 26.019977 6.473342 5.606522 -107358.940986
61.189350 30.636737 5.703925 7.067143 -107437.822578
62.440572 24.288313 3.908903 7.207734 -107381.235545
61.046493 29.562523 8.067066 7.580131 -107272.282209
54.550326 25.166615 6.245330 5.592686 -107452.801858
61.383889 32.897667 6.114797 7.781916 -107607.439965
54.529151 20.584589 7.821657 5.721430 -107479.142644
61.364647 19.843998 6.314149 6.414223 -107212.233471
53.451141 20.333708 4.740150 6.686954 -107544.343025
63.291619 27.770766 5.409539 6.336086 -107516.867977
56.388056 20.456351 6.441235 9.228642 -106945.036391
58.385053 22.161465 4.701258 7.314406 -107133.660603
57.539318 25.818134 3.620614 6.803275 -107459.303611
65.817097 28.378152 4.720906 7.701251 -107603.027673
51.414990 25.221425 5.173176 6.892512 -107520.207718
54.304958 18.852026 8.201875 7.063595 -107462.687087
60.179467 22.764429 4.121627 6.617587 -107372.462811
60.259793 24.350758 5.702982 7.448187 -106956.685818
54.874565 21.539124 5.516780 6.670443 -107307.028958
57.427770 17.100824 6.839253 6.219543 -107520.448152
54.063530 28.026158 6.556541 7.672785 -107164.426510
63.943267 20.228243 8.982306 7.391722 -107313.954515
60.914638 25.623977 9.101712 6.775171 -107020.200051
55.353260 26.870352 7.104293 6.611012 -107145.899262
57.146919 23.981403 7.057024 5.201161 -107381.197633
49.927524 24.999295 3.454057 9.063354 -107570.509285
55.563970 30.814227 7.085020 6.326576 -107469.903609
59.314096 30.755113 5.410882 9.758826 -107148.912582
66.084037 24.704754 4.997082 7.733242 -107445.226640
56.244112 26.270431 4.480881 7.088345 -107267.761714
60.662914 23.752273 6.610660 9.355881 -106785.054996
59.257369 25.706152 2.767107 7.592139 -107544.558633
64.085760 25.541510 5.994447 6.367022 -107416.523999
55.590309 25.287173 10.519690 4.939153 -107470.756306
50.194189 22.191612 6.207640 8.698137 -107509.970634
57.850092 21.576863 6.292322 6.106762 -107208.949345
62.852682 28.823869 4.922991 6.531139 -107556.074366
59.368922 31.236869 6.712129 6.132759 -107541.461609
60.146521 19.550672 3.718197 8.566474 -107259.306401
59.034524 26.658213 4.878694 8.360131 -106979.089818
52.136459 23.144507 8.851580 7.881319 -107468.105851
58.613918 19.781249 4.370314 7.523942 -107252.848571
53.033658 23.003281 5.894773 5.749567 -107570.456441
58.277513 20.207745 5.242856 6.832682 -107220.628720
59.903224 25.168495 9.315298 4.749071 -107435.310883
64.569694 19.565452 4.089909 8.171105 -107409.759247
60.012498 19.737925 6.908229 4.980311 -107500.906034
66.135205 22.146490 4.532889 9.343097 -107324.605660
60.677321 25.989973 7.857433 4.709522 -107545.536794
65.580645 25.283308 5.531996 8.574709 -107289.089485
58.411038 21.962888 6.567445 6.382063 -107088.706483
59.498700 17.889764 7.876415 6.134609 -107355.277642
50.556825 22.690287 7.539472 8.404307 -107579.077149
53.144605 24.262267 8.438267 5.207871 -107585.031493
59.114886 19.625333 6.380609 7.967978 -106979.730694
61.128801 21.504700 7.246742 6.430077 -107063.195229
56.568019 27.511345 5.914744 9.035898 -106895.899642
55.870673 22.112236 5.673878 8.579228 -106918.303684
62.881132 24.573948 6.936754 8.608530 -106959.105138
59.227054 15.536877 5.777779 7.946058 -107464.821458
59.089301 14.935209 5.033652 9.200422 -107465.576874
51.116148 22.934557 4.628191 8.223081 -107426.616532
58.254241 21.750590 5.335729 7.373533 -107037.069207
55.578954 33.325247 6.114690 7.758367 -107587.030914
60.044909 21.401411 6.455734 5.662263 -107286.181801
58.384441 19.791624 4.902738 8.003374 -107102.877201
65.940138 25.543912 7.622419 9.058337 -107516.335818
58.479427 20.691570 4.167348 9.509643 -107024.917747
54.067578 24.810156 4.212556 8.276492 -107211.371213
56.586254 27.214194 4.564919 7.121661 -107266.546441
56.574956 26.956477 5.252908 6.338831 -107317.439423
61.519565 21.241187 7.947441 8.458186 -106950.270490
56.901794 20.796533 8.516629 7.360331 -107015.146440
61.010123 23.586610 5.867403 5.075942 -107515.763585
60.244107 24.143972 3.282451 7.080482 -107476.856842
61.193801 27.170580 4.978128 6.556976 -107357.732955
63.454312 24.281649 7.410086 6.801641 -107163.062672
61.380995 19.435549 6.502263 6.871598 -107149.919431
59.359551 28.144590 6.901834 8.099233 -106954.249647
50.531204 21.190342 4.119718 8.298876 -107574.542644
53.904133 23.363546 5.721697 7.521272 -107148.484659
62.336935 23.346201 3.290447 7.506769 -107461.296989
62.773727 16.186951 4.217227 8.349169 -107502.701129
57.125975 22.813320 3.856703 9.052980 -107077.001371
53.800724 31.683384 3.789521 8.315468 -107568.514584
64.514016 23.435590 3.701985 9.898768 -107240.387552
62.756412 25.636664 4.645310 6.238524 -107490.787632
63.528971 27.049947 6.835373 5.916086 -107500.287743
64.718764 24.427717 7.435862 5.863478 -107481.781698
53.477170 30.214438 6.169546 7.024807 -107458.158378
57.434271 28.000870 6.541871 7.229002 -107046.326978
53.491366 18.023151 5.504492 7.668283 -107496.727903
58.447590 26.801987 5.741910 6.539736 -107179.587559
60.175874 27.238059 7.198601 8.212303 -106906.328359
54.555439 26.938677 3.561687 7.938414 -107393.478684
55.162357 19.493276 5.230062 9.124662 -107115.327930
61.162048 26.208501 3.940643 6.537062 -107491.956628
66.163702 27.789908 5.454456 9.743856 -107429.021871
66.611046 23.323576 7.495287 7.679561 -107516.040330
55.473863 19.551025 4.475380 6.313232 -107572.017493
58.434641 18.765945 7.262037 9.062711 -107087.090899
56.632235 30.550317 3.997277 7.827590 -107427.039977
51.251226 19.846900 6.316165 9.392434 -107507.639462
56.542652 24.567906 4.081503 6.374619 -107456.600475
62.103996 30.604776 4.688191 8.523518 -107363.609844
54.168377 31.090696 5.849978 6.651504 -107546.499927
60.903057 28.794788 6.489558 5.876817 -107456.914276
60.288439 16.072374 5.445563 7.970348 -107399.658925
65.186273 24.054768 5.488261 8.190613 -107246.507348
55.826234 31.224763 5.083490 6.785229 -107517.017797
55.489664 26.353526 6.647739 6.893908 -107086.795803
54.486728 16.775067 5.763281 7.670048 -107544.507312
60.563895 17.927748 7.332005 5.788610 -107409.493359
51.487851 22.335157 6.037190 7.398004 -107433.351290
55.078134 26.648369 4.493622 6.166916 -107507.067132
61.875629 23.324905 5.125024 5.727730 -107450.349600
61.292170 20.320443 7.996582 7.042393 -107024.385113
55.048790 21.982046 4.059473 9.926160 -107069.441782
58.683049 27.904323 7.952675 9.674894 -107091.582302
58.523340 20.642421 6.096892 8.105865 -106910.369215
59.100565 29.381522 5.268830 6.804838 -107337.136612
67.743968 24.663442 5.601151 8.230644 -107588.136067
59.901099 26.670465 5.268795 7.831783 -107011.564430
59.909027 31.503631 6.152885 7.701239 -107368.955828
51.613409 28.176582 7.794358 6.733097 -107571.338088
64.060250 17.243012 4.178849 7.396105 -107577.460839
51.780515 29.147581 5.211451 8.103172 -107443.231850
54.792813 22.295603 2.889805 8.270126 -107497.876489
62.257333 32.887343 5.060100 8.483955 -107584.291457
58.252588 22.034841 3.709252 6.373962 -107517.529856
51.275024 20.648427 7.004019 8.016041 -107526.205122
54.556696 28.863256 5.193874 7.219787 -107324.439470
54.336258 27.075912 5.990645 7.507466 -107136.035152
61.112548 22.014050 4.360207 9.300886 -106992.301671
63.717721 19.128295 8.039035 7.552956 -107290.599210
60.108961 20.855998 4.034609 6.828094 -107385.154794
60.326094 24.203742 5.979448 5.956077 -107247.179807
56.004229 20.743438 4.882116 9.629548 -106983.885464
63.772212 26.559903 3.649211 9.306525 -107294.028952
58.496382 15.726473 7.010208 8.876064 -107493.064191
55.914081 23.278615 4.039251 6.855106 -107390.987479
51.468815 26.737458 5.605040 8.439931 -107323.464204
62.576651 18.282590 5.315777 6.057537 -107500.620254
60.251655 17.290075 5.301198 6.524803 -107463.393426
57.665157 27.678946 4.360138 8.331786 -107114.328003
63.661228 24.890650 6.486522 7.490325 -107130.997488
54.254756 23.032539 5.207497 6.354406 -107404.589379
58.458413 22.067841 6.056548 5.039304 -107505.476714
58.739857 31.072997 6.925095 5.630880 -107602.784674
52.443611 23.637986 5.420987 7.585168 -107296.087860
61.651067 18.766560 6.162887 5.084004 -107572.243843
56.607186 15.771134 7.075187 8.626675 -107562.804487
53.845963 29.930288 4.390679 7.761757 -107440.502946
64.302515 27.499769 6.590820 6.419311 -107513.041463
62.643141 20.911646 6.547250 7.835754 -107020.639495
58.586856 24.991034 5.584234 7.548687 -106940.936134
51.888029 27.006565 4.088350 8.036591 -107454.191955
61.369167 30.466924 6.345349 9.173002 -107242.813304
53.951467 23.599249 3.449635 6.772008 -107607.386092
54.227431 25.198144 7.646448 7.389587 -107065.848246
62.408208 26.975371 5.570391 6.225655 -107418.790506
51.438531 27.770404 4.335895 8.795587 -107403.390222
59.500710 24.511828 6.275621 7.008481 -106958.002064
56.663742 23.554450 8.567586 7.260225 -106897.708058
62.334187 17.273879 5.593286 8.590896 -107275.172555
60.792071 17.870389 7.985114 5.383053 -107476.588162
61.109200 21.831020 4.399484 8.970567 -107015.366319
63.551332 25.738138 8.633338 7.084702 -107244.718156
59.186023 28.265290 4.730382 6.087145 -107491.975513
57.820749 29.189374 3.865893 8.153886 -107309.495212
51.715970 26.757570 2.873138 8.729240 -107602.074031
53.759896 30.160646 5.831263 6.533008 -107519.707484
62.017386 27.187039 5.550223 7.998955 -107088.166199
56.211000 25.958962 4.895934 5.900434 -107456.181075
61.784574 21.606942 9.631121 4.275056 -107563.071228
53.156844 27.555764 6.018555 7.513965 -107256.113989
56.132305 17.424139 5.164849 7.835754 -107372.499837
59.279245 32.365525 6.346766 6.489721 -107604.916116
53.405643 26.715942 7.172959 5.422283 -107545.054942
50.388694 25.632098 5.877902 7.161540 -107563.429582
53.587826 23.204777 4.065674 6.899760 -107495.301782
54.584032 23.205075 3.528276 7.652506 -107418.384217
57.134235 32.066629 3.762631 7.795886 -107569.568089
55.761299 30.144212 6.175861 6.620082 -107381.588801
59.277894 18.949032 7.141011 4.825523 -107590.899679
57.268514 27.984495 6.192989 7.567643 -107019.268199
59.475009 20.322065 7.831769 9.968580 -107129.849431
61.252350 30.252297 6.680867 6.973645 -107387.219179
53.608637 29.909762 8.700143 7.303930 -107510.795021
51.019804 25.047295 8.182816 7.936790 -107539.742283
63.130759 20.009332 3.911992 7.774481 -107381.260255
61.654325 24.586161 3.802357 8.720408 -107160.663053
63.195277 21.914865 7.727484 8.504251 -107053.405929
57.068047 28.876483 7.932805 8.879502 -107099.699637
56.084929 32.975326 4.308621 8.371340 -107528.107611
57.181583 30.792861 5.543028 7.314915 -107333.433632
56.875939 21.735922 8.298240 5.997680 -107159.510830
53.508730 22.015124 6.095619 8.157195 -107129.458999
57.273187 24.508661 6.665360 7.327067 -106885.248238
