77.728591 109.514249 2.537614 8.139295 -102686.080381
148.512958 107.940684 8.622611 7.073076 -100872.744673
23.529407 181.931745 6.063125 9.700374 -101705.010624
11.933148 168.469219 6.063125 9.700374 -101705.010624
33.371649 45.625571 3.729093 6.601937 -102642.415611
24.424638 100.045176 1.906416 5.168600 -102905.742837
43.811312 17.405943 5.976191 3.818599 -102656.770232
102.891928 88.433485 1.430702 9.165705 -102920.548695
49.585270 168.516962 1.006080 3.442611 -102958.740492
1.063266 54.426113 2.414855 3.264720 -102951.558194
