152.763871 136.146483 11.406961 9.932520 -104434.448719
143.408383 113.385463 11.406961 9.932520 -104434.448719
175.485170 128.431314 11.406961 9.932520 -104434.448719
119.269014 132.849547 11.406961 9.932520 -104434.448719
118.856801 182.354657 6.000249 5.701006 -108301.139155
185.502831 80.826372 8.427934 6.661197 -107526.964948
189.161047 92.714960 8.427934 6.661197 -107526.964948
64.274020 93.297197 7.793086 2.441797 -108915.473680
46.894205 147.410725 1.330008 5.113927 -109036.073266
49.194260 157.948560 1.379848 4.218351 -109056.782018
125.298294 65.173068 7.155460 1.294786 -109060.525868
