184.736851 110.347076 4.461853 8.285256 -108302.398193
181.370074 105.199213 4.446844 6.749177 -108530.732682
180.630163 103.407986 4.095685 6.455895 -108701.516319
188.194894 113.780626 5.947083 6.912387 -108619.364081
181.298329 108.857010 6.585871 5.954791 -108372.290130
180.653676 108.651891 8.430918 5.882750 -108446.216567
189.476054 109.659549 5.659828 5.529880 -108708.594796
185.407388 112.826711 5.261337 5.681555 -108527.542508
185.739688 106.819732 7.757357 7.868405 -108563.274562
180.312353 103.436932 6.000977 6.647155 -108677.183753
191.352747 108.794185 4.920704 7.293119 -108742.664268
186.194441 113.120828 6.600665 4.046182 -108775.232963
189.926944 107.535891 4.611325 6.243249 -108722.764344
186.970051 113.173989 7.184006 4.943896 -108667.396244
182.615200 109.808524 2.778006 6.463454 -108636.781365
191.119898 105.849678 4.907198 7.965323 -108739.263329
183.677938 108.129613 7.882833 4.810217 -108477.365266
185.484387 103.922395 3.198650 7.177303 -108669.244817
180.867077 107.234177 3.089785 6.453087 -108639.517863
187.147487 108.741037 8.151943 5.220466 -108558.458283
184.245990 105.023696 6.412393 4.502334 -108701.984904
182.871723 106.361835 8.120746 7.640452 -108551.929122
183.472565 105.843047 5.296657 5.487412 -108554.534463
187.239846 112.180320 7.255702 5.240491 -108603.259227
187.465065 108.220280 10.048091 5.325370 -108706.731379
185.828493 112.640759 9.142762 6.139679 -108582.201428
182.986551 110.648477 4.847818 5.734939 -108460.919464
182.539467 104.800282 8.682143 5.747051 -108645.634788
179.433262 104.939818 4.529222 7.385726 -108561.200087
182.718907 104.166864 6.840601 6.696392 -108572.567220
183.249911 109.421475 2.211090 8.029751 -108628.088528
189.671714 110.318168 3.317763 8.442494 -108606.377834
187.389983 107.662122 6.733334 7.161633 -108484.788963
184.974985 106.779518 6.313611 6.295274 -108407.508077
187.657795 114.095632 4.092392 5.681934 -108743.124422
189.374842 110.805359 5.301410 5.550135 -108714.004240
182.728861 108.454786 9.306565 3.618573 -108689.471470
179.824388 105.969780 5.899236 5.180523 -108650.149220
181.707308 102.094342 3.417065 6.952329 -108760.215678
