28.674861 150.862501 7.689815 6.105182 -101394.737354
26.628133 31.214361 7.098659 8.685475 -101097.275351
63.025486 22.907102 7.098659 8.685475 -101097.275351
42.208072 24.777751 7.098659 8.685475 -101097.275351
168.249280 141.612092 2.045187 9.800449 -102900.254823
154.325173 131.600727 2.045187 9.800449 -102900.254823
183.867309 142.409135 2.045187 9.800449 -102900.254823
51.499963 85.125475 5.906226 4.430753 -102681.673728
173.893529 80.632535 1.446499 8.732296 -103144.536014
166.255632 86.840209 1.446499 8.732296 -103144.536014
136.885891 136.267605 1.018882 6.113480 -103189.119224
