134.581003 136.294547 2.552455 2.388210 -103205.797827
135.488823 134.376825 1.599997 4.287247 -103197.310860
132.093063 134.543199 1.230840 3.014315 -103206.777612
139.013353 136.883162 1.751237 3.869184 -103203.006146
132.740650 134.251970 1.888110 4.954239 -103207.402058
143.763510 138.041047 1.018882 6.113480 -103189.119224
131.431267 137.060387 1.107269 5.353422 -103204.838387
135.045357 135.628290 1.964548 2.175292 -103205.519558
141.966600 138.261590 1.244659 5.272944 -103196.565415
138.629486 135.305895 1.624406 9.106686 -103190.470520
144.440825 139.163593 1.454354 4.853131 -103203.811929
140.033413 137.400609 2.014537 3.866529 -103208.309942
131.128904 132.896823 1.095570 4.922384 -103207.162860
136.046225 137.638538 2.002478 3.726443 -103204.064571
