156.693991 152.157462 2.137826 1.646899 -116232.878463
155.775719 148.755717 1.240262 4.462469 -116239.497744
161.471554 149.139710 1.438093 2.950138 -116263.719517
155.726357 151.861729 3.211007 1.821535 -116226.156830
162.074805 151.308574 2.903248 2.204579 -116248.074925
156.765319 150.318475 5.329798 3.609866 -116225.290308
155.064073 156.791475 3.159640 3.630859 -116249.139840
152.661729 153.622553 3.061557 4.768006 -116257.348941
155.868853 149.736013 3.784646 2.683484 -116233.432779
157.456467 155.073735 8.572376 1.577035 -116190.628242
154.857607 147.364704 1.396316 4.614447 -116252.346537
156.765963 150.567506 5.546643 1.686403 -116233.140563
153.392580 153.909848 1.650713 3.975181 -116233.953642
157.979480 154.959251 3.778623 1.902562 -116193.795143
162.509699 150.741904 1.182050 6.802900 -116253.300746
158.172192 152.342908 6.276157 2.546240 -116131.486982
154.552834 153.355006 2.124378 2.908767 -116220.870838
160.053520 157.113723 4.626747 3.220449 -116253.365296
158.756443 155.057886 1.212610 3.876171 -116219.257599
155.884493 152.947818 1.875954 3.753462 -116198.078479
159.761629 152.711519 3.246341 5.936468 -116259.136221
158.780133 152.002961 1.700343 2.843614 -116208.271787
156.682050 151.562038 1.596761 7.161223 -116233.095254
156.744625 153.937058 2.381135 3.732028 -116179.519551
162.692604 152.267903 2.369986 4.010489 -116240.887197
160.965823 152.792758 1.781246 3.460689 -116212.991274
161.466172 152.019816 4.057239 1.697006 -116234.173409
155.018508 156.958166 3.453540 2.778107 -116260.440931
158.521518 156.919966 1.910401 2.418114 -116246.951392
160.153025 151.705525 2.179636 1.013709 -116261.837508
159.519781 152.121647 3.266072 3.252795 -116169.150589
161.047646 154.414767 5.252001 1.215513 -116237.978777
151.829013 153.850907 2.252357 3.976134 -116256.743648
155.381458 155.415765 2.295199 1.953331 -116240.586702
155.188058 150.778108 1.481502 8.403560 -116255.808652
163.091439 153.417696 4.873485 1.324213 -116265.305734
160.980310 157.149463 2.331811 3.185661 -116242.466699
160.716173 151.080642 2.110835 2.745373 -116227.422359
153.523101 148.247332 1.861475 4.342448 -116252.894878
159.511837 153.732350 1.847344 5.148459 -116203.541943
156.673802 156.498586 5.931873 1.427634 -116262.013641
161.734089 155.805220 6.327556 2.008316 -116255.243792
154.802824 150.407584 2.924660 2.497170 -116237.847732
158.146328 150.893899 1.945600 2.699870 -116217.333522
155.239229 154.502845 1.763673 5.107480 -116213.967339
