197.650845 122.276618 5.038189 6.801359 -103759.818520
195.422568 120.239039 5.198642 5.854958 -103786.726116
196.189773 122.748634 4.009067 7.123713 -103767.642027
191.448053 121.298984 4.784809 6.826804 -103785.942387
194.886698 121.989957 5.477167 6.492528 -103732.706952
197.811191 125.107428 5.044266 7.233046 -103778.811968
193.987080 122.912579 4.489316 6.223979 -103772.307033
193.637753 119.293635 4.147653 7.063257 -103781.019567
198.719901 123.661308 4.754874 6.965917 -103796.132979
194.784495 121.154234 6.042276 6.415971 -103741.148253
194.720039 121.278053 4.406761 7.702266 -103727.000550
196.315852 122.893536 4.905209 6.454236 -103760.813227
195.132771 119.787228 3.681401 7.612585 -103778.022498
198.852063 122.922651 5.991958 7.796525 -103731.177578
193.619175 120.696365 5.714471 5.473849 -103788.841197
196.935865 124.009064 5.209811 6.792961 -103758.357065
193.076814 119.229843 4.331989 7.430383 -103776.567590
194.134223 121.164212 5.619004 6.144739 -103749.297439
195.947489 123.878154 6.259259 6.124942 -103767.825389
199.828338 121.703948 6.117111 7.052942 -103772.843455
193.415853 124.083495 4.758628 6.618470 -103767.033091
192.735212 120.849036 5.960020 6.042514 -103776.443348
196.775137 121.210000 4.483416 8.414989 -103720.995495
193.034213 123.289608 6.672569 6.187283 -103792.246688
196.399872 122.010554 6.425962 6.515662 -103742.092623
194.098611 120.053843 6.328903 6.366008 -103771.548783
193.343265 120.229085 4.879082 6.673926 -103758.196671
197.608844 120.110235 4.936952 6.956023 -103771.021225
195.042828 119.592007 6.706390 6.887093 -103793.081078
197.403824 121.309253 5.080162 6.562958 -103768.984973
199.308862 122.237538 6.524979 6.613482 -103780.291666
196.091065 125.424302 5.591318 7.181135 -103773.991936
194.617893 121.691294 4.716074 6.808730 -103736.196150
194.651152 120.234834 4.471450 6.076193 -103792.116746
192.215433 122.074507 5.617446 7.396825 -103783.733581
193.142081 120.266945 4.703544 6.258911 -103777.711555
191.561030 122.634001 4.806770 8.001021 -103793.097673
195.319358 118.484670 4.356003 8.324120 -103773.760269
197.388160 121.766758 3.848866 7.555789 -103777.710477
196.488245 118.522052 4.752153 8.428089 -103769.247332
192.926020 119.975346 4.978159 6.398121 -103774.759817
195.306025 121.894926 5.424174 7.074163 -103719.503316
194.608905 122.088003 4.470522 6.956992 -103738.865506
196.388069 119.600674 4.985681 7.638339 -103743.698954
197.835248 123.109613 5.380458 6.460082 -103777.239322
194.990879 123.063305 3.930837 6.419869 -103795.724574
193.139819 121.778108 5.161024 7.289324 -103740.826282
195.774770 121.850506 5.009940 7.292484 -103718.883257
194.486871 124.817389 5.321849 6.340783 -103777.597060
193.301129 121.563494 4.854305 6.192215 -103762.661555
198.275905 118.839424 4.561761 8.059000 -103778.786602
195.979750 123.205371 5.136049 6.390887 -103755.368273
198.299027 124.549895 5.556205 7.100524 -103770.897391
195.544651 124.278107 5.863267 8.412302 -103778.354935
193.334864 123.515461 5.248843 6.747129 -103751.669844
193.859326 121.116209 5.809971 8.016836 -103775.972711
199.358345 123.908711 6.421581 7.667235 -103753.523689
191.775394 120.552113 5.191917 7.618582 -103796.465074
193.443742 118.603796 4.745941 6.708154 -103795.512855
197.230406 124.391108 6.848966 6.312317 -103791.126632
197.029811 122.535867 3.092415 8.689247 -103794.865664
196.220878 125.646153 5.308232 7.120917 -103780.168337
193.366128 122.470485 3.292323 8.734264 -103773.184587
195.604594 122.993896 4.995726 6.127793 -103767.144024
196.058550 125.486088 5.185023 6.606829 -103791.697660
197.965593 121.976897 5.181932 6.309056 -103792.462612
193.026796 119.962456 4.263474 8.455303 -103767.941031
196.595123 124.481734 5.964394 7.532392 -103751.579198
196.393180 124.084253 5.757662 8.567857 -103757.705961
197.249059 118.430906 4.857123 7.638498 -103782.356736
193.610692 119.928503 4.877483 7.484967 -103751.009112
193.325786 120.132370 5.410090 6.250797 -103767.852584
195.962733 122.749036 6.281366 6.593451 -103738.757972
191.202914 120.967553 4.457195 7.457504 -103792.269356
194.368125 124.418819 5.365019 6.869866 -103755.249347
192.107817 123.619929 5.325607 6.979025 -103782.964983
195.084265 123.312205 6.274620 5.536090 -103780.827383
192.261693 121.665946 5.437332 7.398722 -103774.191309
194.111422 120.908128 4.662260 7.825917 -103730.545560
196.562428 123.491214 4.737399 6.245466 -103788.908854
192.492833 122.407353 3.853655 7.204076 -103775.528174
193.396331 120.355664 5.053823 7.314734 -103747.741815
194.594156 124.845972 4.834889 6.874692 -103766.336665
197.096623 122.798088 4.779240 8.683559 -103715.086680
194.574588 119.690831 3.538184 7.597173 -103787.331863
193.468725 120.589423 5.280077 6.885918 -103746.048976
197.157813 122.788262 4.989779 7.100457 -103740.159566
197.431893 120.214491 4.116173 8.169797 -103754.635204
195.260891 122.382013 4.773897 6.609169 -103743.869791
196.413459 119.346583 4.891415 6.613500 -103783.828802
198.531289 119.038582 4.095695 8.111602 -103795.279003
193.848795 122.801801 5.199797 7.173377 -103731.735914
195.037480 123.430727 3.807571 8.518192 -103743.065434
195.146774 123.550521 4.763801 6.814080 -103745.116342
194.044682 121.170190 4.675604 6.443723 -103754.505679
195.911192 123.880964 5.107069 5.944496 -103789.246540
193.879102 122.895462 4.665573 6.090765 -103772.402880
192.385828 122.988010 5.519919 5.822270 -103788.258862
192.976019 122.537103 3.736914 6.677300 -103794.254791
194.024467 118.352014 4.703234 7.475923 -103786.837595
198.955472 120.142174 4.480896 7.666962 -103783.963415
198.226968 121.361470 5.753688 8.561597 -103724.812776
193.419511 123.190150 4.213979 7.339625 -103750.671305
192.135587 121.362121 5.358187 6.511467 -103771.413170
193.257436 120.513031 4.083940 7.800193 -103754.047020
193.676656 121.702202 5.737897 6.573010 -103740.969379
194.249639 123.569443 5.686997 5.442702 -103791.429750
194.857530 120.719129 4.810561 6.662269 -103746.157788
