106.298634 169.580992 8.897118 8.857275 -100639.576535
120.556056 121.763840 4.542608 7.476776 -102602.641251
40.454449 73.893122 7.823783 6.610840 -101460.312869
64.342382 10.442420 4.004579 8.153720 -102381.914941
98.650806 56.716650 2.023786 9.379595 -102802.594908
86.778381 49.979149 2.023786 9.379595 -102802.594908
140.691217 146.725077 3.651918 2.877608 -102959.859526
13.670745 159.751596 2.170743 5.940051 -102981.743439
23.215602 156.473579 2.170743 5.940051 -102981.743439
134.221789 7.574636 3.488228 6.226162 -102858.338246
107.812972 85.146792 6.169121 1.196241 -103087.241398
68.437831 170.630842 1.328281 2.962412 -103085.154826
93.545490 84.106013 3.658748 1.456506 -103086.485043
