132.990259 87.046099 4.136088 3.584725 -104225.859974
134.338045 90.597175 4.566618 2.947151 -104217.390748
132.556078 89.905919 6.714304 3.528479 -104240.888033
134.125656 90.074596 2.378223 2.838511 -104246.629350
133.489394 88.486284 4.366962 2.959456 -104194.236914
133.803243 89.227078 2.731774 4.248867 -104226.570272
135.370853 89.498960 2.912017 3.949415 -104238.771460
132.237207 91.641286 4.074476 3.705915 -104245.172250
132.477794 90.181715 8.824056 2.400469 -104218.667753
134.382663 89.034416 3.691626 1.784730 -104248.426510
132.923905 88.481154 3.144784 3.949900 -104218.709148
135.018809 89.633219 2.752215 3.461301 -104236.730059
135.822544 89.310919 3.691869 3.528362 -104242.489305
134.874544 90.192194 4.656284 2.731297 -104221.876271
133.445899 88.415930 3.716387 3.103566 -104204.003342
132.450354 89.903691 3.443084 2.109862 -104243.706966
133.708256 89.359792 4.296398 4.582786 -104243.648675
132.139129 89.185980 4.629727 3.627843 -104212.503827
135.575843 88.382176 3.464722 2.827847 -104246.879403
134.986855 89.525967 3.313911 2.336372 -104244.712193
130.980570 89.266990 7.461431 2.198162 -104248.426193
132.476741 88.586430 3.779106 3.591143 -104209.280063
132.945762 88.801340 5.245750 1.720500 -104220.029130
133.697731 88.297278 3.638459 2.078192 -104232.126570
134.846925 89.899912 4.768260 2.886002 -104215.208735
134.649080 89.185120 3.427232 2.643834 -104227.027661
134.593485 89.652889 2.346088 3.412464 -104241.128765
132.288948 89.324354 3.208643 3.735454 -104218.705224
134.806619 90.114510 4.876592 3.409901 -104222.248222
133.453519 89.059703 2.493258 3.532503 -104227.954045
132.625073 88.774103 5.113470 3.914745 -104224.834428
131.152041 90.299406 3.196795 3.861585 -104243.380530
134.863163 87.286971 4.523833 3.485349 -104237.964637
132.240191 87.363906 3.649227 2.350480 -104236.713850
