37.122607 67.681112 2.873105 4.565927 -124070.640581
39.806677 75.368276 4.838304 6.056263 -123882.889570
29.661439 66.375043 3.348788 7.507653 -124108.427797
35.263776 70.843289 3.672483 7.856936 -123738.080364
41.414235 66.840209 7.246291 5.387361 -123489.893375
43.921490 66.705939 9.570835 2.818193 -124025.620344
36.688700 68.108761 7.099309 4.228898 -123940.063916
48.189384 72.533386 4.990278 7.120917 -123694.129033
40.477631 76.381688 4.701438 5.805592 -123971.057325
41.204897 75.263129 3.779402 5.332314 -123987.201235
28.623236 67.671860 3.480189 7.234140 -124174.180921
46.786981 66.606408 1.181600 7.693815 -124071.309603
45.604210 75.734762 3.188711 8.163534 -123800.787194
45.707301 68.216414 3.743015 5.243823 -123804.391458
48.054685 66.682941 2.955025 5.160025 -123987.578991
41.708611 59.629088 2.853803 5.669531 -124061.978518
44.794777 70.606807 8.281020 6.500826 -123504.294853
44.262304 64.496702 3.136518 3.376983 -124167.399717
42.454978 73.770257 4.551646 3.375005 -124146.194237
42.383294 69.360443 3.894482 8.023844 -123424.147622
44.323523 71.990793 3.102308 5.788940 -123852.641637
49.876272 77.806489 1.979157 8.082790 -124120.799090
30.861684 69.165792 5.035410 5.562599 -124174.218561
42.428608 78.461611 4.836356 8.322628 -123956.627116
45.516714 69.514224 8.406652 5.221696 -123588.480572
42.618728 82.143210 3.682334 9.247184 -124174.881609
43.996303 64.545527 11.067472 7.131323 -124097.203278
43.866132 73.698863 9.071121 4.383819 -123951.252367
28.519609 67.433467 4.087110 9.420193 -124155.305848
41.970530 68.781417 6.201158 2.863715 -124044.591181
39.234815 71.028684 4.265411 6.618962 -123623.623953
44.713384 73.286396 6.723082 5.235490 -123770.857678
35.632149 74.443852 3.641285 6.940629 -123934.017822
38.734735 74.993723 8.612582 6.056212 -124085.104140
50.835893 69.966357 3.517277 5.471621 -124007.036551
38.946688 69.877044 4.162832 3.219906 -124128.383132
39.531988 62.831056 7.891190 5.695304 -123760.313421
50.821194 66.718849 4.019192 7.260181 -123802.387990
52.463026 73.651940 4.871884 8.376925 -124012.256447
40.195106 63.424025 8.090224 6.403328 -123663.139167
46.259787 70.899731 2.626390 7.777385 -123732.152424
33.276283 71.098616 2.993202 5.254488 -124141.017856
49.627749 65.859792 7.223609 6.775501 -123821.846893
46.219829 68.153443 5.692727 7.151413 -123422.789113
42.552669 57.818502 4.106145 8.948020 -123955.823996
44.856228 71.408802 7.101026 5.852157 -123560.088925
39.502080 61.247981 2.901128 3.963905 -124172.331890
44.714042 73.863417 1.353676 6.059626 -124157.689804
41.916845 69.390001 5.443064 2.415219 -124163.095653
38.206284 59.981430 6.242307 4.964315 -124085.869410
55.258079 70.138445 3.609887 8.712364 -124036.684414
37.894023 60.253716 3.024927 6.380433 -124020.374939
38.844847 63.709533 4.492914 9.655420 -123541.111498
44.838724 65.692504 6.741497 7.270164 -123411.916572
44.277028 72.786357 3.852776 6.809823 -123668.327360
39.141781 62.816892 9.302608 4.681815 -123915.597018
41.423027 71.136835 1.094870 7.686297 -124082.911181
45.811540 61.591224 5.700770 5.618590 -123868.122508
37.380954 74.837763 6.986541 5.978922 -124004.097205
47.860662 76.450632 4.283347 7.507428 -123920.182575
44.190055 64.569635 8.478825 5.044788 -123649.852246
53.371245 64.901318 4.251701 6.953800 -124045.854488
53.266481 67.036799 5.151661 7.544954 -123986.897802
43.654792 75.923700 4.118863 8.326640 -123716.147941
39.941797 59.907381 4.490251 6.499633 -123905.810318
51.937979 66.871973 3.223818 6.032080 -124027.234387
51.333864 69.207570 5.526948 4.390851 -124077.163164
35.339672 67.540556 5.605745 4.089522 -124064.796327
50.091529 61.626761 4.110868 6.445702 -124026.507703
38.101276 68.077601 3.592679 3.769119 -124091.799039
48.994031 79.005129 3.407837 6.920300 -124167.338526
43.254612 60.052407 8.163509 7.077973 -124113.217654
40.355689 59.512562 3.039129 5.980225 -124038.517169
40.070372 65.237298 6.698256 7.002709 -123449.852466
46.565584 78.133071 3.028251 7.784378 -124001.863933
43.097166 64.674615 5.120259 3.180218 -124067.029263
38.826472 68.790035 4.742749 3.385150 -124065.890906
52.825051 68.991562 3.862188 8.922022 -123842.988678
32.734243 62.261399 2.671601 8.608742 -124000.083450
47.186514 73.285841 4.729997 3.512165 -124146.130383
33.497881 70.726953 7.317748 6.619835 -124073.000528
33.174130 67.979087 4.796566 6.661624 -123911.323500
44.093836 77.248494 1.145592 9.911656 -124083.061037
41.217256 62.660626 4.159867 6.152963 -123739.153942
44.735382 76.564417 5.683298 4.506309 -124116.123362
34.352123 65.279034 4.049618 5.900871 -123962.769125
42.336741 63.588145 6.135099 2.495021 -124169.620082
41.776376 65.939189 5.068284 3.385191 -124002.920394
44.768553 70.977513 4.714186 5.500437 -123689.159559
43.916795 76.590422 4.087022 4.537175 -124129.315649
45.557429 70.531286 2.657236 5.900950 -123887.058524
38.058939 63.583991 4.730023 5.163034 -123871.716354
39.447397 65.390235 6.809832 7.184040 -123472.894692
47.020251 68.000568 3.636593 4.776959 -123926.302874
43.784564 63.281329 4.025457 7.526271 -123589.754196
39.838038 75.681972 2.533902 5.742512 -124078.718852
42.060398 62.551716 5.642030 7.240514 -123578.828578
44.930579 58.947549 4.518035 4.821341 -124129.757906
44.186065 61.633826 4.614386 9.021647 -123631.294795
41.674030 66.481001 5.707372 7.866480 -123321.351904
42.594716 69.637929 3.451541 7.169157 -123567.979354
37.847569 73.784747 5.203051 9.035579 -123657.737532
42.660856 79.082443 2.776169 6.271577 -124139.181451
52.078810 70.284500 4.604952 6.420132 -123948.434103
37.178483 75.241380 3.004408 5.140653 -124138.246706
36.584241 58.500484 4.473171 6.810025 -124120.883808
46.403174 74.403043 9.363112 4.133042 -124128.040607
47.785558 68.887514 6.828007 5.022664 -123742.347945
48.660100 75.816353 3.810543 9.325185 -123819.007347
41.934847 62.075409 11.066858 2.812115 -124112.591924
38.682534 68.258631 7.659150 6.497471 -123513.553650
47.446372 64.490879 3.760399 3.596645 -124158.121775
36.749776 61.063503 5.276061 8.014269 -123885.532104
42.318286 65.820745 9.214915 3.959183 -123747.339573
43.072954 56.962208 4.943677 6.565171 -124157.200800
39.512631 72.889903 4.526706 6.788358 -123658.695593
51.807834 72.997892 6.747535 7.965645 -124158.686893
34.405116 64.332888 3.736315 6.639797 -123925.261192
38.271894 64.050806 6.021422 4.017726 -123969.928730
41.417617 75.313599 4.169617 6.211166 -123856.625766
46.146373 66.440835 10.057868 8.006629 -124099.107138
45.483950 58.088283 5.137225 5.314134 -124171.480726
37.476464 74.692083 2.524579 5.325279 -124130.250601
35.141238 68.375098 3.618924 9.009415 -123648.203097
42.611061 60.824524 2.025787 6.462575 -124045.381621
34.181763 67.481986 1.166914 7.280420 -124164.096345
40.280736 62.677434 3.633501 4.975912 -123941.906557
48.196829 66.979101 7.621182 5.403097 -123741.012433
35.860300 75.245737 1.049176 9.980840 -124109.969507
46.246028 65.597078 6.012728 4.164541 -123887.831691
50.814657 72.568033 3.137054 7.756123 -123883.683041
47.823026 59.277142 3.224439 6.713794 -124067.179339
40.627181 67.919875 4.529785 5.212617 -123699.264759
49.375887 68.011073 8.522939 5.409552 -123877.841972
48.412524 73.573437 4.786486 5.703297 -123908.073753
49.839060 71.839754 7.428545 3.580584 -124133.359078
44.328684 69.357530 4.289343 6.200025 -123576.950116
33.052455 71.115052 3.108698 9.889280 -123797.737190
40.097650 65.279627 4.659131 5.955117 -123624.179456
41.266524 68.395579 4.620068 6.572078 -123477.820712
41.589874 66.162503 5.252927 6.787609 -123416.226279
42.342147 83.071686 2.221251 9.738008 -124159.057324
36.151838 60.995844 1.129863 8.611245 -124150.454883
49.875313 72.138043 7.355366 5.182249 -123993.867446
52.923663 69.075557 6.698992 7.189376 -124096.450309
49.161650 73.390070 8.620024 5.435224 -124095.091970
39.339156 72.345879 6.755679 4.863300 -123826.010451
34.524037 76.449980 2.249329 7.738850 -124082.333438
36.776061 69.424162 3.675271 6.042164 -123821.600499
37.147487 64.355989 4.982620 5.236467 -123866.748094
45.665784 68.769789 3.710596 7.715077 -123513.807636
44.601720 74.845603 1.221990 8.077663 -124090.350640
42.850188 58.230859 4.959985 5.665358 -124079.500545
37.331282 57.865988 3.932742 7.260403 -124101.512460
38.414842 62.997952 4.968782 8.387199 -123613.906023
42.902024 69.607272 4.280351 5.367749 -123695.003415
51.400386 71.662179 6.329489 3.861976 -124170.246465
38.247793 63.636974 3.005597 4.312343 -124101.230302
45.103337 59.396804 6.300548 5.055565 -124091.822437
40.145049 64.882609 1.624872 6.370450 -124038.293485
48.439032 67.910668 10.697621 5.373347 -123968.015754
40.053373 64.688660 6.314825 2.570119 -124158.799839
44.627488 58.475463 3.636488 5.938905 -124079.799949
47.312160 61.630387 5.346446 5.825854 -123920.825412
37.496745 74.567949 2.927809 5.997457 -124020.835073
41.407498 61.421203 7.161867 6.703776 -123777.814173
36.667255 73.953092 5.730142 4.845923 -124063.657825
41.636414 64.068705 5.634996 3.135284 -124054.101826
45.404633 69.785458 3.301402 4.322511 -124002.162747
47.650210 66.885610 2.742334 5.052974 -124011.361349
36.027626 66.831892 2.291005 4.840755 -124132.943566
40.243701 61.470617 4.044422 7.608195 -123717.033830
49.355994 70.493721 4.745544 5.096110 -123914.664915
39.012496 75.343582 3.255539 4.579822 -124148.311484
35.310569 57.978544 3.437740 7.808710 -124128.270136
48.288814 66.848393 3.854441 6.530915 -123730.415064
47.441550 64.630801 3.020739 5.298969 -123981.368214
47.954894 70.333411 7.177440 6.423452 -123645.523361
42.885374 61.023487 5.353021 6.354013 -123774.629634
39.532489 76.520732 5.516857 5.437269 -124042.295555
42.484233 59.906663 5.246047 4.022039 -124089.210096
54.190284 66.781240 5.484754 6.199249 -124154.399472
49.521331 71.455709 5.367078 5.472670 -123883.495943
42.126309 76.001436 6.544247 4.134030 -124117.425560
45.088426 65.368369 4.353741 3.004244 -124160.261069
42.262955 67.216227 4.047177 6.916901 -123497.604855
43.595379 74.570492 9.798222 6.749533 -124114.354426
36.618741 75.918951 4.845890 5.111945 -124136.214762
37.983341 67.658886 9.183003 3.266240 -124036.005746
46.255389 62.688140 3.200789 6.315165 -123876.020492
42.781848 72.770852 5.861596 7.142741 -123507.440798
38.907217 59.231120 4.893666 4.355160 -124149.763790
41.357730 69.080806 10.820472 3.741529 -123798.677853
49.233897 69.070794 7.541850 4.266638 -123954.331032
38.070687 61.945648 2.232343 8.660990 -123873.372837
32.661131 70.490687 6.833528 6.191499 -124114.696175
42.847706 68.756328 10.227842 2.105270 -124145.630744
41.133184 72.919595 2.164310 5.682924 -124030.500897
47.352741 66.805982 7.628337 3.977173 -123911.754721
41.622254 63.639390 3.555148 6.272258 -123737.621973
45.748927 76.191613 7.109300 4.522708 -124132.328616
50.145420 75.185728 3.309038 5.770978 -124107.534917
41.982560 75.627780 7.420972 8.211299 -123962.613807
44.476981 73.881879 3.864845 7.957686 -123624.745179
46.852291 67.384073 9.209001 6.984444 -123708.180160
44.930463 70.146425 3.298127 3.401065 -124141.911004
42.019765 57.872360 2.415826 6.371092 -124131.247527
40.435848 71.760921 10.397039 7.467776 -124069.747721
48.531432 66.405153 8.339461 3.741201 -124032.325695
44.175715 62.920220 4.855164 5.501931 -123763.427252
45.771200 71.767691 6.359371 5.536338 -123663.120408
35.372587 73.170088 4.399009 9.771974 -123724.740015
33.821170 63.357054 2.204220 5.863208 -124158.128076
40.021228 67.664860 3.136315 4.957091 -123912.252174
40.673585 66.080687 4.755973 6.017524 -123568.985165
37.907416 70.389802 3.680990 7.280497 -123645.056421
42.845276 64.088624 7.655585 4.345523 -123756.783861
51.840597 67.430076 4.830951 4.230637 -124140.562433
38.606163 69.273039 3.732113 3.256619 -124149.996274
46.238542 65.099163 4.801222 7.986814 -123485.005837
41.788130 63.707009 4.164903 5.324431 -123786.081275
46.534479 73.258570 9.703108 5.762062 -123977.947579
38.148012 67.754404 3.453214 4.572502 -123981.599102
44.067515 73.621023 7.389438 3.133694 -124132.040246
38.471095 61.557415 5.734750 6.291031 -123830.743136
43.241504 78.065241 5.365139 8.390781 -123964.881546
43.859184 59.486875 3.834593 4.128564 -124163.343878
44.498722 67.344850 3.118076 6.569424 -123692.877220
32.324447 69.016352 5.075679 5.304211 -124103.343740
32.528043 69.984000 6.892577 6.086928 -124124.048922
46.270355 64.742040 2.351033 5.201020 -124042.275983
38.858171 60.946213 7.681211 4.247192 -124058.965406
42.725915 78.570601 4.977590 7.458513 -124009.917989
45.147569 66.386614 5.218225 4.128330 -123878.534105
39.541658 72.083954 2.022897 4.569339 -124159.447351
44.796769 70.870723 4.347458 4.838400 -123827.716939
36.486216 76.552422 6.102575 5.788573 -124156.310919
40.872955 62.666079 5.761761 4.482599 -123865.518081
49.119213 59.857880 4.669902 8.718196 -123992.489484
42.971667 78.269021 5.319196 6.656125 -124042.502192
37.719374 64.039814 2.985268 4.828920 -124047.866891
45.321147 70.042140 4.214189 3.186066 -124125.171649
46.546238 63.762114 9.736217 3.258853 -124145.224521
48.049650 59.979229 1.465809 8.652265 -124095.582521
43.283814 71.850710 2.258842 7.313196 -123825.809922
45.403075 65.485321 8.724273 6.525335 -123580.905912
35.998405 77.069022 4.087970 7.682241 -123997.881667
46.552062 62.478658 2.222216 8.716242 -123844.545083
43.516619 75.051600 5.053907 4.520426 -124016.458640
35.838426 67.542006 3.711022 5.757852 -123890.311227
45.472002 74.514926 6.218162 6.648974 -123750.173043
45.398912 61.911491 1.519349 5.965616 -124149.205929
30.288977 70.598826 2.932546 6.279598 -124165.591064
35.285863 59.043834 3.818251 9.402481 -124010.537124
40.079387 68.894345 2.423626 8.738137 -123658.079648
29.910102 69.677237 4.469842 7.957120 -124097.813071
56.218608 67.960549 4.309202 8.488086 -124149.863494
48.303930 76.247365 4.381315 6.346885 -124012.984525
48.010266 68.266489 2.940973 7.598493 -123719.660898
42.321781 62.293571 8.370996 5.667438 -123759.969011
52.261747 67.824870 3.579289 5.985563 -124019.303375
36.055930 56.147701 1.805117 9.128769 -124173.004441
33.966698 70.494943 5.991933 4.798916 -124083.658867
48.721462 61.334805 7.107295 6.795294 -124091.947235
43.973739 68.076034 11.784350 6.565778 -123882.336642
44.328219 77.116613 4.110880 5.189654 -124087.948202
40.640170 72.718505 4.532997 5.353904 -123810.194126
34.060614 72.132343 4.251663 6.479143 -123946.444492
43.688022 72.213270 2.429435 5.367424 -123999.989708
36.260427 72.594784 3.920753 5.228870 -124012.550822
35.438668 66.142869 6.013399 7.062889 -123732.889098
45.410623 61.357744 4.675619 5.990005 -123853.384720
50.001359 74.179123 1.947526 7.722670 -124037.489915
49.176217 74.262250 2.043570 8.089014 -123978.809800
38.736826 62.623250 5.692364 6.075988 -123749.989088
49.285031 63.839020 1.163559 8.521302 -124105.149795
38.711693 70.516483 3.192632 6.639410 -123751.288591
42.751643 57.403822 4.903549 6.539802 -124110.276666
52.810770 71.338659 2.417902 6.151347 -124129.082900
35.801842 67.398847 6.871881 4.301026 -123993.283905
52.578575 64.936091 1.346826 9.239212 -124089.736085
44.315747 76.393578 2.462388 6.734141 -124010.449867
48.687444 68.786890 2.435482 5.517687 -124021.686010
47.481768 65.956266 5.863892 4.709968 -123837.752338
34.774192 60.767732 3.990774 5.287185 -124170.424826
45.506862 66.617594 4.471727 7.694195 -123440.796831
42.398507 63.310803 8.153176 3.959975 -123858.044253
40.019440 66.194865 2.578687 7.184353 -123754.854099
36.546685 74.621490 7.013168 5.466974 -124082.713660
52.233940 70.367574 4.557383 8.744250 -123837.573031
35.766817 63.097726 6.869645 5.927968 -123966.731281
49.462671 64.739613 7.367181 7.417295 -123895.505752
42.734130 63.942894 4.537638 5.286241 -123747.070350
48.409604 64.429424 2.821256 4.348486 -124145.576211
44.520002 62.678871 4.517451 6.658637 -123675.705592
43.557399 64.041680 4.698640 4.680651 -123835.778761
45.311535 72.008425 4.321626 4.835670 -123877.599395
36.476856 66.893739 4.749479 4.201333 -124020.230161
45.004826 62.993801 5.427919 4.453065 -123913.701361
48.560515 61.091589 5.058790 6.965227 -123940.711521
52.729626 67.690467 5.559259 4.611847 -124148.453923
45.644413 70.733793 1.911348 4.736777 -124130.825826
55.015355 67.578557 2.560359 6.443322 -124167.492393
34.393711 73.383312 3.678399 4.801480 -124169.234093
38.775013 66.234207 5.170000 8.561727 -123423.477341
32.658048 72.037031 3.007540 6.527822 -124062.878644
45.566428 62.823003 4.978237 5.139059 -123855.220873
41.294784 68.435519 6.648321 7.060846 -123327.983996
42.838103 69.386552 3.180715 3.704443 -124080.365499
38.401031 61.288168 2.623023 7.430103 -123915.421938
40.781366 68.619115 5.273077 9.727893 -123350.072610
36.300251 66.249981 4.358735 3.652290 -124137.661664
45.714857 59.091830 4.238092 7.808412 -123923.886609
49.315790 74.274087 2.722843 7.606494 -123929.056945
41.864057 72.094038 5.820153 6.113968 -123568.635126
39.700851 74.793711 2.772344 5.180113 -124084.732226
40.492501 68.448468 4.691255 7.420925 -123401.831088
39.587233 65.834886 10.259725 3.824374 -123864.261443
43.486852 62.916567 6.366499 9.953480 -123769.971189
36.992465 72.497011 4.580797 5.480318 -123910.067048
41.511313 67.599763 2.677681 8.449837 -123602.544760
50.795376 67.186216 5.003044 3.966789 -124119.381074
46.625333 66.548741 3.049590 8.765183 -123584.902637
49.599932 60.744765 4.490238 5.818169 -124107.366248
42.966311 74.749172 5.643688 3.749021 -124100.347078
37.738806 71.746454 1.689543 6.599970 -124054.989484
34.450272 63.735813 7.377740 5.282690 -124121.998073
43.152820 77.174827 6.294104 4.282329 -124174.122831
43.477488 71.104565 5.677287 7.215719 -123403.433270
37.509615 74.140135 3.274841 5.250488 -124061.577189
46.725941 78.151493 5.305879 5.674597 -124166.258946
48.575362 58.303601 2.724066 6.672748 -124163.821011
47.300556 61.324576 6.079103 8.078834 -123879.898245
45.605312 69.013186 4.340702 4.673114 -123839.885197
31.174090 62.634118 3.251596 7.400241 -124116.298580
48.213900 69.685704 2.847466 5.139102 -124003.462307
52.468234 63.040435 1.483889 7.527035 -124172.345610
42.605427 78.932216 3.559735 5.427710 -124170.683864
52.461937 71.317373 4.094918 7.020851 -123957.135306
37.587379 75.604596 4.452924 5.850487 -124002.863603
43.680879 68.913542 5.387635 5.218451 -123610.375418
39.442242 61.175508 5.936897 4.184423 -124018.899808
34.817678 68.943183 4.549273 8.920081 -123652.466071
44.307495 67.858912 2.458384 8.328600 -123664.299954
46.176278 66.061181 6.766415 6.082453 -123534.120648
48.938382 71.908982 7.297230 5.769871 -123856.716570
37.567547 69.491273 3.222288 5.203981 -123947.994695
36.553684 76.339604 2.290148 6.112240 -124147.820826
42.374678 66.097019 11.618319 4.883839 -123694.291034
43.077822 76.786365 3.076375 8.695109 -123807.662217
49.815376 66.499637 3.636985 3.800221 -124162.952513
33.696663 75.149037 3.155013 5.981498 -124147.770023
40.029839 72.868245 6.724144 5.732427 -123709.110057
46.302780 64.429340 2.020187 7.266616 -123917.115665
45.582148 62.129448 2.395860 4.416336 -124166.359939
48.152871 71.836357 5.041123 5.590572 -123814.554855
43.450641 73.482080 6.722640 5.511679 -123729.677059
37.287108 72.708992 2.185770 8.850555 -123825.345423
44.426167 63.235082 7.894009 5.663674 -123686.603025
45.291851 65.534696 3.728339 7.330633 -123572.027699
42.001788 71.263838 3.205239 9.074418 -123504.117400
42.022606 63.923992 7.322971 2.854359 -124063.624267
43.172666 66.935874 2.389934 8.001809 -123699.348402
37.949245 75.254787 1.858354 5.942725 -124150.908550
47.299020 62.697531 4.612285 5.865550 -123860.055373
35.474329 70.550099 1.607930 5.788918 -124161.755169
36.524799 65.538578 6.048336 5.437213 -123810.601230
43.575235 63.958231 1.067725 7.544688 -124110.908293
44.397428 81.042825 2.755069 8.871058 -124088.321658
41.174011 66.653529 5.540802 3.748358 -123897.393813
49.068183 67.047066 4.574643 4.254101 -124021.924933
39.150503 76.475862 6.822469 6.461207 -124032.383465
45.851147 66.998891 4.466111 5.300788 -123729.857072
41.321523 74.206817 4.563582 6.057965 -123782.005435
37.872001 78.266205 4.574437 6.051863 -124141.056070
41.977699 77.251182 5.179674 5.557576 -124039.838909
34.617889 67.070121 7.537682 5.329695 -123988.225847
42.137631 64.513618 5.599592 6.265734 -123512.094066
37.484277 65.329493 4.132664 4.892346 -123923.134225
40.896154 60.613399 5.811767 7.695378 -123787.281002
30.720497 75.378792 3.231069 9.472439 -124072.753996
34.698894 63.635841 4.845665 4.547077 -124128.002952
47.923507 78.475563 1.501854 9.803940 -124080.710677
45.768170 79.840097 1.685223 9.464757 -124088.842639
41.794405 73.531289 2.937556 5.750843 -123930.002898
45.891414 68.322422 4.184337 9.964101 -123396.476340
43.887625 74.462539 5.730318 4.117002 -124028.405927
34.491379 63.008825 4.447640 5.172095 -124095.043733
43.583995 67.253339 6.037804 6.347299 -123392.795445
49.486787 69.752088 3.319360 7.990336 -123715.591391
35.819734 69.055375 7.740790 5.486270 -123868.740044
32.675582 66.349296 4.729554 5.810623 -124041.745275
48.678456 62.614216 6.552565 8.948994 -123978.426566
41.691870 57.472682 4.813431 6.179304 -124115.944570
42.796890 64.066677 3.651906 5.951635 -123743.554041
45.488750 63.397507 5.095025 3.487827 -124096.662750
46.266360 76.943160 3.489381 7.431138 -123925.162679
44.362885 69.187482 1.808114 6.148524 -123990.576735
30.090103 71.548252 1.678105 8.125463 -124155.112017
43.439027 64.203695 4.982428 3.355933 -124054.599902
41.461556 69.424615 3.130586 5.981223 -123762.667160
43.242513 69.184192 2.683416 3.883906 -124103.425859
48.016074 65.923243 3.102546 6.557126 -123818.219924
46.531187 67.557962 6.742515 6.696088 -123468.245921
44.528405 61.209424 5.698090 5.962014 -123818.320230
52.484469 75.634928 1.488464 9.037571 -124132.647255
53.874218 67.557198 4.750198 7.327304 -124022.030712
51.499561 70.708247 7.690099 5.243736 -124092.941771
41.740053 66.431052 5.652819 5.734896 -123509.127558
47.549582 74.622657 4.039396 6.802663 -123846.316293
30.501683 68.305896 3.784875 6.031915 -124143.600510
41.612055 69.847096 3.688370 8.580514 -123429.361041
32.975996 69.272781 3.043399 7.051156 -123959.936030
42.855586 64.889137 1.959994 8.467677 -123804.533242
31.857731 67.414573 6.036125 5.900749 -124119.500734
42.563912 68.179710 4.790662 5.403027 -123617.560470
39.281725 69.833006 11.120424 6.945718 -124039.693676
52.006761 69.147059 6.275785 5.778022 -124006.130604
41.000545 75.179106 2.789144 5.857361 -124007.538175
39.890624 70.245314 7.080990 3.997908 -123842.354761
28.915039 64.407891 3.722961 8.151515 -124172.122229
55.142602 73.060639 4.418232 9.412503 -124155.675504
53.012580 67.683567 4.780742 5.814474 -124056.060401
52.353802 69.449995 6.932773 4.361157 -124163.384193
50.124349 76.126624 3.631740 7.299201 -124017.923483
37.147181 71.820045 3.854113 5.814288 -123876.187656
50.170976 67.725125 5.667074 5.572380 -123860.849052
48.035912 63.191833 5.000583 9.315554 -123685.213456
48.612995 64.767055 2.657781 4.918252 -124095.269028
43.241757 69.565985 9.590507 8.337738 -123886.965559
53.940819 70.974024 3.893597 5.461546 -124162.833683
48.606667 71.422674 9.359222 4.045675 -124039.812250
40.738991 66.154382 9.926847 7.737209 -123865.141860
46.278904 71.778678 8.747195 7.454682 -123795.660362
33.529675 63.976372 4.572584 5.323242 -124097.296664
37.749376 66.292791 10.300729 6.422792 -123926.430124
48.087266 59.295968 4.561691 5.322597 -124172.758124
44.247205 74.409751 3.744901 7.027649 -123744.385710
54.514659 71.051169 1.669163 7.504877 -124169.249624
38.090082 72.438387 5.233405 6.114739 -123741.540520
41.903610 61.184160 3.088832 5.577978 -123974.214265
33.585821 75.008165 3.972668 6.417679 -124093.644543
38.978996 62.324769 3.179751 5.650757 -123950.657405
30.044282 66.683882 4.909261 7.024490 -124156.400377
31.437015 67.539583 3.482235 5.944539 -124110.170615
50.242666 66.476768 2.947110 8.088816 -123796.059337
52.001547 65.047204 6.504409 8.586500 -124101.520037
44.831495 76.763167 4.674990 6.697846 -123911.055738
39.192445 75.909404 7.031769 6.704783 -123978.709442
34.600757 68.502778 2.165885 6.900012 -124000.690946
50.211148 74.040412 5.170866 5.653480 -124031.769777
39.357520 63.597737 1.967278 6.049432 -124030.180201
31.402341 67.539422 5.217135 6.321993 -124089.420799
36.632890 69.983126 2.753598 5.380415 -124015.532902
46.512266 62.876570 6.178045 7.422502 -123680.255445
51.803862 68.674080 5.273602 3.825171 -124166.651455
43.656646 74.705028 6.432802 5.794321 -123805.136538
42.207430 73.508627 5.633153 3.676179 -124049.717056
36.799400 70.175222 3.835074 6.297107 -123786.228535
50.187702 67.536989 4.238449 4.606665 -124033.153635
46.945901 73.129507 6.198556 7.142435 -123671.079818
39.879737 61.283529 5.227292 3.985285 -124041.649979
32.967593 72.514598 3.461448 5.637144 -124121.119771
32.659905 68.790643 5.942588 4.564251 -124162.526708
51.524107 62.833963 5.947452 5.768409 -124145.644004
49.534058 71.881865 6.415224 6.272267 -123834.811969
46.262069 67.300066 3.777447 5.139243 -123835.719034
53.012126 74.030123 4.225688 7.743591 -124052.635169
37.247703 63.981504 6.975634 5.234833 -123848.497463
44.768496 75.163657 3.040321 4.511616 -124132.209626
36.377371 70.102742 1.583043 8.114350 -123982.585580
49.081767 70.882857 5.672421 6.274217 -123741.906398
52.867548 66.156368 5.535528 8.374103 -123990.846981
32.118571 66.342490 2.954761 5.413707 -124157.275551
50.329933 67.368069 8.980869 7.148315 -124132.268031
46.416629 73.346508 5.562825 7.082146 -123648.805613
42.306857 58.757010 2.497429 6.026555 -124105.977797
39.264192 79.435284 3.903250 7.274264 -124088.676306
41.060333 64.866301 8.318275 3.896999 -123808.017290
39.285851 71.922188 6.529725 3.310087 -124066.286080
40.448515 77.543397 3.016865 6.186475 -124068.501343
44.114266 57.842465 5.557487 5.653605 -124149.666985
33.246532 70.021637 3.812807 5.630099 -124047.346484
37.593924 68.424904 9.837651 5.224206 -123823.539893
51.503153 65.540657 5.836113 5.203855 -124054.950657
47.106494 72.709722 1.581482 7.069026 -124049.258336
45.444011 72.637440 4.007313 6.424594 -123712.215622
46.727841 71.898601 6.899065 5.860577 -123676.403060
34.718399 66.786636 5.090273 4.810180 -124015.006894
53.863468 66.178309 6.001979 6.494168 -124163.605355
