78.866838 175.202369 3.414282 4.512963 -107284.078576
75.514734 182.108796 4.910805 5.208017 -106831.242101
79.509220 182.685831 11.690350 2.738935 -107050.342560
74.329213 186.197127 2.395609 4.414160 -107291.777201
73.426238 186.313578 2.606761 5.845619 -107241.706921
72.095654 181.988902 8.030081 4.972935 -107108.650130
81.859955 185.003934 2.386248 8.441741 -107247.885742
82.738959 184.325619 4.386745 5.815971 -107264.973464
78.112359 176.445793 4.362730 5.248142 -107093.309061
74.381195 185.614229 5.066702 4.935123 -107068.230360
74.900557 182.451900 5.396390 4.950381 -106837.213396
81.704899 181.321793 1.627775 6.638428 -107279.031878
76.526533 182.438080 2.552849 9.522938 -107152.395746
79.926508 181.429134 6.578408 2.630484 -107165.656237
75.591972 180.610683 2.830770 3.723285 -107156.904704
77.552926 182.886803 6.508335 5.134225 -106760.092540
78.728737 183.055133 3.544032 7.117690 -107007.402580
77.865190 185.046940 4.620350 2.498426 -107287.023135
71.903943 180.480440 6.050005 5.095464 -107092.335281
75.196746 182.593844 5.822733 6.805175 -106933.970245
79.608378 177.657008 4.731255 4.060250 -107112.038065
71.588422 183.365161 6.839200 5.090544 -107186.071853
74.155270 185.789622 3.489524 6.234574 -107129.509094
83.444211 179.264670 3.282246 5.944060 -107274.663018
74.945918 187.973293 3.353761 6.459259 -107242.094505
74.394474 187.560947 2.899008 6.042795 -107252.172833
76.761203 177.904050 2.978133 3.354113 -107242.691427
78.382460 179.866099 3.949971 4.141333 -107012.659028
75.833447 185.208038 5.468882 5.282154 -106961.966911
75.230655 177.599407 11.173197 4.787775 -107165.664133
77.785386 181.627859 5.177020 4.035044 -106875.278969
75.978017 178.911204 9.748891 4.742194 -106816.056409
73.358596 177.165792 2.824100 5.205792 -107223.203247
79.484796 175.558203 2.952121 5.755249 -107240.353293
73.492028 183.610856 3.946680 6.406772 -107040.000247
79.078443 178.214881 7.614881 3.587019 -106988.421908
71.997903 182.433967 5.257566 5.564385 -107082.539341
77.525539 180.740084 4.680589 6.558728 -106869.152021
79.454972 180.614382 2.635949 5.651534 -107096.873161
78.485984 181.324187 1.971266 5.284935 -107178.049361
78.354875 186.242499 4.657490 7.078368 -107133.045517
80.667927 179.318133 2.591564 4.197874 -107243.080974
73.601668 176.679776 8.290666 3.465627 -107273.844643
80.570593 177.280074 3.252915 5.110194 -107194.149166
79.443232 180.794886 4.406363 3.774293 -107048.406055
73.976538 180.064832 7.072986 4.784190 -106858.617082
77.234193 186.615010 7.043466 2.976425 -107250.442189
