112.789671 166.181240 6.404390 4.665852 -102293.252258
111.144545 165.953508 5.223282 4.721528 -102267.088540
110.759816 163.507568 6.237652 4.648112 -102258.378428
111.094513 165.653190 6.983222 4.158042 -102191.071552
112.351816 163.895310 6.338635 4.537205 -102271.172279
111.722188 163.411835 5.530823 4.145225 -102293.992979
110.555968 165.761767 4.670700 5.370849 -102300.011989
110.550254 163.997227 5.710629 5.473976 -102300.360096
110.519282 166.161222 6.660056 3.923156 -102220.511953
112.250643 166.183272 5.444826 4.808917 -102290.406847
110.499483 166.881510 7.192853 4.080977 -102245.817661
111.777612 164.235462 5.717295 5.437787 -102301.164226
112.957296 165.522787 5.902332 4.463588 -102293.489355
111.259158 166.409776 5.337213 4.114282 -102284.584589
108.765388 165.179331 5.735497 4.137260 -102297.175324
112.327359 166.066016 7.202616 3.647917 -102248.533556
112.024680 166.197730 10.019438 4.183084 -102259.837386
110.332166 165.415833 6.274647 5.359354 -102272.496470
112.939327 163.566408 7.336159 3.929808 -102300.489849
